Simulation Frame | Timestamp | Position | Velocity | Heading | Angular Velocity | Acceleration | Stopped at Red Light + Light ID 
3640 | 46.13921619951725 | 135.94920349121094,226.60577392578125,0.2561584711074829 | -0.003466925583779812,-2.5672857761383057,0.0011169766075909138 | 180.1 | -0.44942963123321533,-0.05417894199490547,3.5340452194213867 | 0.16290292143821716,-1.7713251113891602,0.08305546641349792 | 0,0
3650 | 46.2662869989872 | 135.94407653808594,226.2570037841797,0.2555255889892578 | -0.000858904852066189,-2.841294288635254,-0.0002417825162410736 | 180.0 | -0.37930524349212646,0.02842874638736248,3.407925844192505 | -0.3325887620449066,-2.377572536468506,0.02506726048886776 | 0,0
3660 | 46.39547269791365 | 135.94044494628906,225.89163208007812,0.2554696202278137 | 0.011963633820414543,-2.6999244689941406,0.0013786498457193375 | 179.7 | 0.4101884961128235,0.03490723669528961,3.0340607166290283 | 0.278618186712265,4.174635410308838,0.13581125438213348 | 0,0
3670 | 46.52330679818988 | 135.93856811523438,225.574951171875,0.2562006711959839 | 0.01745619997382164,-2.4544007778167725,0.0003523578052408993 | 179.6 | 0.2645168602466583,-0.016809578984975815,2.4779298305511475 | 0.10518749058246613,-0.6564498543739319,0.02521982416510582 | 0,0
3680 | 46.65123539790511 | 135.9376983642578,225.25213623046875,0.2561316192150116 | 0.019665712490677834,-2.6208183765411377,-0.000901798193808645 | 179.6 | -0.22968067228794098,0.0384586825966835,2.314246892929077 | -0.3439558148384094,-1.669815182685852,-0.11079954355955124 | 0,0
3690 | 46.78184859827161 | 135.93771362304688,224.8876953125,0.255666583776474 | 0.028188250958919525,-2.8690903186798096,0.001462875516153872 | 179.4 | -0.3241993486881256,-0.023873765021562576,2.2594282627105713 | 0.2896420657634735,-1.7378240823745728,0.06776171922683716 | 0,0
3700 | 46.90977579727769 | 135.9388427734375,224.52886962890625,0.2557446360588074 | 0.03117426112294197,-2.6363415718078613,0.00047146662836894393 | 179.3 | 0.47680550813674927,0.03737867996096611,1.8804361820220947 | 0.19525021314620972,5.078706741333008,-0.03598765656352043 | 0,0
3710 | 47.04263789951801 | 135.940673828125,224.21343994140625,0.2564931809902191 | 0.030999060720205307,-2.3418006896972656,0.0014307394158095121 | 179.2 | 0.2198045402765274,0.002845549024641514,1.4748640060424805 | 0.1737261265516281,-0.6685631275177002,0.04535406455397606 | 0,0
3720 | 47.170471999794245 | 135.9429473876953,223.90057373046875,0.25634101033210754 | 0.0363350585103035,-2.5156631469726562,0.00030020723352208734 | 179.2 | -0.31393226981163025,-0.03206177055835724,1.4367811679840088 | 0.16728366911411285,-1.8435665369033813,0.0461219921708107 | 0,0
3730 | 47.298264898359776 | 135.9459991455078,223.56201171875,0.2558229863643646 | 0.04291398823261261,-2.7631595134735107,0.0003760726540349424 | 179.1 | -0.3962218165397644,-0.027778808027505875,1.4230432510375977 | 0.18603400886058807,-2.17344331741333,0.0006518976879306138 | 0,0
3740 | 47.42471889778972 | 135.9499053955078,223.19979858398438,0.25544077157974243 | 0.04639933630824089,-2.898531436920166,0.0002898334350902587 | 179.1 | -0.05438997223973274,0.01193989533931017,1.2911368608474731 | 0.09158191084861755,1.245843768119812,-0.0019815266132354736 | 0,0
3750 | 47.55512519925833 | 135.9541015625,222.85955810546875,0.2561047375202179 | 0.03974400833249092,-2.370920419692993,0.0011611597146838903 | 179.0 | 0.736480712890625,0.05736512318253517,0.924101710319519 | -0.2592752277851105,2.727505922317505,0.08780761808156967 | 0,0
3760 | 47.68382729962468 | 135.9580841064453,222.55455017089844,0.2564907670021057 | 0.037740763276815414,-2.413161039352417,0.00043205561814829707 | 179.1 | -0.07900997251272202,0.04895331710577011,0.7387997508049011 | -0.4134756326675415,-1.3194167613983154,-0.03392666205763817 | 0,0
3770 | 47.81536789983511 | 135.96273803710938,222.22283935546875,0.25607845187187195 | 0.04680411145091057,-2.6359000205993652,0.0011054406641051173 | 179.0 | -0.3802451491355896,-0.015280061401426792,0.8056330680847168 | 0.15071159601211548,-1.8038945198059082,0.06532275676727295 | 0,0
3780 | 47.95351639762521 | 135.968505859375,221.83546447753906,0.2555088400840759 | 0.05237859487533569,-2.923401117324829,-0.0011695114662870765 | 179.0 | -0.3558625876903534,0.0029837670736014843,0.7592045068740845 | -0.12487368285655975,-2.3717246055603027,-0.16728036105632782 | 0,0
3790 | 48.082708198577166 | 135.9747772216797,221.4373321533203,0.25510236620903015 | 0.0582537017762661,-3.2081286907196045,0.00039864282007329166 | 179.0 | -0.2441149204969406,0.0018022310687229037,0.6960748434066772 | 0.1615249663591385,-2.248905658721924,0.04716230556368828 | 0,0
3800 | 48.21280199661851 | 135.98190307617188,221.00669860839844,0.2549116909503937 | 0.06557875126600266,-3.4072561264038086,0.0009881927398964763 | 178.9 | 0.03547750785946846,-0.007344480603933334,0.6858627200126648 | 0.08424868434667587,0.3433702886104584,0.027956858277320862 | 0,0
3810 | 48.34532879665494 | 135.98927307128906,220.57516479492188,0.2555025517940521 | 0.05998532474040985,-3.148980140686035,0.00036934862146154046 | 178.9 | 0.4623490869998932,0.015217237174510956,0.4886448383331299 | 0.04735955968499184,-0.21086017787456512,0.04549085348844528 | 0,0
3820 | 48.47846530005336 | 135.99685668945312,220.14739990234375,0.2557526230812073 | 0.06332933902740479,-3.271135091781616,0.000780921836849302 | 178.9 | -0.019124409183859825,-0.0016390039818361402,0.4369312524795532 | 0.08881542086601257,-1.3507543802261353,-0.07928133010864258 | 0,0
3830 | 48.60497899726033 | 136.0044403076172,219.7195587158203,0.2556229829788208 | 0.06620588898658752,-3.480139970779419,-9.195110760629177e-05 | 178.9 | -0.20298856496810913,-0.007971473969519138,0.3493010997772217 | 0.08595643192529678,-1.8045063018798828,-0.11708300560712814 | 0,0
3840 | 48.7339504994452 | 136.01300048828125,219.24876403808594,0.2552639842033386 | 0.07009023427963257,-3.7339773178100586,-0.0003896194975823164 | 178.9 | -0.2148188054561615,0.01585840806365013,0.27529242634773254 | -0.13302740454673767,-2.2953739166259766,0.21876750886440277 | 0,0
3850 | 48.86178109794855 | 136.0221710205078,218.7541961669922,0.2550370395183563 | 0.0779380053281784,-3.985171318054199,0.00028023048071190715 | 178.9 | -0.12896855175495148,-0.005518042482435703,0.298117458820343 | 0.042651526629924774,-1.3719881772994995,0.00040781093412078917 | 0,0
3860 | 48.995600797235966 | 136.03179931640625,218.23797607421875,0.2554253041744232 | 0.06910192966461182,-3.6658501625061035,0.0008671431569382548 | 178.9 | 0.7376640439033508,0.03688252717256546,0.12959231436252594 | -0.17865286767482758,4.854687690734863,0.05287114530801773 | 0,0
3870 | 49.1214758977294 | 136.0400848388672,217.79466247558594,0.25626078248023987 | 0.06685692816972733,-3.5098352432250977,-0.0005420646048150957 | 178.9 | 0.24462257325649261,0.005598845425993204,0.11703524738550186 | 0.01717793568968773,-0.5690039992332458,-0.12409944087266922 | 0,0
3880 | 49.251513697206974 | 136.04879760742188,217.32635498046875,0.25613677501678467 | 0.06881605088710785,-3.6566531658172607,-0.0014674129197373986 | 178.9 | -0.22000177204608917,-0.0018532859394326806,0.08082826435565948 | 0.00263502006419003,-1.691712498664856,-0.00483293179422617 | 0,0
3890 | 49.377100098878145 | 136.0576171875,216.8527069091797,0.25579169392585754 | 0.07235541194677353,-3.868635416030884,0.00028165176627226174 | 178.9 | -0.3146646022796631,-0.0032205930911004543,0.055783454328775406 | 0.017169781029224396,-1.8771800994873047,-0.05262305960059166 | 0,0
3900 | 49.50722609832883 | 136.0671844482422,216.33621215820312,0.25541895627975464 | 0.07659278810024261,-4.116252899169922,-0.00019437307491898537 | 178.9 | -0.26097622513771057,-0.004546117037534714,0.03423832729458809 | 0.022110523656010628,-1.805179238319397,0.02385880798101425 | 0,0
3910 | 49.63444979861379 | 136.0773162841797,215.790283203125,0.25508975982666016 | 0.08093564957380295,-4.357056617736816,2.9731827453360893e-05 | 178.9 | -0.15062253177165985,-0.003911914769560099,0.022222163155674934 | 0.035279177129268646,-1.8611936569213867,-0.06227407976984978 | 0,0
3920 | 49.76264359802008 | 136.08786010742188,215.22044372558594,0.2549460232257843 | 0.08455968648195267,-4.5643134117126465,0.0015354936476796865 | 178.9 | -0.0383257158100605,-0.0014152182266116142,0.0101370420306921 | 0.024471182376146317,-1.3330804109573364,0.2670535147190094 | 0,0
3930 | 49.890808299183846 | 136.09884643554688,214.6263427734375,0.25505781173706055 | 0.0849926546216011,-4.593775749206543,-0.0002074448566418141 | 178.9 | 0.3074171543121338,0.006044046021997929,-0.005744141526520252 | -0.04215485230088234,2.2747294902801514,0.014088566415011883 | 0,0
3940 | 50.0197809971869 | 136.10922241210938,214.06448364257812,0.2558855712413788 | 0.07796433568000793,-4.255842208862305,-2.3829239580663852e-05 | 179.0 | 0.5063857436180115,0.013400888070464134,-0.026875784620642662 | -0.01696244813501835,0.3616914451122284,0.012913678772747517 | 0,0
3950 | 50.14418959990144 | 136.11892700195312,213.53285217285156,0.25622305274009705 | 0.07717329263687134,-4.273130893707275,0.00022278893447946757 | 179.0 | 0.03433972969651222,0.0031855949200689793,-0.04201741889119148 | 0.0008990278001874685,-0.45668911933898926,-0.01860719732940197 | 0,0
3960 | 50.271554198116064 | 136.12889099121094,212.9803924560547,0.25607913732528687 | 0.07698523998260498,-4.358875751495361,0.0010638588573783636 | 179.0 | -0.14982718229293823,0.0009803951252251863,-0.07499261200428009 | -0.0038596109952777624,-0.8098828792572021,0.1949315220117569 | 0,0
3970 | 50.401151698082685 | 136.138916015625,212.4127655029297,0.25583797693252563 | 0.07653693854808807,-4.467116355895996,0.00016806370695121586 | 179.0 | -0.15997472405433655,0.0012524393387138844,-0.11851982027292252 | -0.0039794305339455605,-0.8516969084739685,0.008034027181565762 | 0,0
3980 | 50.532577097415924 | 136.149169921875,211.81344604492188,0.255659818649292 | 0.07459720224142075,-4.54739236831665,0.0020881921518594027 | 179.1 | -0.03701893985271454,0.004740953911095858,-0.1776258498430252 | -0.03972261771559715,0.5349568724632263,0.0327613539993763 | 1,6
3990 | 50.65798529982567 | 136.157958984375,211.27902221679688,0.2562047243118286 | 0.06322242319583893,-4.063908576965332,-0.0012602743227034807 | 179.1 | 0.7685759663581848,0.015365086495876312,-0.23842459917068481 | -0.12080573290586472,6.21872091293335,-0.11610099673271179 | 1,6
4000 | 50.78637569770217 | 136.1652069091797,210.81997680664062,0.2576523423194885 | 0.04484489932656288,-3.077921152114868,0.0007796669378876686 | 179.2 | 1.1191309690475464,0.01701752096414566,-0.24067606031894684 | -0.13095524907112122,7.9354023933410645,0.018152957782149315 | 1,6
4010 | 50.9156483002007 | 136.17005920410156,210.4969940185547,0.25902873277664185 | 0.02778463065624237,-2.040449857711792,0.0014791267458349466 | 179.2 | 0.8498839735984802,0.009748483076691628,-0.18919923901557922 | -0.12388742715120316,7.768845558166504,0.1342235803604126 | 1,6
4020 | 51.04554259777069 | 136.1728057861328,210.30772399902344,0.2599368095397949 | 0.013046818785369396,-1.0041019916534424,0.000580495863687247 | 179.3 | 0.484016090631485,-0.0010240660049021244,-0.13143369555473328 | -0.10695291310548782,7.646853446960449,0.0776115134358406 | 1,6
4030 | 51.170808497816324 | 136.17340087890625,210.26760864257812,0.26064980030059814 | -1.3146297533239704e-05,7.993169128894806e-05,-0.0007653555367141962 | 179.3 | -0.0560193732380867,-0.0013668355531990528,-4.132290632696822e-05 | 0.001190673210658133,0.025845114141702652,0.0523330457508564 | 1,6
4040 | 51.29731319844723 | 136.17340087890625,210.26708984375,0.25964194536209106 | -1.9893755961675197e-05,0.0012737493962049484,0.0016486775130033493 | 179.3 | -1.0302931070327759,-0.01505097933113575,-0.00017305764777120203 | -0.0002807127602864057,0.002492890227586031,0.14764541387557983 | 1,6
4050 | 51.42446829751134 | 136.17343139648438,210.266357421875,0.2582750618457794 | -3.1918720196699724e-05,0.001168515533208847,0.0001677018590271473 | 179.3 | -0.9163482785224915,-0.01466812938451767,-7.189965253928676e-05 | -2.9227907361928374e-05,-0.002309081144630909,0.028866851702332497 | 1,6
4060 | 51.55467079952359 | 136.17343139648438,210.26580810546875,0.25719931721687317 | -1.1404174983908888e-05,0.0007641033735126257,0.001982833491638303 | 179.3 | -0.5811170339584351,-0.009503773413598537,4.420487675815821e-05 | 5.3182844567345455e-05,-0.002946999855339527,-0.0013613776536658406 | 1,6
4070 | 51.68166349828243 | 136.17344665527344,210.26541137695312,0.25662291049957275 | -6.353789103741292e-06,0.0004383050254546106,-5.93109962210292e-06 | 179.3 | -0.3287004232406616,-0.005225302651524544,2.2031857952242717e-05 | 3.637740883277729e-05,-0.0023068529553711414,-0.02023383043706417 | 1,6
4080 | 51.80733849853277 | 136.17344665527344,210.26524353027344,0.2563972771167755 | -1.0216220971415169e-06,7.957597699714825e-05,0.00017860109801404178 | 179.3 | -0.05875913426280022,-0.0006081907777115703,1.340730023002834e-06 | -3.644342359621078e-05,0.0011208811774849892,-0.0735798105597496 | 1,6
4090 | 51.93896909803152 | 136.17344665527344,210.26516723632812,0.25626489520072937 | -1.5950151919241762e-06,0.00011782949877670035,0.0004373963747639209 | 179.3 | -0.08729053288698196,-0.0011842309031635523,4.374882337288e-06 | -9.277624712922261e-08,-5.381433948059566e-05,-0.03197994828224182 | 1,6
4100 | 52.06200749799609 | 136.17344665527344,210.26510620117188,0.2561797797679901 | -1.2187535958219087e-06,8.780286589171737e-05,0.0002914642100222409 | 179.3 | -0.06494096666574478,-0.0009591180132701993,3.449395535426447e-06 | 1.1714430911524687e-05,-0.00029967675800435245,-0.02505079098045826 | 1,6
4110 | 52.185165997594595 | 136.17344665527344,210.26507568359375,0.25613242387771606 | 0.0,0.0,0.0 | 179.3 | 0.0,0.0,0.0 | 6.538729940075427e-05,-0.004768530372530222,-0.026100896298885345 | 1,6
4120 | 52.31521339714527 | 136.17344665527344,210.2650604248047,0.25606030225753784 | -4.084539284576749e-07,2.6116067601833493e-05,-0.002081414218991995 | 179.3 | -0.019230272620916367,-0.00032746311626397073,7.86585871992429e-07 | 4.047859874845017e-06,4.6525845391443e-05,-0.2550174295902252 | 1,6
4130 | 52.444622699171305 | 136.17344665527344,210.26502990722656,0.2560562193393707 | -3.028247874681256e-07,2.146846782125067e-05,0.000582776265218854 | 179.3 | -0.015828214585781097,-0.00023983210849110037,7.802199206707883e-07 | 2.9249299586808775e-06,-4.705095852841623e-05,-0.029397528618574142 | 1,6
4140 | 52.574948597699404 | 136.17344665527344,210.2650146484375,0.2560043931007385 | -1.7056102308288246e-07,1.3207831216277555e-05,0.0008199905278161168 | 179.3 | -0.009740233421325684,-0.00010273654334014282,5.172715873413836e-07 | -5.1626493586809374e-06,-5.62992318009492e-05,-0.03500179946422577 | 1,6
4150 | 52.70045519992709 | 136.17344665527344,210.2650146484375,0.2561129331588745 | -7.995186734888193e-08,5.510665232577594e-06,0.001319072674959898 | 179.3 | -0.004051670897752047,-5.414710540208034e-05,1.520260894949388e-07 | -4.2871424739132635e-06,1.3866295375919435e-05,0.09504497051239014 | 1,6
4160 | 52.831536296755075 | 136.17344665527344,210.2650146484375,0.2560763955116272 | 4.694993283038684e-09,5.05009529661038e-06,0.0010378359584137797 | 179.3 | -0.003718875115737319,-1.7488609955762513e-05,1.6454718831937498e-07 | 1.0973531971103512e-05,-8.512811291438993e-06,0.0432494655251503 | 1,6
4170 | 52.96361289918423 | 136.17344665527344,210.2650146484375,0.25603947043418884 | -1.0096006519688672e-07,3.265412487962749e-06,-8.013646584004164e-05 | 179.3 | -0.0024075147230178118,-5.935460649197921e-05,1.31703714600917e-07 | -5.4920865295571275e-06,-1.1667651961033698e-05,-0.09807155281305313 | 1,6
4180 | 53.0865994989872 | 136.17344665527344,210.2650146484375,0.2560186982154846 | 1.1928591447940562e-09,1.0915433676927933e-06,0.0007303333259187639 | 179.3 | -0.0008015056373551488,1.1168307537445799e-05,2.3853655051198075e-08 | 4.4557995693139674e-07,6.152097284939373e-06,-0.03240271285176277 | 1,6
4190 | 53.21131789684296 | 136.17344665527344,210.2650146484375,0.2560267448425293 | -1.330593590864737e-07,1.1951970009249635e-06,0.000619672064203769 | 179.3 | -0.000880400650203228,-7.816695870133117e-05,5.491303767257705e-08 | -1.4317034583655186e-05,-2.500625214452157e-06,-0.022219901904463768 | 1,6
4200 | 53.33608079701662 | 136.17344665527344,210.2650146484375,0.2560062110424042 | 7.231253107420343e-08,8.345940045728639e-07,0.0015358512755483389 | 179.3 | -0.0006148229003883898,5.3856878366786987e-05,2.459362313800284e-08 | 6.544168627442559e-06,-2.7901326120627346e-06,0.15656322240829468 | 1,6
4210 | 53.465708296746016 | 136.17344665527344,210.2650146484375,0.2559148073196411 | 5.812933778770457e-08,1.6690893289705855e-07,-0.00495420815423131 | 179.3 | -0.00012083689216524363,2.7430749469203874e-05,-6.665936691518937e-09 | 8.342758519575e-06,4.68342568638036e-06,-0.46202847361564636 | 1,6
4220 | 53.59074899926782 | 136.17344665527344,210.2650146484375,0.2559700310230255 | -5.7821679888547806e-08,2.7140242764289724e-07,0.001713184523396194 | 179.3 | -0.00019996306218672544,-2.9745940992143005e-05,1.586484010829281e-08 | -7.955118235258851e-06,-4.030568447888072e-07,0.2071230113506317 | 1,6
4230 | 53.71599489822984 | 136.17344665527344,210.2650146484375,0.2560117542743683 | 1.0427256391665196e-08,1.9638287085399497e-07,0.0015115265268832445 | 179.3 | -0.00014454912161454558,3.7626336961693596e-06,9.501422759683464e-09 | -3.883299086737679e-06,-4.123465942029725e-07,0.12806926667690277 | 1,6
4240 | 53.8413142003119 | 136.17344665527344,210.2650146484375,0.2560051679611206 | 3.974573914433677e-08,1.0851741905071322e-07,2.5936677047866397e-05 | 179.3 | -8.020242239581421e-05,8.985372005554382e-06,-4.8342042174853717e-11 | 8.69716768647777e-06,-2.2448409708886174e-06,-0.15476422011852264 | 1,6
4250 | 53.967849899083376 | 136.17344665527344,210.2650146484375,0.25594329833984375 | -4.1851457410757575e-08,4.854219071148691e-08,6.169503467390314e-05 | 179.3 | -3.6283086956245825e-05,-2.027740265475586e-05,8.926209993376233e-09 | -7.006331088632578e-06,-1.64879008934804e-06,-0.052369751036167145 | 1,6
4260 | 54.09482869878411 | 136.17344665527344,210.2650146484375,0.25595375895500183 | 4.691664656775174e-08,5.097060551406685e-08,0.0005295001319609582 | 179.3 | -3.736579674296081e-05,3.6004334106110036e-05,-2.5127830927118566e-09 | 4.266529231244931e-06,6.036357831362693e-07,0.030263885855674744 | 1,6
4270 | 54.22187449783087 | 136.17344665527344,210.2650146484375,0.2559641897678375 | -1.6811062764077178e-08,4.765743000234579e-08,-0.0009794721845537424 | 179.3 | -3.463080429355614e-05,-1.0234915862383787e-05,1.5345519299714283e-09 | -2.6046368475363124e-06,1.5323510069720214e-06,-0.0993136540055275 | 1,6
4280 | 54.34617579728365 | 136.17344665527344,210.2650146484375,0.25599944591522217 | -1.9063897127580276e-09,1.5593222713050636e-08,0.0014881379902362823 | 179.3 | -1.1427215213188902e-05,-1.4582453786715632e-06,3.0275315587857676e-10 | -8.22507502107328e-08,1.4038516837899806e-07,0.0452241450548172 | 1,6
4290 | 54.47241299971938 | 136.17344665527344,210.2650146484375,0.25598135590553284 | -3.640694501427788e-08,1.0557312357661885e-08,6.0598384152399376e-05 | 179.3 | -7.491816631954862e-06,-4.1999315726570785e-05,-2.20004769957427e-09 | 3.2130365070770495e-06,1.8328523765376303e-07,0.03342331945896149 | 1,6
4300 | 54.596893798559904 | 136.17344665527344,210.2650146484375,0.25601726770401 | 1.1884433348541279e-07,4.930302277550425e-10,0.0015971299726516008 | 179.3 | -6.715688982694701e-07,7.302454469026998e-05,-1.2764026280365215e-08 | 1.718911516945809e-05,-1.9065573724219576e-06,0.01650577038526535 | 1,6
4310 | 54.72068499773741 | 136.17344665527344,210.2650146484375,0.2560094892978668 | -7.383970057617262e-08,-1.373638003343558e-08,0.0005373806925490499 | 179.3 | 9.767220035428181e-06,-5.255539508652873e-05,7.21256343538812e-09 | -6.533732630487066e-06,-1.210428990816581e-06,0.01394612342119217 | 1,6
4320 | 54.84713699668646 | 136.17344665527344,210.2650146484375,0.25597384572029114 | -5.4262535797988676e-08,-7.2192278821603395e-09,-0.0006604003137908876 | 179.3 | 4.733251898869639e-06,-2.4506720365025103e-05,6.996043744322833e-09 | -6.6061329562217e-06,-1.207036575578968e-06,-0.12492834031581879 | 1,6
4330 | 54.97387709841132 | 136.17344665527344,210.2650146484375,0.2559688091278076 | 8.045628874242539e-08,1.3988516123220052e-08,0.0010050231358036399 | 179.3 | -9.820049854170065e-06,5.0361177272861823e-05,-5.765891319953198e-09 | 3.5658783872349886e-06,1.184220764116617e-06,0.08855950087308884 | 1,6
4340 | 55.10180629789829 | 136.17344665527344,210.2650146484375,0.2559811770915985 | 1.628388446306417e-08,2.9276736590588825e-09,0.0010064525995403528 | 179.3 | -1.5621455986547517e-06,-5.764441539213294e-06,-2.8157345344226314e-09 | 5.199060524319066e-07,1.1935467227885965e-06,0.13123942911624908 | 1,6
4350 | 55.225423999130726 | 136.17344665527344,210.2650146484375,0.2559976577758789 | -4.050152657697481e-09,-1.0844666498144306e-08,-0.0004118871584068984 | 179.3 | 7.573659786430653e-06,2.7667967970046448e-06,3.133554526968396e-09 | -2.5102897325268714e-06,-1.1818434586530202e-06,-0.10191358625888824 | 1,6
4360 | 55.35272979736328 | 136.17344665527344,210.2650146484375,0.2559772729873657 | 3.360724676326754e-08,-5.0959738651101816e-09,0.0014713956043124199 | 179.3 | 4.3184604692214634e-06,-1.1413460015319288e-05,-1.3586899605400049e-08 | 1.5492578313569538e-05,3.201873539637745e-07,0.15777522325515747 | 1,6
4370 | 55.477774400264025 | 136.17344665527344,210.2650146484375,0.2560034394264221 | 9.00463419384323e-08,1.2848054176117785e-08,-2.2723193978890777e-05 | 179.3 | -9.033112291945145e-06,6.199237395776436e-05,-5.792515356262129e-09 | 3.832452875940362e-06,1.2110492662031902e-06,-0.04801459237933159 | 1,6
4380 | 55.60633299872279 | 136.17344665527344,210.2650146484375,0.25600671768188477 | -2.1565606189710707e-08,-2.658537034960773e-08,-4.1956229779316345e-07 | 179.3 | 1.910239916469436e-05,-8.71565589477541e-06,2.827479583800141e-09 | -3.2455991458846256e-06,-1.2998815464015934e-06,-0.17070390284061432 | 1,6
4390 | 55.73134030029178 | 136.17344665527344,210.2650146484375,0.2560608983039856 | -4.20051122773657e-08,1.4145428828271633e-08,-0.00016850275278557092 | 179.3 | -1.0052763173007406e-05,-5.46289884368889e-05,-3.3032682145162084e-10 | 4.183527266832243e-07,1.826058060316882e-08,-0.097657211124897 | 1,6
4400 | 55.8675290979445 | 136.17344665527344,210.2650146484375,0.2560156583786011 | -6.974275379434403e-08,4.298590094986565e-10,0.0012757035437971354 | 179.3 | -1.4415225280117738e-07,-4.253715815139003e-05,4.494685956757394e-09 | -6.279121407715138e-06,9.822359743338893e-07,-0.02787780575454235 | 1,6
4410 | 55.99491519853473 | 136.17344665527344,210.2650146484375,0.2560493052005768 | -2.2111865671803344e-09,-2.7371859445679547e-08,-0.0005497185047715902 | 179.3 | 1.9437229639152065e-05,-1.99930718736141e-06,2.257934728078226e-09 | -1.0692615148855111e-07,-2.1405546704045264e-06,-0.06872735917568207 | 1,6
4420 | 56.11891319975257 | 136.17344665527344,210.2650146484375,0.25610607862472534 | -4.797630026587285e-08,-1.3151988831339168e-08,0.0007509103161282837 | 179.3 | 8.645917660032865e-06,-1.0281660252076108e-05,1.4526801095371411e-08 | -1.5334009731304832e-05,-2.6853726922126953e-06,-0.015440408140420914 | 1,6
4430 | 56.24525040015578 | 136.17344665527344,210.2650146484375,0.25608211755752563 | -1.2432631990577647e-07,1.333653409929525e-09,0.0007756943232379854 | 179.3 | -1.8311068288312526e-06,-5.649258309858851e-05,1.8786346700494505e-08 | -1.832788620959036e-05,-1.4087281670072116e-06,0.10868287086486816 | 1,6
4440 | 56.36993149667978 | 136.17344665527344,210.2650146484375,0.256055623292923 | 0.0,0.0,0.0 | 179.3 | 0.0,0.0,0.0 | 8.177027666533832e-06,2.110182776959846e-06,0.023927725851535797 | 1,6
4450 | 56.49858469888568 | 136.17344665527344,210.2650146484375,0.2559994161128998 | -1.0320990728729385e-09,-5.614094744643694e-10,-0.0015834546647965908 | 179.3 | 3.292081771633093e-07,-1.758856888045557e-05,-1.1342956574011964e-09 | 2.7610897177510196e-06,-8.824010819807881e-07,-0.013730565086007118 | 1,6
4460 | 56.62123739719391 | 136.17344665527344,210.2650146484375,0.25602421164512634 | -9.524605104616057e-08,-5.037532058160821e-10,0.00033601466566324234 | 179.3 | -6.792392923671287e-07,-2.3280306777451187e-05,1.9757647962137526e-08 | -2.1822250346303917e-05,-1.4875304259476252e-06,-0.04364442080259323 | 1,6
4470 | 56.74573479965329 | 136.17344665527344,210.2650146484375,0.25603199005126953 | 7.626402265259458e-08,3.0139275519758257e-09,0.0007958045462146401 | 179.3 | -2.0163818135188194e-06,4.503402305999771e-05,-1.0811342932015577e-08 | 1.250039531441871e-05,2.2789922127230966e-07,0.11943009495735168 | 1,6
4480 | 56.87378699705005 | 136.17344665527344,210.2650146484375,0.2561187446117401 | 1.0781627679534722e-07,1.873311283873136e-09,-5.78518993279431e-05 | 179.3 | -1.396964989908156e-06,6.210899300640449e-05,-8.959167629996045e-09 | 1.2215324204589706e-05,-9.734006880535162e-07,-0.09824912995100021 | 1,6
4490 | 56.999535497277975 | 136.17344665527344,210.2650146484375,0.2561365067958832 | -5.920550094629107e-08,2.563862011584206e-09,0.0008793671149760485 | 179.3 | -1.7325264707324095e-06,-3.435297912801616e-05,6.730416668432326e-09 | -7.5132625170226675e-06,8.459281275463582e-07,0.05882413312792778 | 1,6
4500 | 57.12146409973502 | 136.17344665527344,210.2650146484375,0.2561091184616089 | -2.7327459406478738e-08,2.414185518162526e-09,0.0004525126423686743 | 179.3 | -1.683478444647335e-06,-4.563366383081302e-05,-3.4343783372747794e-09 | 6.45223099127179e-06,-1.1421183216953068e-06,-0.026534682139754295 | 1,6
4510 | 57.245986100286245 | 136.17344665527344,210.2650146484375,0.2560453414916992 | 3.0669480288736395e-09,-1.2015668460207962e-09,-0.0019253710051998496 | 179.3 | 9.163578624793445e-07,-1.803728764571133e-06,1.2254512959941621e-09 | -2.4076025511021726e-06,-5.972232486328721e-08,-0.16731487214565277 | 1,6
4520 | 57.37088309973478 | 136.17344665527344,210.2650146484375,0.2560264766216278 | 1.5368339489896243e-08,-1.902345836413133e-08,0.000574158038944006 | 179.3 | 1.3242529348644894e-05,2.0061037503182888e-05,3.1962135160767957e-09 | -4.5339081111706037e-07,-2.290037173224846e-06,-0.0421149767935276 | 1,6
4530 | 57.50296079739928 | 136.17344665527344,210.2650146484375,0.25596684217453003 | -1.7594361523265434e-08,-8.801285922288571e-09,-0.001563235535286367 | 179.3 | 6.487809969257796e-06,-3.756972364499234e-05,-2.531136633621145e-09 | 4.287265255698003e-06,-8.87778696778696e-07,-0.1399298459291458 | 1,6
4540 | 57.62520049884915 | 136.17344665527344,210.2650146484375,0.2560173273086548 | 0.0,0.0,0.0 | 179.3 | 0.0,0.0,0.0 | 8.928545867092907e-07,8.154540864779847e-07,-0.12175840139389038 | 1,6
4550 | 57.75436059758067 | 136.17344665527344,210.2650146484375,0.2559548616409302 | -1.3704601542485761e-07,-2.1245363246436e-09,0.0011569798225536942 | 179.3 | 7.879560826040688e-07,-7.121446105884388e-05,1.731290666384666e-08 | -1.8728482245933264e-05,-1.5664550119254272e-06,0.412601500749588 | 1,6
4560 | 57.88173159956932 | 136.17344665527344,210.2650146484375,0.25599727034568787 | -5.4438114460708675e-08,-1.3249733754605586e-08,0.0003480378072708845 | 179.3 | 8.665324457979295e-06,-1.2742317267111503e-05,1.3296147294283855e-08 | -1.3626907275465783e-05,-2.641205128384172e-06,-0.0711008608341217 | 1,6
4570 | 58.00969269871712 | 136.17344665527344,210.2650146484375,0.25598543882369995 | -9.990149862915132e-08,1.6014086723359355e-09,-0.0032280206214636564 | 179.3 | -4.887747309112456e-07,-7.223690045066178e-05,4.7461847785257305e-09 | -1.0621619367157109e-05,1.91738013199938e-06,-0.2731708288192749 | 1,6
4580 | 58.13375499844551 | 136.17344665527344,210.2650146484375,0.2559988796710968 | 3.097763467962977e-08,-1.089524470643255e-08,0.0014166332548484206 | 179.3 | 8.418527613685e-06,-2.4764508452790324e-06,-4.678764931043133e-09 | 4.359048489277484e-06,7.612511154775348e-08,0.18431665003299713 | 1,6
4590 | 58.26256909966469 | 136.17344665527344,210.2650146484375,0.2560049891471863 | 2.6347192871867264e-08,6.143730413299409e-09,0.000595983350649476 | 179.3 | -4.740966232930077e-06,3.50150148733519e-05,4.961254740365462e-10 | -1.985450097663488e-07,2.0788387899983718e-08,-0.030173631384968758 | 1,6
4600 | 58.38880719989538 | 136.17344665527344,210.2650146484375,0.2559945285320282 | -1.4376762180745573e-07,-5.6162878792065385e-09,-0.00020296328875701874 | 179.3 | 3.518303856253624e-06,-8.887198782758787e-05,1.7113823247427717e-08 | -2.14939282159321e-05,-1.4942930874894955e-06,-0.06364115327596664 | 1,6
4610 | 58.51967419683933 | 136.17344665527344,210.2650146484375,0.2559490501880646 | -1.0049132015410578e-07,-2.8647470173837064e-08,-0.0007155108032748103 | 179.3 | 2.027595655818004e-05,-6.862637383164838e-05,9.06554475932353e-09 | -8.843864634400234e-06,-2.3899585812614532e-06,0.10387472808361053 | 1,6
4620 | 58.64801310002804 | 136.17344665527344,210.2650146484375,0.2559846043586731 | -4.89784319768205e-08,-9.847562765230577e-09,-0.0016237462405115366 | 179.3 | 6.6784095906768925e-06,-2.2216501747607253e-05,6.9810108804801985e-09 | -8.31790930533316e-06,-1.2145139862695942e-06,-0.21580642461776733 | 1,6
4630 | 58.77645689994097 | 136.17344665527344,210.2650146484375,0.256007581949234 | 2.9072351637182692e-08,-2.4922250929648726e-09,0.0016593914479017258 | 179.3 | 1.8672600390345906e-06,3.1433262392965844e-07,-8.61818971742423e-09 | 1.1574093150557019e-05,-8.857713282850455e-07,0.04847722873091698 | 1,6
4640 | 58.90514129772782 | 136.17344665527344,210.2650146484375,0.25598230957984924 | -6.321488399407826e-08,-5.930776425522311e-10,0.0013343249447643757 | 179.3 | 9.380687515658792e-07,-7.974259642651305e-05,-3.2550471207315468e-09 | 3.8468615457532e-06,8.600290613003381e-08,0.2503611445426941 | 1,6
4650 | 59.03371210023761 | 136.17344665527344,210.2650146484375,0.2559528648853302 | -1.2603381449594053e-08,-1.1940606725602265e-08,0.0011333239963278174 | 179.3 | 8.39645326777827e-06,-6.8195972744433675e-06,5.49233014623951e-09 | -5.9052313190477435e-06,-1.330921918452077e-06,-0.014197486452758312 | 1,6
4660 | 59.160241696983576 | 136.17344665527344,210.2650146484375,0.2559455335140228 | 1.3958992894913536e-07,1.9035638842979097e-08,-0.003933947067707777 | 179.3 | -1.3117303751641884e-05,7.22376280464232e-05,-1.2829915796430669e-08 | 1.8973194528371096e-05,1.4086108421906829e-06,-0.39567282795906067 | 1,6
4670 | 59.28702859953046 | 136.17344665527344,210.2650146484375,0.2559886574745178 | -1.356465428870024e-08,-8.992606659319335e-09,0.0008784652454778552 | 179.3 | 6.04322394792689e-06,6.096452125348151e-06,3.061437103824005e-09 | -6.775883321097353e-07,-1.1514009656821145e-06,-0.02100600115954876 | 1,6
4680 | 59.413617096841335 | 136.17344665527344,210.2650146484375,0.2559356987476349 | -1.9979529142233332e-09,1.2311226482708548e-09,0.0003140631888527423 | 179.3 | -9.471870612287603e-07,-2.013381163123995e-05,-4.870082115360219e-10 | 2.4215260054916143e-06,-1.097644712899637e-06,0.07437331974506378 | 1,6
4690 | 59.545922700315714 | 136.17344665527344,210.2650146484375,0.25590038299560547 | -2.464871862173368e-08,1.0289891161363585e-09,0.0025572897866368294 | 179.3 | -5.374380407374701e-07,-3.2964446290861815e-05,-3.5970382228356357e-10 | 2.4920342411860474e-07,8.275390150913609e-09,0.26012122631073 | 1,6
4700 | 59.67136649787426 | 136.17344665527344,210.2650146484375,0.255977064371109 | -7.728310436050378e-08,8.669907014535738e-10,-0.00028482539346441627 | 179.3 | -9.758354053701623e-07,-3.500440652715042e-05,8.147898356014593e-09 | -9.185562703351025e-06,-1.2688360584434122e-07,0.0031187275890260935 | 1,6
4710 | 59.795432299375534 | 136.17344665527344,210.2650146484375,0.2560229003429413 | 9.93020847772641e-08,1.6348370435181891e-09,0.0011806644033640623 | 179.3 | -1.0650061312844628e-06,6.503234180854633e-05,-7.80780329279196e-09 | 7.918184564914554e-06,1.7491342418907152e-07,0.01644875667989254 | 1,6
4720 | 59.922332998365164 | 136.17344665527344,210.2650146484375,0.2560177147388458 | 3.961229566584734e-08,2.090646544772312e-09,-0.00032786946394480765 | 179.3 | -1.7828065210778732e-06,4.550726225716062e-05,2.3214969946394604e-09 | -3.3544217785674846e-06,-4.6164004174897855e-08,-0.07646637409925461 | 1,6
4730 | 60.04877819865942 | 136.17344665527344,210.2650146484375,0.2560107707977295 | -7.737670415508546e-08,-2.7326380047654197e-10,0.00023828395933378488 | 179.3 | -2.9881835672540547e-08,-4.3453761463752016e-05,1.0263984329128562e-08 | -1.2705979315796867e-05,-2.1601778144031414e-07,-0.11656560003757477 | 1,6
4740 | 60.174511298537254 | 136.17344665527344,210.2650146484375,0.2559712529182434 | 9.888053043027867e-09,-1.36057023425451e-08,-0.000979345291852951 | 179.3 | 1.0142879546037875e-05,-2.4048627892625518e-05,-8.007796203912676e-09 | 1.2830430023313966e-05,-9.279208939005912e-07,-0.00803311262279749 | 1,6
4750 | 60.299305599182844 | 136.17344665527344,210.2650146484375,0.2559637725353241 | 1.277401509014453e-07,1.653329739781384e-08,0.00014754374569747597 | 179.3 | -1.1366011676727794e-05,6.54597461107187e-05,-1.8626680642341853e-08 | 2.1453866793308407e-05,1.5230311873892788e-06,0.013955755159258842 | 1,6
4760 | 60.42595610022545 | 136.17344665527344,210.2650146484375,0.25595539808273315 | -1.341313833336244e-07,-3.6860342556011005e-10,-0.0005938793765380979 | 179.3 | -6.545446922245901e-07,-6.129640678409487e-05,1.524229453764292e-08 | -1.7029264199663885e-05,-1.4256535223466926e-06,-0.14246012270450592 | 1,6
4770 | 60.557435899972916 | 136.17344665527344,210.2650146484375,0.2559002935886383 | 0.0,0.0,0.0 | 179.3 | 0.0,0.0,0.0 | -1.5243683719745604e-06,-2.75570471330866e-07,-0.05233702063560486 | 1,6
4780 | 60.68012920022011 | 136.17344665527344,210.2650146484375,0.2559688091278076 | 1.017006425740874e-07,1.438727448288546e-08,0.0007746443152427673 | 179.3 | -9.744954695634078e-06,6.204034434631467e-05,-1.0099750369363392e-08 | 7.132191058190074e-06,2.5150266083073802e-06,-0.03166332468390465 | 1,6
4790 | 60.80591109767556 | 136.17344665527344,210.2650146484375,0.25598400831222534 | 1.520974635127459e-08,2.5613366982923935e-10,0.0009402973228134215 | 179.3 | -2.0026898539526883e-07,1.1863482541230042e-05,1.8913564048261833e-09 | -3.0403871278394945e-06,-3.685871163838783e-08,0.049012441188097 | 1,6
4800 | 60.93553080037236 | 136.17344665527344,210.2650146484375,0.25595521926879883 | -1.0334169786574421e-07,-3.530189474076906e-10,0.0017237928695976734 | 179.3 | 1.6554068338336947e-07,-7.116223423508927e-05,8.583437960396623e-09 | -8.689701644470915e-06,-1.357088734721401e-07,0.1622338742017746 | 1,6
4810 | 61.06783849745989 | 136.17344665527344,210.2650146484375,0.2560119330883026 | -3.965713446518748e-08,-1.663170157151228e-10,0.0015046827029436827 | 179.3 | 9.772947606734306e-08,-7.4108261287619825e-06,6.30775165433306e-09 | -9.760467037267517e-06,1.0366130709371646e-06,0.020245900377631187 | 1,6
4820 | 61.19374669715762 | 136.17344665527344,210.2650146484375,0.2560731768608093 | -5.525900448333232e-08,1.4665405778657714e-08,0.0005396943888626993 | 179.3 | -9.721376045490615e-06,-4.706554682343267e-05,-3.929516712020131e-09 | 1.1706833191738042e-07,3.4260481243109098e-06,0.09233470261096954 | 1,6
4830 | 61.320301197469234 | 136.17344665527344,210.2650146484375,0.2560681402683258 | -5.492594823408581e-08,1.497626023194698e-08,-0.0007494238670915365 | 179.3 | -9.786658665689174e-06,-5.500009865500033e-05,-2.9095448272897784e-09 | -1.8044032685793354e-06,3.2463531169923954e-06,-0.17083361744880676 | 1,6
4840 | 61.445344898849726 | 136.17344665527344,210.2650146484375,0.25600916147232056 | 2.6282238607677755e-09,-1.0537479777639192e-09,0.0006477657589130104 | 179.3 | 7.413023581648304e-07,3.517176310197101e-06,-1.4256219815766968e-10 | 1.2294258056044782e-07,-4.261047337195123e-08,0.03346160054206848 | 1,6
4850 | 61.57812129706144 | 136.17344665527344,210.2650146484375,0.2559128999710083 | 2.2549196287968698e-08,1.1437521152402041e-08,0.0016903846990317106 | 179.3 | -8.004665687622037e-06,3.0427869205595925e-05,-2.0669572720066753e-09 | -4.828810915569193e-07,2.281920160385198e-06,0.038122616708278656 | 1,6
4860 | 61.7046700976789 | 136.17344665527344,210.2650146484375,0.25599077343940735 | 1.5242528350611906e-09,-5.942860870078448e-09,0.0017394840251654387 | 179.3 | 4.348527454567375e-06,2.6371517378720455e-06,3.526506309192712e-10 | -4.0028268699643377e-07,-4.1525893834659655e-09,0.15151602029800415 | 1,6
4870 | 61.83111209794879 | 136.17344665527344,210.2650146484375,0.2559678256511688 | -2.2593715787166957e-09,1.284219779129625e-11,-0.0010408040834590793 | 179.3 | -9.193099614890343e-09,-1.629468329156225e-06,1.5619901205798925e-10 | -1.85504603678055e-07,1.0544024542369357e-09,-0.08545471727848053 | 1,6
4880 | 61.95866259932518 | 136.17344665527344,210.2650146484375,0.25594326853752136 | -1.0533718608485287e-07,-1.0985262699492182e-09,0.0007002085912972689 | 179.3 | 7.085478159751801e-07,-7.230581104522571e-05,8.35843483315557e-09 | -7.82420283940155e-06,-1.2422260908806493e-07,0.024297496303915977 | 1,6
4890 | 62.08928319811821 | 136.17344665527344,210.2650146484375,0.25592249631881714 | 9.251925336961619e-10,-1.2444751007478771e-08,0.00040751940105110407 | 179.3 | 9.25328549783444e-06,-6.240409220481524e-06,5.585960027865156e-10 | -2.00332146960136e-06,2.269900356566268e-08,-0.1570863276720047 | 1,6
4900 | 62.2135397978127 | 136.17344665527344,210.2650146484375,0.25600093603134155 | 1.5128127017760562e-07,1.8548366398363214e-08,-2.781516741379164e-05 | 179.3 | -1.2860945389547851e-05,8.348409028258175e-05,-1.5215217530339942e-08 | 1.5877842088229954e-05,1.3786503814117168e-06,-0.1119997650384903 | 1,6
4910 | 62.34281599894166 | 136.17344665527344,210.2650146484375,0.2560558617115021 | 1.5549391108038435e-08,1.9721746458145617e-09,0.0006319975946098566 | 179.3 | -1.546284352116345e-06,1.9182858522981405e-05,-6.749203973477336e-11 | 8.317956456949105e-08,5.719041595853014e-08,0.03439566493034363 | 1,6
4920 | 62.46860430017114 | 136.17344665527344,210.2650146484375,0.2560746371746063 | -3.804755621672484e-08,-7.274484126185143e-09,0.0003964131174143404 | 179.3 | 4.747636012325529e-06,-8.824132237350568e-06,8.465886658370891e-09 | -8.43574343889486e-06,-1.2025294608974946e-06,0.020264573395252228 | 1,6
4930 | 62.59900629892945 | 136.17344665527344,210.2650146484375,0.2560219168663025 | 4.8878316505351904e-08,1.2125278558983155e-08,0.0014291410334408283 | 179.3 | -9.281954589823727e-06,6.142620259197429e-05,2.8663784679139326e-09 | -3.346935955050867e-06,-5.1338350459673165e-08,0.03486256301403046 | 1,6
4940 | 62.72468379884958 | 136.17344665527344,210.2650146484375,0.255986750125885 | 5.6486751276452196e-08,1.6783283651733427e-09,-0.0012125336797907948 | 179.3 | -1.6755552678660024e-06,7.334526890190318e-05,1.55195478690473e-09 | -3.2903778901527403e-06,-5.627078891734527e-08,-0.16145987808704376 | 1,6
4950 | 62.853646498173475 | 136.17344665527344,210.2650146484375,0.25596141815185547 | 8.684619956511597e-08,8.039776622226213e-10,0.00031584600219503045 | 179.3 | -3.4167615581282007e-07,4.890824493486434e-05,-7.836836068975117e-09 | 8.356602847925387e-06,1.556741580088783e-07,-0.06119222939014435 | 1,6
4960 | 62.98036029934883 | 136.17344665527344,210.2650146484375,0.255977600812912 | 2.7168661986820553e-08,1.3524537045839224e-09,-0.0010964247630909085 | 179.3 | -1.2724334510494373e-06,3.875696347677149e-05,8.472562096351055e-10 | -6.475423219853838e-07,-4.784358242915232e-09,-0.14841704070568085 | 1,6
4970 | 63.107133597135544 | 136.17344665527344,210.2650146484375,0.2559984028339386 | 1.2442259844647197e-07,1.5911110651245508e-08,0.001266181468963623 | 179.3 | -1.0842645679076668e-05,5.700709152733907e-05,-1.899754131784448e-08 | 1.8018467017100193e-05,1.3430491208055173e-06,0.0865655317902565 | 1,6
4980 | 63.23528189957142 | 136.17344665527344,210.2650146484375,0.2559623420238495 | -1.0711794828921484e-07,6.664390705957146e-10,-1.0870486448766314e-06 | 179.3 | -6.45622833417292e-07,-6.987807137193158e-05,6.468812152604642e-09 | -6.289962584560271e-06,-6.060810875396783e-08,0.17491032183170319 | 1,6
4990 | 63.36250689998269 | 136.17344665527344,210.2650146484375,0.2559843063354492 | -6.3665877014784655e-09,-1.137630434300263e-08,0.0005505353328771889 | 179.3 | 8.357957995031029e-06,-4.753562279802281e-06,-1.1665369781255208e-09 | 1.2624898317881161e-06,3.282514526858904e-08,0.008384032174944878 | 1,6
5000 | 63.488497499376535 | 136.17344665527344,210.2650146484375,0.2560192346572876 | -6.670165753064339e-09,-1.1137810673744752e-08,7.498758350266144e-05 | 179.3 | 7.727049705863465e-06,3.083875526499469e-06,4.98816854488382e-09 | -4.975433512299787e-06,-1.1367681054252898e-06,0.01041563879698515 | 1,6
5010 | 63.61827899888158 | 136.17344665527344,210.2650146484375,0.25604045391082764 | 5.092196175837671e-08,4.266845543554609e-09,0.001822860911488533 | 179.3 | -2.52155177804525e-06,1.904191776702646e-05,-9.103263920451354e-09 | 8.366595466213766e-06,1.3309281712281518e-06,0.08462254703044891 | 1,6
5020 | 63.74325359985232 | 136.17344665527344,210.2650146484375,0.2560844123363495 | -2.3346441224703085e-08,-7.709399341138123e-09,0.0006122817285358906 | 179.3 | 5.367531230149325e-06,-1.7429249055567198e-05,4.068813730384591e-09 | -2.991729843415669e-06,-1.079543153537088e-06,0.02772839553654194 | 1,6
5030 | 63.86952259764075 | 136.17344665527344,210.2650146484375,0.25605669617652893 | 8.548262542262819e-08,1.2913755398358262e-08,0.00017161174037028104 | 179.3 | -9.132458217209205e-06,6.211410800460726e-05,-6.92958801451482e-09 | 5.847263309988193e-06,1.1694472732415306e-06,0.010668059810996056 | 1,6
5040 | 64.0053387992084 | 136.17344665527344,210.2650146484375,0.25586506724357605 | 1.1343458794499384e-07,3.824178307354487e-09,0.0017145122401416302 | 179.3 | -2.7678697733790614e-06,6.111305992817506e-05,-7.2558212771411945e-09 | 9.275039701606147e-06,-9.912022278513177e-07,0.25427594780921936 | 1,6
5050 | 64.13337099924684 | 136.17344665527344,210.2650146484375,0.256008118391037 | 7.83713645091666e-08,6.912605154951734e-09,0.0009080765303224325 | 179.3 | -4.225121301715262e-06,4.39135474152863e-05,-1.2916822278441487e-08 | 1.1808054296125192e-05,2.60298384091584e-06,0.033753763884305954 | 1,6
5060 | 64.26280719786882 | 136.17344665527344,210.2650146484375,0.2559656798839569 | -8.383809557699351e-08,3.259779557396314e-09,-0.0005464778514578938 | 179.3 | -2.7240112103754655e-06,-4.135345443501137e-05,7.825585512932776e-09 | -9.064702680916525e-06,-1.609644755262707e-07,0.034809011965990067 | 1,6
5070 | 64.38864599913359 | 136.17344665527344,210.2650146484375,0.25601840019226074 | 1.6815183911944587e-08,-1.3613218996511023e-08,0.0012178418692201376 | 179.3 | 1.027668531605741e-05,-2.4199198378482834e-05,-7.414699521035573e-09 | 9.684992619440891e-06,-9.89133241091622e-07,0.008830582723021507 | 1,6
5080 | 64.5150814987719 | 136.17344665527344,210.2650146484375,0.25601160526275635 | -1.4028093175966205e-07,-1.320994424958144e-09,0.00010687435860745609 | 179.3 | 9.286661395435658e-08,-6.839232082711533e-05,1.513368630412515e-08 | -1.5214515769912396e-05,-1.3343479849936557e-06,0.14918144047260284 | 1,6
5090 | 64.64703889936209 | 136.17344665527344,210.2650146484375,0.25602054595947266 | -1.3402571141796216e-07,-5.155777471621548e-10,-0.0015185591764748096 | 179.3 | -3.801527270752558e-07,-7.308321073651314e-05,1.693921269918519e-08 | -2.0616638721548952e-05,-1.4344906276164693e-06,-0.11624474823474884 | 1,6
5100 | 64.771843098104 | 136.17344665527344,210.2650146484375,0.25603801012039185 | -1.0912746262192741e-07,-1.5364549632579383e-09,0.0012585647637024522 | 179.3 | 1.0907051546382718e-06,-7.88452016422525e-05,8.155330633030644e-09 | -9.422323273611255e-06,-1.3266115672649903e-07,0.10866745561361313 | 1,6
5110 | 64.89698699861765 | 136.17344665527344,210.2650146484375,0.2560684382915497 | -3.199744114112946e-08,-1.4136233517092478e-08,-0.0008917595259845257 | 179.3 | 9.955243513104506e-06,-1.7448093785787933e-05,2.342037896951865e-09 | -4.0752971131041704e-07,-1.0968769856845029e-06,-0.10280225425958633 | 1,6
5120 | 65.03043469786644 | 136.17344665527344,210.2650146484375,0.2559979557991028 | -1.2618600919722667e-07,-5.785704693117566e-10,-0.0013625257415696979 | 179.3 | -4.2931441157634254e-07,-5.9803664044011384e-05,1.5652075191496806e-08 | -1.4568328879249748e-05,-1.0961728094116552e-06,-0.08860281109809875 | 1,6
5130 | 65.15613159909844 | 136.17344665527344,210.2650146484375,0.2560141980648041 | 1.4049805940885562e-07,1.8469963336542605e-08,0.0007825936190783978 | 179.3 | -1.2846880053984933e-05,7.811820978531614e-05,-1.693655349299661e-08 | 1.868605613708496e-05,1.4128444263405981e-06,0.046644020825624466 | 1,6
5140 | 65.28227979689837 | 136.17344665527344,210.2650146484375,0.25607791543006897 | 3.602828613225029e-08,-1.3537025722598628e-08,0.00019219853857066482 | 179.3 | 9.560870239511132e-06,5.255885480437428e-05,-2.1011060946651838e-10 | 4.644776652185101e-07,1.7547774788795323e-08,-0.0032714696135371923 | 1,6
5150 | 65.41033469885588 | 136.17344665527344,210.2650146484375,0.25604602694511414 | 9.830054636950081e-08,3.3997309412114873e-09,-0.0005412633763626218 | 179.3 | -2.4113171548378887e-06,4.713023008662276e-05,-8.830045139518461e-09 | 1.2623744623851962e-05,-1.0244863233310753e-06,0.003578255418688059 | 1,6
5160 | 65.5414469987154 | 136.17344665527344,210.2650146484375,0.2560141384601593 | 4.178868096005317e-08,2.1284585205449957e-09,0.001368674449622631 | 179.3 | -1.2640585964618367e-06,3.209475471521728e-05,-2.5543136494832197e-09 | 2.2921267373021692e-07,1.0886875543292263e-06,0.029257280752062798 | 1,6
5170 | 65.67133549973369 | 136.17344665527344,210.2650146484375,0.25599077343940735 | 3.1616195883543696e-08,2.6549717979662546e-09,0.0012426619650796056 | 179.3 | -1.180691469926387e-06,1.3751760889135767e-05,-8.03541677640851e-09 | 5.629114639305044e-06,2.3770749066898134e-06,-0.012980370782315731 | 1,6
5180 | 65.80768469721079 | 136.17344665527344,210.2650146484375,0.2558903098106384 | -4.234770045741243e-08,-7.426096182427955e-09,-0.004079487640410662 | 179.3 | 4.828913006349467e-06,-1.3791602214041632e-05,5.794197566189041e-09 | -6.230471626622602e-06,-9.404921001987532e-07,-0.20145517587661743 | 1,6
5190 | 65.93808199837804 | 136.17344665527344,210.2650146484375,0.2559643089771271 | 8.967482045818542e-08,1.3904786655416501e-08,-0.00047648593317717314 | 179.3 | -9.794542165764142e-06,6.165921513456851e-05,-5.139904946105389e-09 | 3.4656138723221375e-06,1.1268197113167844e-06,-0.12462981045246124 | 1,6
5200 | 66.07054399698973 | 136.17344665527344,210.2650146484375,0.2559437155723572 | -3.483258126379951e-08,1.408648059308959e-10,-0.002040004124864936 | 179.3 | -7.722752570771263e-07,-4.777506546815857e-06,8.171729959371987e-09 | -1.0078930245072115e-05,-1.2795266002285643e-06,-0.22872434556484222 | 1,6
5210 | 66.1989234983921 | 136.17344665527344,210.2650146484375,0.25598353147506714 | -4.747870985255531e-09,-2.55767158563458e-08,-0.0006014398531988263 | 179.3 | 1.81625691766385e-05,-6.857757398393005e-06,2.2810648925286614e-09 | -1.409307603950083e-08,-2.318068027307163e-06,-0.16752701997756958 | 1,6
5220 | 66.32640289887786 | 136.17344665527344,210.2650146484375,0.2560185492038727 | -7.276607760786646e-09,-2.469157323048421e-08,0.00028616192867048085 | 179.3 | 1.7441438103560358e-05,-1.7546495882925228e-06,1.0043912368473684e-09 | 2.3601658085681265e-06,-2.0255479284969624e-06,0.01141570508480072 | 1,6
5230 | 66.45526769757271 | 136.17344665527344,210.2650146484375,0.25599613785743713 | 3.191129849255958e-08,1.4357992128566366e-08,-0.0011748173274099827 | 179.3 | -1.0198330528510269e-05,2.296496313647367e-05,-3.2217872814044313e-09 | 2.461740677972557e-06,1.1076219834649237e-06,-0.0906292051076889 | 1,6
5240 | 66.59132319688797 | 136.17344665527344,210.2650146484375,0.2558612525463104 | 3.311172847020316e-08,-1.0505254444126422e-09,-0.0017269032541662455 | 179.3 | 8.096425858639122e-07,-1.8113523765350692e-06,-4.945213571971863e-09 | 8.506902304361574e-06,-9.418311037734384e-07,0.2606176733970642 | 1,6
5250 | 66.71568669751287 | 136.17344665527344,210.2650146484375,0.2560088038444519 | -5.208491860031472e-09,-3.072748722132701e-09,0.0005215090932324529 | 179.3 | 2.2890083073434653e-06,-6.441179266403196e-06,-1.9414743424039926e-10 | 1.2472509069993976e-07,-3.0250436822143456e-08,-0.0010295805986970663 | 1,6
5260 | 66.84080090001225 | 136.17344665527344,210.2650146484375,0.2560219168663025 | 6.17146085346576e-08,8.294049003154669e-09,-0.00036414223723113537 | 179.3 | -5.68145833312883e-06,1.9533881641109474e-05,-9.482654661496781e-09 | 1.2288127436477225e-05,1.1984944592313695e-07,-0.03441843390464783 | 1,6
5270 | 66.96918389946222 | 136.17344665527344,210.2650146484375,0.25601765513420105 | 1.338798227834559e-07,1.3450184965790868e-08,0.00015869020717218518 | 179.3 | -9.021625373861752e-06,6.541662150993943e-05,-1.6556620963115165e-08 | 1.7723297787597403e-05,1.3323535767995054e-06,-0.021676668897271156 | 1,6
5280 | 67.1013322994113 | 136.17344665527344,210.2650146484375,0.25595638155937195 | -4.660352459495698e-08,-1.7141413621857282e-08,0.00011190831719432026 | 179.3 | 1.1507961062307004e-05,-8.28247721074149e-06,1.3607461823994527e-08 | -1.5171133782132529e-05,-2.5222470867447555e-06,-0.002910242648795247 | 1,6
5290 | 67.23411099985242 | 136.17344665527344,210.2650146484375,0.2559712529182434 | 5.5946220101077415e-08,-1.9473191115171318e-10,0.0012636615429073572 | 179.3 | 5.943561518506613e-07,1.2860772585554514e-05,-1.01108010852613e-08 | 1.0974986253131647e-05,1.9570730103168898e-07,0.18858428299427032 | 1,6
5300 | 67.36172419786453 | 136.17344665527344,210.2650146484375,0.2559681236743927 | 6.465835866720226e-08,-1.372894509188427e-08,0.0005345539539121091 | 179.3 | 9.829821465245914e-06,2.357702214794699e-05,-7.4201143007712744e-09 | 1.2389379662636202e-05,-2.180537876483868e-06,0.0851680114865303 | 1,6
5310 | 67.48935899883509 | 136.17344665527344,210.2650146484375,0.25599658489227295 | 1.8243476729296049e-09,-5.127478441835365e-09,0.001402624766342342 | 179.3 | 3.7296324535418535e-06,3.7841848552488955e-06,-2.0676929612939432e-10 | 1.9173882037648582e-08,-2.341407956407693e-08,0.06245926767587662 | 1,6
5320 | 67.62144059687853 | 136.17344665527344,210.2650146484375,0.25595927238464355 | 3.281645888364437e-08,-6.886395897964803e-09,0.0019380192970857024 | 179.3 | 5.137134849064751e-06,-1.1361836271817083e-07,-6.986003775466543e-09 | 9.353763744002208e-06,-1.0089950137626147e-06,0.12971922755241394 | 1,6
5330 | 67.74826809763908 | 136.17344665527344,210.2650146484375,0.2559657692909241 | 1.9676230422760455e-08,-1.2522751724475256e-08,-0.0008212483953684568 | 179.3 | 9.541088729747571e-06,1.541839083074592e-05,-5.241389988697165e-09 | 4.033941422676435e-06,1.0782656545416103e-06,-0.014122886583209038 | 1,6
5340 | 67.87582779675722 | 136.17344665527344,210.2650146484375,0.25593340396881104 | -2.0929583399720286e-08,1.0606683309433151e-09,0.00039155842387117445 | 179.3 | -6.692104648209352e-07,-2.2468735551228747e-05,-1.324506948563453e-09 | 2.1360465325415134e-06,-1.0772610359310875e-08,-0.02646828070282936 | 1,6
5350 | 68.00130399689078 | 136.17344665527344,210.2650146484375,0.2559603452682495 | 4.8846327871387984e-08,-1.2112221448035143e-08,0.00043159816414117813 | 179.3 | 8.751341738388874e-06,2.529583071009256e-05,-6.820908282634264e-09 | 1.0821410796779674e-05,-1.05364199498581e-06,0.013499600812792778 | 1,6
5360 | 68.1308251991868 | 136.17344665527344,210.2650146484375,0.2559494376182556 | 0.0,0.0,0.0 | 179.3 | 0.0,0.0,0.0 | -3.781284249271266e-06,1.0091565627590171e-06,-0.07347141206264496 | 1,6
5370 | 68.25752079859376 | 136.17344665527344,210.2650146484375,0.2559005916118622 | -3.323255270970549e-08,1.3794525521859669e-08,-0.0006826359895057976 | 179.3 | -9.846747161645908e-06,-4.394464849610813e-05,8.0929908607974e-11 | 1.415811823335389e-07,4.251008789424304e-08,-0.13369449973106384 | 1,6
5380 | 68.37924059852958 | 136.17344665527344,210.2650146484375,0.2559715509414673 | -3.351864918954561e-08,2.9280802227305003e-09,0.001310971099883318 | 179.3 | -1.9529556993802544e-06,-3.816460957750678e-05,-1.7458596790476122e-09 | 3.29191425407771e-06,4.7290892979390264e-08,0.01132756657898426 | 1,6
5390 | 68.50188779830933 | 136.17344665527344,210.2650146484375,0.256006121635437 | 1.1146817513463247e-07,1.8803197221473056e-08,0.0005645561031997204 | 179.3 | -1.3058183867542539e-05,9.299650992034003e-05,-7.653730094148159e-09 | 2.587015387689462e-06,3.2577011097600916e-06,0.02757956087589264 | 1,6
5400 | 68.62841369956732 | 136.17344665527344,210.2650146484375,0.25596943497657776 | -8.009260454855394e-08,1.3167652745948999e-08,-3.997293606516905e-05 | 179.3 | -9.828047950577457e-06,-2.8887001462862827e-05,1.1688269019316522e-08 | -1.576677823322825e-05,9.126355280386633e-07,-0.010494761168956757 | 1,6
5410 | 68.75230479985476 | 136.17344665527344,210.2650146484375,0.25601091980934143 | -7.2885586455129214e-09,1.8884918073780455e-09,5.3704272431787103e-05 | 179.3 | -1.3658338957611704e-06,-2.8475829822127707e-05,-1.1977767666593309e-09 | 2.9714828997384757e-06,-1.0662045042408863e-06,-0.1063176840543747 | 1,6
5420 | 68.87824329733849 | 136.17344665527344,210.2650146484375,0.25600528717041016 | -3.957951122401937e-08,2.1368680158673214e-09,0.0008399818907491863 | 179.3 | -1.1503138921398204e-06,-3.717908475664444e-05,1.3349954475216919e-09 | -3.339410795888398e-06,1.10708276679361e-06,0.08285649120807648 | 1,6
5430 | 69.00494769960642 | 136.17344665527344,210.2650146484375,0.25602787733078003 | -8.227556236306555e-08,1.2349423705870777e-08,-0.00021690384892281145 | 179.3 | -9.337330084235873e-06,-2.2115213141660206e-05,9.536280209943016e-09 | -1.287086070078658e-05,8.568284215471067e-07,-0.10087500512599945 | 1,6
5440 | 69.13148500025272 | 136.17344665527344,210.2650146484375,0.25605013966560364 | -1.2228001722291992e-08,-2.8633152737711498e-08,0.0003844549064524472 | 179.3 | 2.0285662685637362e-05,-2.268431671836879e-05,-1.1651595244188684e-09 | 7.276954420376569e-06,-3.4772274375427514e-06,-0.06947211921215057 | 1,6
5450 | 69.25657729804516 | 136.17344665527344,210.2650146484375,0.25604745745658875 | 8.305545406983583e-08,3.108387991446193e-09,-0.0007033579749986529 | 179.3 | -2.2083916064730147e-06,3.6019810067955405e-05,-1.0657204008168719e-08 | 1.6069679986685514e-05,-8.957442219070799e-07,-0.13705234229564667 | 1,6
5460 | 69.38140909746289 | 136.17344665527344,210.2650146484375,0.25603654980659485 | 0.0,0.0,0.0 | 179.3 | 0.0,0.0,0.0 | 7.055172318359837e-06,-1.6513534717432776e-07,0.029723258689045906 | 1,6
5470 | 69.50709699839354 | 136.17344665527344,210.2650146484375,0.2559976577758789 | 2.6682527298760306e-09,-2.7909055066999144e-09,0.0010619747918099165 | 179.3 | 1.9783451534749474e-06,7.396265118586598e-06,-8.2268558632137e-10 | 9.077695608539216e-07,-3.5126412001318386e-08,0.0606551393866539 | 1,6
5480 | 69.63787239789963 | 136.17344665527344,210.2650146484375,0.25594279170036316 | -7.825250492032865e-08,7.4613275558022e-09,0.0005534900701604784 | 179.3 | -5.20826051797485e-06,-5.49866417713929e-05,4.324436808644805e-09 | -6.336096248560352e-06,9.841983228398021e-07,0.0475102961063385 | 1,6
5490 | 69.76293589919806 | 136.17344665527344,210.2650146484375,0.2560088038444519 | -1.1193510118800987e-08,-8.158102637878528e-09,0.0005781232030130923 | 179.3 | 5.487025191541761e-06,3.651565975815174e-06,3.696484229820385e-09 | -2.3708441858616425e-06,-1.16912246994616e-06,-0.012024381197988987 | 1,6
5500 | 69.88552999868989 | 136.17344665527344,210.2650146484375,0.25608423352241516 | -6.77675870974781e-08,8.289088859747551e-10,0.0003550098044797778 | 179.3 | -4.810038376490411e-07,-1.656160384300165e-05,5.497088118033844e-09 | -9.07546746020671e-06,2.203269104938954e-06,-0.07982268929481506 | 1,6
5510 | 70.01139099895954 | 136.17344665527344,210.2650146484375,0.25605082511901855 | 1.0877521106067434e-07,-7.724019646104807e-09,0.00019578423234634101 | 179.3 | 5.687492830475094e-06,6.042392487870529e-05,-9.268593892386434e-09 | 1.171968051494332e-05,-8.934630955081957e-07,-0.04817250370979309 | 1,6
5520 | 70.13834830000997 | 136.17344665527344,210.2650146484375,0.25603213906288147 | -3.223650324457594e-08,8.381918270572442e-09,4.057375554111786e-05 | 179.3 | -5.839132427354343e-06,-4.52682506875135e-05,-5.6202684867168173e-11 | 1.9939083983899764e-07,3.513667223842276e-08,-0.06754866242408752 | 1,6
5530 | 70.26451689749956 | 136.17344665527344,210.2650146484375,0.2559693455696106 | 2.051633529731589e-09,6.091113169404139e-10,-0.0006165300728753209 | 179.3 | -6.727500476699788e-07,-3.755176976483199e-06,-2.788522523999859e-09 | 6.38570645605796e-06,-1.0271774044667836e-06,-0.07071442157030106 | 1,6
5540 | 70.38745779916644 | 136.17344665527344,210.2650146484375,0.25598660111427307 | 9.607040851733473e-08,4.705872136412381e-09,0.00047050591092556715 | 179.3 | -3.2618420391372638e-06,5.815700933453627e-05,-7.380122291067437e-09 | 7.82993811299093e-06,1.662490944909223e-07,-0.06342523545026779 | 1,6
5550 | 70.51147549971938 | 136.17344665527344,210.2650146484375,0.2559981048107147 | -3.0088127545013776e-08,2.079614480621217e-09,0.0007591306930407882 | 179.3 | -1.3296262295625638e-06,-3.401438516448252e-05,-2.262465992330931e-09 | 3.1863671665632864e-06,1.160700424662764e-09,0.02492452785372734 | 1,6
5560 | 70.6419358998537 | 136.17344665527344,210.2650146484375,0.2559182345867157 | -1.050528997126321e-09,3.595262698663504e-10,-0.0015869883354753256 | 179.3 | -2.551620639223984e-07,-7.548908342869254e-07,3.735736026078129e-11 | -8.6476802607649e-08,2.95952649054243e-08,-0.13063673675060272 | 1,6
5570 | 70.77010099962354 | 136.17344665527344,210.2650146484375,0.25595560669898987 | 1.6096619148697755e-08,-1.2112426617250094e-08,0.0006397883989848197 | 179.3 | 9.105617209570482e-06,-2.220131500507705e-05,-7.542720226183519e-09 | 9.772100383997895e-06,-8.817461321086739e-07,0.004895140416920185 | 1,6
5580 | 70.89707999676466 | 136.17344665527344,210.2650146484375,0.2559868097305298 | -8.774165394243028e-09,-1.1199948524165393e-08,0.0014247556682676077 | 179.3 | 8.277236702269875e-06,-9.261148989025969e-06,-1.4010034243838732e-09 | 1.3824814004692598e-06,6.368416194391102e-08,-0.0022996030747890472 | 1,6
5590 | 71.02795289829373 | 136.17344665527344,210.2650146484375,0.25595325231552124 | -5.160460503361719e-08,3.1986169268805043e-09,9.178867185255513e-05 | 179.3 | -1.9756607798626646e-06,-6.270822632359341e-05,-2.4275805809992335e-09 | 3.5299383398523787e-06,7.463168572030554e-08,0.11900243163108826 | 1,6
5600 | 71.15543239936233 | 136.17344665527344,210.2650146484375,0.2560683786869049 | -1.1766865704032625e-08,-1.6026785454315018e-09,0.0013949648709967732 | 179.3 | 6.727437948939041e-07,3.135956376354443e-06,4.009022891438008e-09 | -2.356306367801153e-06,-1.1759251492549083e-06,0.00125465530436486 | 1,6
5610 | 71.28263459727168 | 136.17344665527344,210.2650146484375,0.25607243180274963 | 2.7653186407405883e-08,-1.565446083873212e-08,0.0009721367387101054 | 179.3 | 1.123566926253261e-05,1.8266227925778367e-05,-6.029126642381755e-10 | 1.987338237086078e-06,-1.0381444326412748e-06,0.03837794065475464 | 1,6
5620 | 71.40538819879293 | 136.17344665527344,210.2650146484375,0.25609323382377625 | 5.922602852592718e-08,1.0782587267499366e-08,0.0004341662279330194 | 179.3 | -7.498055310861673e-06,1.6959922504611313e-05,-1.0311581810640291e-08 | 1.1231342796236277e-05,1.7397792362316977e-07,0.001667697331868112 | 1,6
5630 | 71.53200449794531 | 136.17344665527344,210.2650146484375,0.2560833990573883 | 3.757838484830245e-09,-2.5851758511663547e-09,0.00015524821355938911 | 179.3 | 1.8752201640381827e-06,4.225878910801839e-06,-7.279914171487434e-11 | 3.4260910553030044e-08,-1.5925991192489164e-08,-0.016118066385388374 | 1,6
5640 | 71.66162749752402 | 136.17344665527344,210.2650146484375,0.2560400068759918 | 1.0421312701680563e-08,-9.123722222170727e-09,0.0008749085245653987 | 179.3 | 6.609456704609329e-06,1.3154173757357057e-05,-6.615548386879055e-11 | -5.196897134851497e-08,-7.204313590136735e-08,0.11412238329648972 | 1,6
5650 | 71.78586779907346 | 136.17344665527344,210.2650146484375,0.2560720443725586 | -1.8703627091554154e-08,-7.526295697779517e-10,-0.0007238793768920004 | 179.3 | 7.402833261949127e-07,-5.839467121404596e-06,8.529903450238407e-10 | -2.3429299744748278e-06,1.0315786767023383e-06,-0.06888733804225922 | 1,6
5660 | 71.91119089722633 | 136.17344665527344,210.2650146484375,0.2560235261917114 | 2.177959146365538e-09,-2.6897847504869787e-08,-0.000699908472597599 | 179.3 | 1.9763932868954726e-05,1.9833698843285674e-06,-6.189361245745317e-10 | 4.250319207699249e-08,5.761211951949008e-08,-0.06654661148786545 | 1,6
5670 | 72.04003429785371 | 136.17344665527344,210.2650146484375,0.2559824585914612 | 8.145123331360082e-08,1.445950914558125e-08,0.0010555541375651956 | 179.3 | -1.041704945237143e-05,6.741705146851018e-05,-8.674566842614695e-09 | 7.761686902085785e-06,1.136031301030016e-06,0.07091949135065079 | 1,6
5680 | 72.16819939762354 | 136.17344665527344,210.2650146484375,0.25597354769706726 | 8.512805038662918e-08,-1.3040100554917444e-08,0.00032868035486899316 | 179.3 | 9.73896931100171e-06,3.2245705369859934e-05,-1.0770660807679633e-08 | 1.496196273365058e-05,-8.996868245958467e-07,-0.0029350467957556248 | 1,6
5690 | 72.29289479926229 | 136.17344665527344,210.2650146484375,0.2560223639011383 | 9.589570915125023e-09,-7.327214529562198e-11,0.0010475264862179756 | 179.3 | -5.864810148636934e-08,1.5019826605566777e-05,-3.363220812957479e-10 | 2.4572736379013804e-07,1.8209293628501655e-08,0.08703314512968063 | 1,6
5700 | 72.42081649973989 | 136.17344665527344,210.2650146484375,0.25599437952041626 | -1.4060205444366147e-07,-2.924041231366914e-09,0.0010623350972309709 | 179.3 | 1.434744376638264e-06,-7.767458009766415e-05,1.821067030505219e-08 | -1.741519008646719e-05,-1.3607038908958202e-06,0.06603396683931351 | 1,6
5710 | 72.54603399708867 | 136.17344665527344,210.2650146484375,0.25601184368133545 | 9.443699866551469e-08,1.5937269282062516e-08,0.0015596917364746332 | 179.3 | -1.0978000318573322e-05,6.095171920605935e-05,-1.2404196780835264e-08 | 9.111096005653962e-06,2.2469666873803362e-06,0.16902196407318115 | 1,6
5720 | 72.67604319751263 | 136.17344665527344,210.2650146484375,0.2559814155101776 | -8.606951951151132e-08,7.889673359073868e-10,0.0015346151776611805 | 179.3 | -1.7918128492055985e-07,-6.972802657401189e-05,4.554950194801677e-09 | -6.234994543774519e-06,9.990737908083247e-07,0.08461811393499374 | 1,6
5730 | 72.79972549900413 | 136.17344665527344,210.2650146484375,0.25596538186073303 | -7.521124700815562e-08,-3.9858587541630186e-08,2.69379834207939e-05 | 179.3 | 2.8265103537705727e-05,-5.1172261009924114e-05,9.551617274894397e-09 | -6.823497642471921e-06,-3.618351229306427e-06,-0.07625295966863632 | 1,6
5740 | 72.92668649926782 | 136.17344665527344,210.2650146484375,0.2559540867805481 | -3.061222031419675e-08,-8.794127204225788e-09,0.00038397772004827857 | 179.3 | 6.704630777676357e-06,-3.86023530154489e-05,-2.0347439289025715e-09 | 2.8717468012473546e-06,8.981626109516583e-08,0.05255303531885147 | 1,6
5750 | 73.05593269690871 | 136.17344665527344,210.2650146484375,0.2559565305709839 | -1.4567755890482204e-08,-4.439915546328166e-09,0.002156022470444441 | 179.3 | 3.353915644765948e-06,-1.5976596841937862e-05,-2.3190942499695666e-09 | 2.789771770039806e-06,1.201047012955314e-07,0.023689335212111473 | 1,6
5760 | 73.18297999724746 | 136.17344665527344,210.2650146484375,0.255935400724411 | 8.268836637626009e-08,1.604396793197793e-08,0.0005313538131304085 | 179.3 | -1.1483661182865035e-05,6.187747931107879e-05,-7.328150974927894e-09 | 6.697000117128482e-06,1.2948567018611357e-06,0.044089172035455704 | 1,6
5770 | 73.30781249701977 | 136.17344665527344,210.2650146484375,0.2559329569339752 | -9.527931865704886e-08,1.8721209027461327e-09,0.0004232554347254336 | 179.3 | -1.447827230549592e-06,-6.559114990523085e-05,8.909637472243048e-09 | -1.0682138963602483e-05,-1.557662443474328e-07,-0.10275527089834213 | 1,6
5780 | 73.43559029698372 | 136.17344665527344,210.2650146484375,0.25595590472221375 | 5.4457903075899594e-08,5.833411975686431e-09,0.0013637185329571366 | 179.3 | -3.974666014983086e-06,2.047804809990339e-05,-1.2867182874742866e-08 | 1.4179666322888806e-05,2.628100617130258e-07,0.10534854978322983 | 1,6
5790 | 73.5618217997253 | 136.17344665527344,210.2650146484375,0.2559778094291687 | -1.322937315251238e-08,5.6329896302997895e-09,-0.0004115714691579342 | 179.3 | -4.917007572657894e-06,1.9001008695340715e-05,1.0323116583776937e-08 | -1.0930885764537379e-05,-1.183011477223772e-06,-0.08585870265960693 | 1,6
5800 | 73.69076919928193 | 136.17344665527344,210.2650146484375,0.25604158639907837 | -1.0908971148637647e-07,-1.4971601736135653e-09,0.0009063370525836945 | 179.3 | 9.949296781996964e-07,-7.460149936378002e-05,7.165199988889981e-09 | -6.428652795875678e-06,-5.8228966537399174e-08,-0.004251638427376747 | 1,6
5810 | 73.81530779972672 | 136.17344665527344,210.2650146484375,0.2560766935348511 | 1.2855680608936382e-07,1.6328671748055967e-08,0.0007512156735174358 | 179.3 | -1.1196039849892259e-05,6.376786768669263e-05,-1.869961252509711e-08 | 1.8599410395836458e-05,1.3702388059755322e-06,0.033104121685028076 | 1,6
5820 | 73.9448409974575 | 136.17344665527344,210.2650146484375,0.2560276985168457 | 1.3017223920996912e-07,1.7062269819234643e-08,9.050178050529212e-05 | 179.3 | -1.177429840026889e-05,6.905439659021795e-05,-1.8162678472322114e-08 | 2.0075687643839046e-05,1.4331494639918674e-06,-0.01604275219142437 | 1,6
5830 | 74.0738362967968 | 136.17344665527344,210.2650146484375,0.25594234466552734 | 2.1047162235277028e-08,1.303718200063031e-08,-0.00021903064043726772 | 179.3 | -8.999809324450325e-06,1.999623236770276e-05,-5.997583540917617e-10 | -3.5121738619636744e-06,2.3646939553145785e-06,-0.08447107672691345 | 1,6
5840 | 74.20510219782591 | 136.17344665527344,210.2650146484375,0.2559467554092407 | -4.196226921493462e-09,-3.90342691503065e-09,0.00018090770754497498 | 179.3 | 2.905326255131513e-06,-5.528864676307421e-06,-1.203521587944678e-10 | 9.876317541568369e-09,-5.246007628301186e-09,-0.03599060699343681 | 1,6
5850 | 74.33209509775043 | 136.17344665527344,210.2650146484375,0.25596728920936584 | -1.8937962309450995e-08,-6.69444988332657e-09,0.00016004407370928675 | 179.3 | 4.503447144088568e-06,-9.57787960942369e-06,3.858755981411832e-09 | -3.2313118936144747e-06,-1.2795453585567884e-06,0.02727068029344082 | 1,6
5860 | 74.45708309859037 | 136.17344665527344,210.2650146484375,0.25604313611984253 | -2.6247652940014632e-08,-4.0450684468673614e-10,0.0007511548465117812 | 179.3 | -3.9571858678755234e-07,5.560734734899597e-06,9.411001755665893e-09 | -9.80361073743552e-06,-1.3155890883354004e-06,-0.002676107455044985 | 1,6
5870 | 74.58504369854927 | 136.17344665527344,210.2650146484375,0.25603756308555603 | 5.104635292241255e-08,-2.5071035025803212e-08,-0.0010348360519856215 | 179.3 | 1.8216884200228378e-05,7.058093615341932e-06,-7.179223882047836e-09 | 1.2157782293797936e-05,-1.9994777176179923e-06,-0.059033043682575226 | 1,6
5880 | 74.71253589913249 | 136.17344665527344,210.2650146484375,0.2560437321662903 | 5.5578365021347054e-08,3.8380014721894895e-09,0.0008998751291073859 | 179.3 | -2.4018463591346517e-06,1.4183476196194533e-05,-1.122605208792038e-08 | 1.2422998224792536e-05,1.9313814902943705e-07,0.03236730396747589 | 1,6
5890 | 74.8407716974616 | 136.17344665527344,210.2650146484375,0.2560202479362488 | 0.0,0.0,0.0 | 179.3 | 0.0,0.0,0.0 | -1.6905746633710805e-06,2.0398836113599828e-06,0.027768461033701897 | 1,6
5900 | 74.96801099926233 | 136.17344665527344,210.2650146484375,0.2560269236564636 | -3.1684940893228486e-08,-1.5310630985254647e-08,-0.00012774739298038185 | 179.3 | 1.052983043337008e-05,2.773698270175373e-06,9.009072599042156e-09 | -1.034647721098736e-05,-1.3738554116571322e-06,-0.039398372173309326 | 1,6
5910 | 75.10527359694242 | 136.17344665527344,210.2650146484375,0.2558983266353607 | -2.0398442046598575e-08,1.1539372790636548e-09,-0.0038682343438267708 | 179.3 | -7.508809289902274e-07,-4.6346995077328756e-05,-1.5824304366862663e-10 | 2.127068455592962e-06,-1.0379350214861915e-06,-0.44625505805015564 | 1,6
5920 | 75.23334949836135 | 136.17344665527344,210.2650146484375,0.2560117542743683 | 2.22418705675409e-08,4.383255092221816e-09,0.0013205558061599731 | 179.3 | -2.699957349250326e-06,2.2703514332533814e-05,-9.270477718814618e-10 | -3.1563577067572623e-06,2.2157328203320503e-06,0.026934852823615074 | 1,6
5930 | 75.36209779977798 | 136.17344665527344,210.2650146484375,0.25601252913475037 | -2.796610942823463e-09,-1.7322318024426409e-09,0.001558655290864408 | 179.3 | 1.2530665571830468e-06,-1.4971305972721893e-06,-7.157766601650906e-10 | 1.070136931957677e-06,3.2858601173302304e-08,0.14897798001766205 | 1,6
5940 | 75.48935459926724 | 136.17344665527344,210.2650146484375,0.2560356557369232 | 2.9442926319234175e-08,-1.801527815814552e-08,0.0015625216765329242 | 179.3 | 1.2914155377075076e-05,2.3399263227474876e-05,-1.638449154128807e-09 | 3.1342688089353032e-06,-1.0001954251492862e-06,0.12570755183696747 | 1,6
5950 | 75.62058739736676 | 136.17344665527344,210.2650146484375,0.25597286224365234 | 2.131511678271636e-08,-2.096516915628399e-08,-0.002176970709115267 | 179.3 | 1.4611916412832215e-05,2.068735921056941e-05,3.800625147931669e-09 | -3.120471774309408e-06,-2.1307027964212466e-06,-0.17415058612823486 | 1,6
5960 | 75.74641050025821 | 136.17344665527344,210.2650146484375,0.25598782300949097 | -2.002864718519959e-08,-1.4123263447629597e-08,0.0008482392877340317 | 179.3 | 1.073598104994744e-05,-1.857615825429093e-05,2.0912296339048453e-09 | -5.561862053582445e-06,1.1275146789557766e-06,0.07432602345943451 | 1,6
5970 | 75.88196909800172 | 136.17344665527344,210.2650146484375,0.2558865547180176 | 2.2410155509078322e-08,2.4696322764583556e-09,0.0005510740447789431 | 179.3 | -1.887276312118047e-06,2.1437619579955935e-05,1.5469517888888618e-09 | -2.7694375148712425e-06,-2.5258620084400718e-08,0.16801008582115173 | 1,6
5980 | 76.01035159826279 | 136.17344665527344,210.2650146484375,0.2559868097305298 | 1.9094349212878114e-08,2.9503681719944552e-09,0.0016249058535322547 | 179.3 | -2.2268700377026107e-06,1.7361788195557892e-05,2.74872746786059e-09 | -4.288938271201914e-06,-8.824305730570359e-09,-0.03928506001830101 | 1,6
5990 | 76.14026049897075 | 136.17344665527344,210.2650146484375,0.2559511959552765 | 6.127153229229521e-10,2.534868492887199e-08,0.0003371202037669718 | 179.3 | -1.8015842215390876e-05,8.975397349786363e-07,-2.1726997978532836e-09 | -6.167406496615513e-08,2.247133352284436e-06,-0.043056000024080276 | 1,6
6000 | 76.2662015967071 | 136.17344665527344,210.2650146484375,0.2559729218482971 | -9.780640297663012e-09,3.850065599664276e-09,0.000768091413192451 | 179.3 | -2.738176135608228e-06,-1.3948455489298794e-05,-6.742040259410942e-11 | 1.5004850695277128e-07,-1.36601423506022e-08,0.01400203537195921 | 1,6
6010 | 76.39082759991288 | 136.17344665527344,210.2650146484375,0.25600168108940125 | 1.1377593089889615e-08,-1.5575805534240317e-08,-0.00015541019092779607 | 179.3 | 1.1339928278175648e-05,1.5055509720696136e-05,-4.1670172867824817e-10 | 5.108453393631862e-08,-6.66691519768392e-08,-0.047482918947935104 | 1,6
6020 | 76.51819640025496 | 136.17344665527344,210.2650146484375,0.2559874355792999 | -1.4934199432659057e-09,-1.935658057450329e-11,0.0003924928023479879 | 179.3 | 1.3731470183131478e-08,-1.0774541578939534e-06,1.0683135626132767e-10 | -1.1721093784444747e-07,-1.5191996549646092e-09,0.030804764479398727 | 1,6
6030 | 76.65082990005612 | 136.17344665527344,210.2650146484375,0.25595036149024963 | 1.0251932280880283e-07,1.5636817396469382e-09,0.0010395653080195189 | 179.3 | -1.2116738616896328e-06,6.147877138573676e-05,-1.0600932576210198e-08 | 1.4616347471019253e-05,-9.167948746835464e-07,0.09862281382083893 | 1,6
6040 | 76.77774420008063 | 136.17344665527344,210.2650146484375,0.2560158967971802 | -2.4196996406544713e-08,-1.26850052684091e-09,0.0008694452117197216 | 179.3 | 1.1746770951504004e-06,-3.545399886206724e-05,8.452518684975985e-10 | -1.0745379768195562e-06,-9.147801627307217e-09,-0.04214861989021301 | 1,6
6050 | 76.9047005996108 | 136.17344665527344,210.2650146484375,0.25603601336479187 | -2.562519529902829e-09,-7.400626222953122e-10,0.0003241330268792808 | 179.3 | -3.179602003910986e-07,3.334422217449173e-05,1.1573083824600872e-08 | -1.2315218555158935e-05,-1.3002176046938985e-06,-0.042092468589544296 | 1,6
6060 | 77.03249069675803 | 136.17344665527344,210.2650146484375,0.2558404207229614 | -5.0294392650584996e-08,-1.0391062316150723e-10,-0.0016885082004591823 | 179.3 | -4.0053870975498285e-07,-7.235549219331006e-06,1.0518046877905363e-08 | -1.3634423339681234e-05,-1.9006151319445053e-07,-0.033777933567762375 | 1,6
6070 | 77.16337599977851 | 136.17344665527344,210.2650146484375,0.25579187273979187 | -8.212497704107591e-08,1.2932703796764144e-08,0.0011727868113666773 | 179.3 | -9.080098607228138e-06,-4.7495297621935606e-05,7.199611129493633e-09 | -1.2759996934619267e-05,2.2229071419133106e-06,0.0293324775993824 | 1,6
6080 | 77.29201509803534 | 136.17344665527344,210.2650146484375,0.255861759185791 | -1.143118666391274e-07,1.4355843624969111e-08,-0.0008681330364197493 | 179.3 | -1.050043101713527e-05,-6.532269617309794e-05,8.57598347892008e-09 | -1.1728145182132721e-05,9.33869443997537e-07,-0.07757416367530823 | 1,6
6090 | 77.41662279888988 | 136.17344665527344,210.2650146484375,0.2558797001838684 | -1.4245716783989337e-07,-3.2873401778488187e-09,0.0003449301584623754 | 179.3 | 1.7170648334285943e-06,-8.112411160254851e-05,1.7616516245766434e-08 | -1.9853050616802648e-05,-1.537906769044639e-06,-0.04099838435649872 | 1,6
6100 | 77.54154409840703 | 136.17344665527344,210.2650146484375,0.25591227412223816 | -3.1596595562177754e-08,3.1764785246579663e-10,-0.0007903860532678664 | 179.3 | -1.0518671160753001e-06,8.258849447884131e-06,7.453077266461605e-09 | -6.7970472628076095e-06,-1.1789928748839884e-06,-0.012386040762066841 | 1,6
6110 | 77.669752497226 | 136.17344665527344,210.2650146484375,0.25594088435173035 | -2.112478725280198e-08,-1.1055920623448401e-08,0.0010539585491642356 | 179.3 | 8.50003107188968e-06,-2.0664061594288796e-05,2.846219482321999e-09 | -6.014648988639237e-06,1.0784718824652373e-06,-0.06054123863577843 | 1,6
6120 | 77.79749299958348 | 136.17344665527344,210.2650146484375,0.2559496760368347 | 4.1701294861695715e-08,-2.663897724630715e-08,0.0007200891268439591 | 179.3 | 1.9421609977143817e-05,-1.780723835054232e-08,-9.711468962336767e-09 | 1.4470400856225751e-05,-1.908803369587986e-06,0.11159125715494156 | 1,6
6130 | 77.92571089789271 | 136.17344665527344,210.2650146484375,0.25595614314079285 | 6.933996488101002e-09,5.169514261105235e-10,0.0004586882423609495 | 179.3 | -4.28827235054996e-07,8.606505616626237e-06,-1.917411507346145e-10 | 1.8269835777573462e-07,6.642324024141999e-09,-0.01356218010187149 | 1,6
6140 | 78.05099899694324 | 136.17344665527344,210.2650146484375,0.2559937536716461 | -1.0206326805928256e-07,-1.0784460824364572e-10,0.001175092882476747 | 179.3 | -3.0205388412696266e-08,-6.900860171299428e-05,8.230552239751887e-09 | -9.150003279501107e-06,-1.3561066225520335e-07,0.08478008210659027 | 1,6
6150 | 78.18128589913249 | 136.17344665527344,210.2650146484375,0.25599467754364014 | 0.0,0.0,0.0 | 179.3 | 0.0,0.0,0.0 | 6.728192602167837e-06,-7.576830540756418e-08,-0.11315517872571945 | 1,6
6160 | 78.30739609897137 | 136.17344665527344,210.2650146484375,0.25605571269989014 | -6.038685285147949e-08,-1.0618232515469117e-08,0.0005259920144453645 | 179.3 | 7.313567948585842e-06,-3.3194501156685874e-05,7.02679736619416e-09 | -6.180178843351314e-06,-1.1644034429991734e-06,-0.08552089333534241 | 1,6
6170 | 78.4336529970169 | 136.17344665527344,210.2650146484375,0.2560512125492096 | -1.1865909499420013e-07,6.9953669523670214e-09,0.0009785168804228306 | 179.3 | -5.4464098866446875e-06,-6.785420555388555e-05,1.375062641528757e-08 | -1.4885430573485792e-05,-2.2062269522393763e-07,0.10745895653963089 | 1,6
6180 | 78.55624289810658 | 136.17344665527344,210.2650146484375,0.2560661733150482 | 1.2331877030646865e-07,1.4608569465224264e-08,0.00012329516175668687 | 179.3 | -9.818978469411377e-06,5.291591151035391e-05,-1.7368982696552848e-08 | 1.8370641555520706e-05,1.4114767736828071e-06,-0.04818689078092575 | 1,6
6190 | 78.68022219836712 | 136.17344665527344,210.2650146484375,0.2561332881450653 | -2.4551489730129106e-08,2.965059531234715e-09,0.001077926135621965 | 179.3 | -1.898372374853352e-06,-1.5972509572748095e-05,5.742677999798218e-10 | -2.103802216879558e-06,1.2392765711410902e-06,0.014494527131319046 | 1,6
6200 | 78.80715470016003 | 136.17344665527344,210.2650146484375,0.25610241293907166 | 7.23952737757827e-08,8.980172161443534e-09,0.0007115092594176531 | 179.3 | -6.0571487665583845e-06,3.879766882164404e-05,-6.001307450986815e-09 | 3.501941137074027e-06,1.1775945267800125e-06,0.08930660784244537 | 1,6
6210 | 78.93120439723134 | 136.17344665527344,210.2650146484375,0.25607243180274963 | -1.4730514408256568e-07,-5.083375054226735e-09,-0.00014929819735698402 | 179.3 | 3.029305844393093e-06,-8.444066043011844e-05,1.641029001575589e-08 | -1.804291969165206e-05,-1.4468627114183619e-06,0.09038611501455307 | 1,6
6220 | 79.05915829911828 | 136.17344665527344,210.2650146484375,0.2560094892978668 | 1.387146753017987e-08,-1.0804500405470208e-08,0.0009685938712209463 | 179.3 | 8.484264071739744e-06,-5.0873650252469815e-06,-4.234638861788653e-09 | 1.6519467180842184e-06,1.074769215847482e-06,0.17123572528362274 | 1,6
6230 | 79.18859289959073 | 136.17344665527344,210.2650146484375,0.25594279170036316 | -4.20965626801717e-08,-5.785144363557038e-09,0.0006613378063775599 | 179.3 | 3.580500333555392e-06,-7.814282980689313e-06,7.0667112161970635e-09 | -6.663148269581143e-06,-1.2261291431059362e-06,0.14713898301124573 | 1,6
6240 | 79.32443199679255 | 136.17344665527344,210.2650146484375,0.25592029094696045 | 1.150374586700309e-07,1.4744273357791826e-08,0.0007567758439108729 | 179.3 | -9.963688171410467e-06,5.065357981948182e-05,-1.8055603234756745e-08 | 2.0314402718213387e-05,1.4133926242720918e-06,0.020128874108195305 | 1,6
6250 | 79.47091919928789 | 136.17344665527344,210.2650146484375,0.25585460662841797 | 3.821825700356385e-08,-2.508558871738842e-08,-0.0024770135059952736 | 179.3 | 1.899630660773255e-05,-3.0078916097409092e-05,-1.1266886978944513e-08 | 1.033437638398027e-05,-4.18702029492124e-07,-0.10071798413991928 | 1,6
6260 | 79.69395479932427 | 136.17344665527344,210.2650146484375,0.25600460171699524 | 3.435224016357097e-08,-4.159039779239038e-09,-0.00472691934555769 | 179.3 | 3.6449835079110926e-06,-1.1757988431781996e-05,-8.711134924510588e-09 | 1.2001854884147178e-05,2.46699329409239e-07,-0.49023371934890747 | 1,6
6270 | 79.83615519851446 | 136.17344665527344,210.2650146484375,0.2558959424495697 | 4.463776193119884e-08,-8.851895882955318e-10,-1.695403625490144e-05 | 179.3 | 1.1095449963249848e-06,2.477927637301036e-06,-1.0456885135567973e-08 | 1.3521917935577221e-05,2.1069494948733336e-07,-0.087113156914711 | 1,6
6280 | 79.9811098985374 | 136.17344665527344,210.2650146484375,0.2558536231517792 | 5.642732858746058e-08,6.595428203581832e-09,0.0008762678480707109 | 179.3 | -4.269127657607896e-06,2.8242337066330947e-05,-8.182536426204479e-09 | 7.737214218650479e-06,1.1254850278419326e-06,-0.04299841448664665 | 1,6
6290 | 80.12812109664083 | 136.17344665527344,210.2650146484375,0.25592005252838135 | 7.846441008041438e-08,1.2323931208868544e-08,-0.00034502832568250597 | 179.3 | -8.655584679218009e-06,5.60296030016616e-05,-6.781832873059557e-09 | 6.649275746895e-06,1.1393071872589644e-06,0.22503362596035004 | 1,6
6300 | 80.28909189999104 | 136.17344665527344,210.2650146484375,0.25603434443473816 | 1.09450098761954e-07,2.243921271016802e-09,0.0006476254784502089 | 179.3 | -1.5890833537923754e-06,7.837623707018793e-05,-6.001059649207718e-09 | 7.160340373957297e-06,1.4679969240205537e-07,0.042368341237306595 | 1,6
6310 | 80.428989097476 | 136.17344665527344,210.2650146484375,0.2561919093132019 | -4.748594406578377e-09,2.8295357168417468e-09,0.0021256660111248493 | 179.3 | -2.193244199588662e-06,-1.568570951349102e-05,-2.6028090793772662e-09 | 5.46002092960407e-06,-1.0377913213233114e-06,0.020135916769504547 | 1,6
6320 | 80.56073039770126 | 136.17344665527344,210.2650146484375,0.25619152188301086 | 8.864029865662815e-08,5.613129516746085e-09,-0.0007475424208678305 | 179.3 | -3.906463007297134e-06,5.203062028158456e-05,-7.4274741912461195e-09 | 9.164792572846636e-06,1.6913976708110567e-07,-0.0455043651163578 | 1,6
6330 | 80.6957988999784 | 136.17344665527344,210.2650146484375,0.25609180331230164 | 0.0,0.0,0.0 | 179.3 | 0.0,0.0,0.0 | -6.24756330580567e-06,-3.324425108530704e-07,0.02954854443669319 | 1,6
6340 | 80.84003679826856 | 136.17344665527344,210.2650146484375,0.2559855282306671 | 2.7408406211293368e-08,-1.680489525313078e-08,-0.005460565444082022 | 179.3 | 1.199607413582271e-05,1.7821730580180883e-05,-3.466232023630056e-10 | 1.399164489157556e-06,-7.848009317967808e-07,-0.4566025733947754 | 1,6
6350 | 80.99094629660249 | 136.17344665527344,210.2650146484375,0.255974680185318 | 1.5202569869643412e-08,8.626317438142905e-09,-0.0016183988191187382 | 179.3 | -6.479831881733844e-06,1.9883678760379553e-05,7.4156475404763e-10 | -2.5590182417545293e-07,-1.0109563852722658e-08,0.05778628960251808 | 1,6
6360 | 81.17264639958739 | 136.17344665527344,210.2650146484375,0.25631624460220337 | -7.864039730520744e-08,1.151349771078003e-08,-0.003918524365872145 | 179.3 | -8.155285286193248e-06,-5.471396798384376e-05,3.1538089917404477e-09 | -4.613516466633882e-06,7.213337767097983e-07,-0.11158270388841629 | 1,6
6370 | 81.32225799933076 | 136.17344665527344,210.2650146484375,0.2562088370323181 | 6.337605640283073e-08,1.0166941066813706e-08,0.00040048177470453084 | 179.3 | -7.128984634618973e-06,2.410631896054838e-05,-9.569661507669025e-09 | 1.1267576155660208e-05,1.5397259289784415e-07,0.074259452521801 | 1,6
6380 | 81.45336439833045 | 136.17344665527344,210.2650146484375,0.2561764121055603 | -5.368560707097458e-09,-7.859830120082734e-09,1.614366192370653e-05 | 179.3 | 5.313227120495867e-06,3.7221586808300344e-06,5.427019278414491e-09 | -5.530126600206131e-06,-1.1973947948717978e-06,-0.05097099021077156 | 1,6
6390 | 81.59687529876828 | 136.17344665527344,210.2650146484375,0.2562237083911896 | -8.429468323356559e-08,1.1277689893063325e-08,-0.0006565859657712281 | 179.3 | -8.44884016260039e-06,-2.9849605198251083e-05,1.0227323876677019e-08 | -1.4486979125649668e-05,7.856340289436048e-07,-0.05491257086396217 | 1,6
6400 | 81.7261859998107 | 136.17344665527344,210.2650146484375,0.2561620771884918 | -6.674856223298775e-08,-1.999321375123486e-09,-0.00016923691146075726 | 179.3 | 1.1219873385925894e-06,-2.7513216991792433e-05,1.0476127521030776e-08 | -1.2392890312185045e-05,-2.023803062911611e-07,-0.05367550253868103 | 1,6
6410 | 81.85513489693403 | 136.17344665527344,210.2650146484375,0.2560795247554779 | -2.6904608319000545e-08,-1.4738110731826737e-09,0.001669845194555819 | 179.3 | 1.1498024150569108e-06,-4.3163567170267925e-05,-4.232258987713067e-09 | 6.851816579001024e-06,-1.0035337254521437e-06,0.0887235552072525 | 1,6
6420 | 81.98035119846463 | 136.17344665527344,210.2650146484375,0.256066232919693 | 1.072644408850465e-07,1.743822419797425e-09,0.0005026233266107738 | 179.3 | -1.231421833836066e-06,7.704631570959464e-05,-8.508649784744193e-09 | 9.153432984021492e-06,1.449144946263914e-07,0.044484153389930725 | 0,0
6430 | 82.11677349731326 | 136.17347717285156,210.2631378173828,0.25590118765830994 | 0.0007030483684502542,-0.056578490883111954,0.0005345130921341479 | 179.3 | -0.11141540110111237,-9.174783372145612e-06,-0.002210548846051097 | 0.03704139217734337,-3.192347526550293,0.08419259637594223 | 0,0
6440 | 82.24892289936543 | 136.1738739013672,210.23883056640625,0.25556471943855286 | 0.004517247434705496,-0.2801647484302521,-0.003065505065023899 | 179.3 | -0.22291843593120575,-0.01553245261311531,-0.7502371072769165 | 0.062961645424366,0.2637659013271332,-0.2394140213727951 | 0,0
6450 | 82.38541439920664 | 136.17494201660156,210.1676483154297,0.25503242015838623 | 0.009137820452451706,-0.7171127200126648,-0.0009196878527291119 | 179.3 | -0.3981201648712158,-0.004015573300421238,-0.3366098403930664 | 0.048569053411483765,-3.0706660747528076,-0.17929531633853912 | 0,0
6460 | 82.52091989666224 | 136.17662048339844,210.04046630859375,0.25457340478897095 | 0.013776610605418682,-1.122632384300232,-0.0017549976473674178 | 179.3 | -0.2607229948043823,-0.0029372647404670715,-0.09049724042415619 | 0.03827102854847908,-3.2657346725463867,-0.06262422353029251 | 0,0
6470 | 82.66406510025263 | 136.17910766601562,209.84971618652344,0.2542502284049988 | 0.018192362040281296,-1.5121433734893799,5.157680425327271e-05 | 179.3 | -0.08887806534767151,-0.000542414200026542,-0.12245616316795349 | 0.029455455020070076,-2.661104679107666,-0.017813684418797493 | 0,0
6480 | 82.79756600037217 | 136.18202209472656,209.6195526123047,0.25432339310646057 | 0.021647633984684944,-1.8581362962722778,0.001383740222081542 | 179.3 | -0.004193840082734823,0.0020593712106347084,-0.15388929843902588 | 0.012423616833984852,-2.510305881500244,-0.08231493830680847 | 0,0
6490 | 82.93453829735518 | 136.18544006347656,209.33956909179688,0.2543873190879822 | 0.024031028151512146,-2.1979033946990967,0.00010115268378285691 | 179.4 | 0.023957280442118645,0.004336980637162924,-0.20218832790851593 | 0.01019289344549179,-2.5009334087371826,-0.031945355236530304 | 0,0
6500 | 83.065773896873 | 136.18907165527344,209.02731323242188,0.25436878204345703 | 0.026117626577615738,-2.5174479484558105,0.00043344550067558885 | 179.4 | 0.02745240367949009,0.00439818948507309,-0.2375423014163971 | -0.006933067459613085,-2.540464401245117,-0.04065600782632828 | 0,0
6510 | 83.19723599776626 | 136.1929931640625,208.673583984375,0.2544131875038147 | 0.02768704853951931,-2.8314738273620605,0.0012905809562653303 | 179.4 | 0.024067295715212822,-0.0015552452532574534,-0.2723601162433624 | 0.04113975539803505,-2.3697354793548584,-0.03389504551887512 | 0,0
