Simulation Frame | Timestamp | Position | Velocity | Heading | Angular Velocity | Acceleration | Stopped at Red Light + Light ID 
770 | 9.711520098149776 | 98.40318298339844,191.54598999023438,0.21197101473808289 | 2.6348118782043457,0.02096717618405819,0.0009001995204016566 | 89.5 | -0.0011772887082770467,0.15299807488918304,0.04045962169766426 | -5.747109889984131,-0.04089132696390152,0.1483350694179535 | 0,0
780 | 9.84006080031395 | 98.68669891357422,191.5481719970703,0.2122039794921875 | 1.9897363185882568,0.01581072062253952,0.0005661646137014031 | 89.5 | -0.00114957126788795,0.15552137792110443,0.023431001231074333 | -0.5104416012763977,-0.0019662186969071627,-0.020988808944821358 | 0,0
790 | 9.962295398116112 | 98.91250610351562,191.54995727539062,0.21236175298690796 | 1.6065382957458496,0.012698422186076641,0.0008929744944907725 | 89.5 | -0.0009175090817734599,0.10781081020832062,0.01748557575047016 | -5.793094635009766,-0.05289726331830025,0.027021070942282677 | 0,0
800 | 10.088972199708223 | 99.03777313232422,191.55093383789062,0.21255244314670563 | 0.29240936040878296,0.0023203399032354355,0.0008938874816522002 | 89.5 | -0.002374649979174137,0.3013697862625122,0.005550423637032509 | -14.534745216369629,-0.11538278311491013,0.05546988546848297 | 0,0
810 | 10.219554599374533 | 99.03987884521484,191.5509490966797,0.21267329156398773 | -1.1327372703817673e-05,-8.944412570599525e-07,0.0013338741846382618 | 89.5 | 0.0005831581656821072,-0.057506900280714035,-1.6225078525167191e-06 | -0.00018299017392564565,7.629232641193084e-06,0.21621757745742798 | 0,0
820 | 10.347346898168325 | 99.04000091552734,191.5509490966797,0.2125120908021927 | -2.8952361390111037e-05,-1.4707882201037137e-07,0.0015020283171907067 | 89.5 | 0.0012208903208374977,-0.16131465137004852,-2.4542937353544403e-06 | -1.5468747733393684e-05,-1.0230118277831934e-05,0.08298908174037933 | 0,0
830 | 10.469573300331831 | 99.04011535644531,191.5509796142578,0.21237224340438843 | -2.430680069664959e-05,1.4590871444397635e-07,0.0006542294286191463 | 89.5 | 0.0009980513714253902,-0.13204927742481232,-7.229566563182743e-07 | 6.204561213962734e-05,-1.6232473853960983e-06,-0.034390758723020554 | 0,0
840 | 10.590125098824501 | 99.04015350341797,191.5509796142578,0.2123265415430069 | -9.422949005966075e-06,-2.198179060997063e-08,0.0002885482390411198 | 89.5 | 0.0003743163251783699,-0.04870784282684326,-2.8084673431294505e-07 | -4.985676423530094e-05,-1.5619853854786925e-08,0.05101296678185463 | 0,0
850 | 10.711952198296785 | 99.04019927978516,191.5509796142578,0.21223819255828857 | -1.0757590644061565e-05,7.397510870532642e-08,0.000512578000780195 | 89.5 | 0.00039483016007579863,-0.056498847901821136,-4.193466907054244e-08 | 1.728209826978855e-05,-6.016588031343417e-06,0.10466442257165909 | 0,0
860 | 10.836293399333954 | 99.04024505615234,191.5509796142578,0.21217231452465057 | -7.822291081538424e-06,3.3819941336332704e-07,0.0009746379218995571 | 89.5 | 0.0003247190034016967,-0.040854938328266144,6.138846941894371e-08 | 2.4525159460608847e-05,1.178154661829467e-06,0.007812665775418282 | 0,0
870 | 10.959923800081015 | 99.0402603149414,191.5509796142578,0.21214549243450165 | -1.3567538417191827e-06,-1.0217649837329645e-08,0.0006788131431676447 | 89.5 | 5.3588162700179964e-05,-0.0064550102688372135,-3.8344477815144273e-08 | -1.0523734999878798e-05,-2.6923178353399635e-08,0.014592709019780159 | 0,0
880 | 11.085775699466467 | 99.04026794433594,191.5509796142578,0.21210803091526031 | -2.472969981681672e-06,-2.2413196631987375e-08,0.0005083517171442509 | 89.5 | 9.862466686172411e-05,-0.012637298554182053,-4.360332894748353e-08 | -3.728352453435946e-07,1.3336523352336371e-06,-0.008621026761829853 | 0,0
890 | 11.212855797261 | 99.040283203125,191.5509796142578,0.21208927035331726 | -1.9595420326368185e-06,-1.865280907509259e-08,0.0006753200432285666 | 89.5 | 7.139238732634112e-05,-0.010119780898094177,-2.9345343932618562e-08 | 5.603312729363097e-06,1.9896271297170642e-08,0.2095584273338318 | 0,0
900 | 11.338855899870396 | 99.040283203125,191.5509796142578,0.21208900213241577 | -1.1972033462370746e-06,-1.8016013569877032e-08,0.0016003380296751857 | 89.5 | 4.677183096646331e-05,-0.006195767316967249,-1.7323623424658763e-08 | 5.857084033777937e-06,-2.1512096282094717e-07,0.017313575372099876 | 0,0
910 | 11.45943309739232 | 99.040283203125,191.5509796142578,0.21207939088344574 | -5.176699460207601e-07,-6.962359133666496e-09,0.0008112269570119679 | 89.5 | 6.821589977334952e-06,-0.00261240778490901,-1.0261611116391123e-08 | -1.1417541827540845e-06,-1.4626656366090174e-06,-0.0027451086789369583 | 0,0
920 | 11.578558098524809 | 99.04029083251953,191.5509796142578,0.21209250390529633 | -4.785480882674165e-07,-9.54340517722585e-09,9.477437561145052e-05 | 89.5 | 4.032818196719745e-06,-0.002452620305120945,-8.341769053288317e-09 | 1.1533409178809961e-06,-2.1822437190621713e-07,-0.06302224099636078 | 0,0
930 | 11.701962199062109 | 99.04029083251953,191.5509796142578,0.21205799281597137 | -3.227613945000485e-07,-1.0693369745240489e-08,0.00034911668626591563 | 89.5 | 3.065791679546237e-05,-0.001667136326432228,-5.348072207311816e-09 | 1.4327426924864994e-06,-4.025982036637288e-08,0.2632592022418976 | 0,0
940 | 11.829620398581028 | 99.04029083251953,191.5509796142578,0.2120964378118515 | -9.958419155964293e-08,-1.8710172966507344e-08,-0.0007272019283846021 | 89.5 | -2.7992960895062424e-05,-0.0004908085684292018,-1.350279554834799e-09 | -9.337650794805086e-07,-1.855829282249033e-06,-0.1829976886510849 | 0,0
950 | 11.94889359921217 | 99.04029083251953,191.5509796142578,0.2121831476688385 | -1.1201025529317121e-07,-5.223139254439957e-09,2.6404062737128697e-05 | 89.5 | 4.049225753988139e-05,-0.0005700519541278481,-3.721173147397394e-09 | -4.845664491881507e-08,1.5325649656006135e-06,-0.061723776161670685 | 0,0
960 | 12.070395298302174 | 99.04029083251953,191.5509796142578,0.2121652513742447 | -8.136524343171914e-08,-1.8369643584037476e-09,0.0006771552143618464 | 89.5 | -2.479217801010236e-05,-0.0004214356013108045,1.2820417470693624e-11 | 5.782551966149185e-07,-1.235441573044227e-06,0.04103473946452141 | 0,0
970 | 12.189463198184967 | 99.04029083251953,191.5509796142578,0.21216700971126556 | 0.0,0.0,0.0 | 89.5 | 0.0,0.0,0.0 | 4.747311777464347e-06,-1.1786406730607268e-06,-0.05502190813422203 | 0,0
980 | 12.314521998167038 | 99.04029083251953,191.5509796142578,0.2121247500181198 | -2.56203716020309e-08,-6.926866302769952e-10,0.0003979307075496763 | 89.5 | -1.585930817782355e-06,-0.00012471761147025973,-9.458808181150857e-10 | -3.684253613300825e-07,-1.5411643516927143e-08,-0.012631310150027275 | 0,0
990 | 12.435191098600626 | 99.04029083251953,191.5509796142578,0.21211741864681244 | -1.9430633102501815e-08,-2.7241957578638676e-09,0.00019938932382501662 | 89.5 | -6.561946520378115e-06,-0.00010108976130140945,-2.163682288891522e-10 | 1.3739247606281424e-07,-3.7763069116181214e-08,0.007611639332026243 | 0,0
1000 | 12.556450597941875 | 99.04029083251953,191.5509796142578,0.2121359258890152 | -1.5665873931425267e-08,-1.2808158977861694e-08,0.0005125883617438376 | 89.5 | 2.3042635802994482e-05,-8.068988245213404e-05,6.718381961867692e-10 | 1.8806518653491366e-07,-7.191671329564997e-07,-0.07014495134353638 | 0,0
1010 | 12.679575398564339 | 99.04029083251953,191.5509796142578,0.21209675073623657 | -2.1341717282297168e-09,-2.031789042566956e-10,0.0004192134947516024 | 89.5 | -1.1011308060915326e-06,-9.667804079072084e-06,-1.651448977568748e-10 | -1.5149844045936334e-07,-2.7850296291376253e-08,0.2466166615486145 | 0,0
1020 | 12.804299097508192 | 99.04029083251953,191.5509796142578,0.21207675337791443 | -1.206429067757142e-09,-2.3586557151844545e-09,-0.00031083900830708444 | 89.5 | -6.3856132328510284e-06,-1.110384619096294e-05,3.820593841297182e-10 | 3.9062027212821704e-07,-3.9793079054106784e-08,-0.0931277796626091 | 0,0
1030 | 12.92425299808383 | 99.04029083251953,191.5509796142578,0.21213187277317047 | -3.3309544011927983e-09,-3.836780226862402e-09,0.0007580562378279865 | 89.5 | -1.0713058145483956e-05,-1.6671634512022138e-05,-2.9633077675700337e-12 | -2.617394123660688e-08,-5.144259418443653e-08,0.009499486535787582 | 0,0
1040 | 13.043769996613264 | 99.04029083251953,191.5509796142578,0.21211634576320648 | -6.79981515538941e-10,-4.938075642835216e-11,-0.0014648676151409745 | 89.5 | -1.2002655012111063e-06,-3.0067837997194147e-06,-2.6473842215657406e-11 | -2.646392793792529e-08,-1.710901287310662e-08,-0.14173850417137146 | 0,0
1050 | 13.165333598852158 | 99.04029083251953,191.5509796142578,0.21208178997039795 | 4.495324557041158e-09,-5.636759059512997e-09,-8.993010123958811e-05 | 89.5 | 4.832589183934033e-06,1.4342185750138015e-05,9.98726434886521e-10 | 6.213623464645934e-07,-2.767885121102154e-07,0.016203638166189194 | 0,0
1060 | 13.29164969921112 | 99.04029083251953,191.5509796142578,0.21204890310764313 | -3.7852925238723856e-09,-1.1910655572933138e-08,-0.00044280069414526224 | 89.5 | 2.5892457415466197e-05,-1.6434312783530913e-05,4.4197875914697704e-10 | -3.010488569543668e-07,-7.693005841247214e-07,-0.10275422036647797 | 0,0
1070 | 13.414104897528887 | 99.04029083251953,191.5509796142578,0.21208617091178894 | 1.7969691290531387e-09,-4.3477030864380595e-09,-0.0003057858266402036 | 89.5 | -1.2610240446520038e-05,8.84183100424707e-06,5.662037505516082e-11 | -1.0855635279582998e-09,-1.7243440453285075e-08,-0.0602351576089859 | 0,0
1080 | 13.535042099654675 | 99.04029083251953,191.5509796142578,0.2120942324399948 | 4.394524744100181e-10,-2.071779137136076e-10,0.0008696888689883053 | 89.5 | -2.7997646157018607e-06,-3.4402501114527695e-06,7.71203934046838e-10 | 4.200830971967662e-07,-1.8937339518743102e-07,0.1937110275030136 | 0,0
1090 | 13.655885897576809 | 99.04029083251953,191.5509796142578,0.21210680902004242 | -7.595853945829845e-10,-3.042031515576582e-09,0.0003326116711832583 | 89.5 | -8.772572073212359e-06,-4.0243453440780286e-06,-7.361596575383711e-12 | -1.5168801770215623e-09,-9.596499594977104e-09,0.016762737184762955 | 0,0
1100 | 13.782682299613953 | 99.04029083251953,191.5509796142578,0.21205653250217438 | -1.9047161625707076e-09,2.081951144816685e-08,0.0003846550243906677 | 89.5 | -1.4598025700252037e-05,-3.331031166453613e-06,-3.2000120331332482e-09 | -5.367701874092745e-07,2.9526374873967143e-06,0.06768529117107391 | 0,0
1110 | 13.90807829797268 | 99.04029083251953,191.5509796142578,0.21204562485218048 | 2.0045893764364386e-11,-4.875221892852721e-10,7.199359242804348e-05 | 89.5 | -1.6195239140870399e-06,7.004307889246775e-08,2.8017995909457305e-11 | 5.259291335768523e-10,-2.4202405413120687e-08,0.02299932949244976 | 0,0
1120 | 14.031665999442339 | 99.04029083251953,191.5509796142578,0.21205729246139526 | 8.891941349897792e-11,-1.9811139395642385e-09,0.0005605022888630629 | 89.5 | -7.004884082562057e-06,2.8078542868570366e-07,4.378857276776671e-10 | 3.886890809212673e-09,-2.609213254345377e-07,-0.009883828461170197 | 0,0
1130 | 14.153452299535275 | 99.04029083251953,191.5509796142578,0.21209494769573212 | 1.1171201463877622e-10,-1.5220621207845397e-08,0.0008249087259173393 | 89.5 | 3.616627509472892e-05,3.38885911332909e-07,1.0969753994061193e-09 | 5.605349517878722e-10,-1.0297538892700686e-06,-0.021678520366549492 | 0,0
1140 | 14.279902797192335 | 99.04029083251953,191.5509796142578,0.21206817030906677 | 0.0,0.0,0.0 | 89.5 | 0.0,0.0,0.0 | 5.396796787238145e-09,3.421167775741196e-07,-0.00973466131836176 | 0,0
1150 | 14.40139689669013 | 99.04029083251953,191.5509796142578,0.21208851039409637 | -1.7521603612458136e-10,1.903011970227908e-09,0.00010034298611572012 | 89.5 | -2.273937070640386e-06,-9.331767500952992e-07,1.1538580091396966e-09 | -3.1165175329306294e-08,-1.41698387778888e-06,-0.08196046948432922 | 0,0
1160 | 14.52387659996748 | 99.04029083251953,191.5509796142578,0.21209795773029327 | -6.33479269041004e-10,3.976987628107054e-09,0.001104267779737711 | 89.5 | -6.9191773945931345e-06,-2.8990953637730854e-07,-1.118325432258871e-09 | -2.561878602591605e-07,7.609515364492836e-07,0.10194528847932816 | 0,0
1170 | 14.643952399492264 | 99.04029083251953,191.5509796142578,0.2121143341064453 | -1.8545109892187384e-10,2.262157927646058e-08,0.00048339919885620475 | 89.5 | -9.17696252145106e-06,-1.0952777529382729e-07,-3.14001447065948e-09 | -2.326766690430304e-08,3.1007696179585764e-06,0.0339948944747448 | 0,0
1180 | 14.770641800016165 | 99.04029083251953,191.5509796142578,0.21210604906082153 | 8.533883669170628e-12,-2.928894071718702e-10,0.0006249987636692822 | 89.5 | -2.3623238121217582e-06,1.1840617375469265e-08,7.188535183777489e-11 | 7.042798289003116e-11,-3.629013178851892e-08,0.02425757423043251 | 0,0
1190 | 14.89376299828291 | 99.04029083251953,191.5509796142578,0.2121451199054718 | 7.301920353086633e-12,-2.480273098015573e-09,0.0009134278516285121 | 89.5 | -6.7977603066537995e-06,-1.2237265423209465e-07,-1.705806849938707e-11 | 1.6144050540845e-09,1.7796677909132086e-08,0.093574658036232 | 0,0
1200 | 15.015994898974895 | 99.04029083251953,191.5509796142578,0.21213732659816742 | 3.725000516374699e-11,-1.4257643066173387e-08,-0.0006753922789357603 | 89.5 | 3.8418624171754345e-05,-1.7010677311191102e-07,9.348113394480606e-10 | 1.3350356375951833e-08,-9.892901289276779e-07,-0.09511011093854904 | 0,0
1210 | 15.142371896654367 | 99.04029083251953,191.5509796142578,0.21208015084266663 | 5.818706280691366e-11,1.9196820782302337e-12,-0.00034472066909074783 | 89.5 | -1.0867677247006213e-06,2.632498876664613e-07,1.0846694202537588e-11 | 7.691624559491572e-10,-9.269066403305715e-09,0.035627253353595734 | 0,0
1220 | 15.267002899199724 | 99.04029083251953,191.5509796142578,0.2120545208454132 | 1.1329433918794152e-10,-2.4019939370845123e-09,0.001014028093777597 | 89.5 | -6.969420610403176e-06,4.246788023465342e-07,8.943887991330612e-11 | -1.469849381097177e-10,-5.498810295989642e-08,-0.04412113502621651 | 0,0
1230 | 15.390741299837828 | 99.04029083251953,191.5509796142578,0.21208816766738892 | 2.6720472501295944e-09,-6.412109954112566e-09,0.0004837507149204612 | 89.5 | 1.1173690381838242e-06,1.0427995221107267e-05,8.77558747891527e-10 | 2.00181005993727e-07,-4.286308694645413e-07,-0.06764532625675201 | 0,0
1240 | 15.51294519752264 | 99.04029083251953,191.5509796142578,0.21209658682346344 | 2.798254683522572e-10,-3.48625350810039e-09,0.00040264069684781134 | 89.5 | -1.4733777788933367e-05,1.0342596397094894e-06,1.2361917045566884e-09 | -3.0941372131110256e-08,-1.5011157756816829e-06,0.05637156590819359 | 0,0
1250 | 15.644354898482561 | 99.04029083251953,191.5509796142578,0.21202082931995392 | 2.666524334671294e-09,-4.47514914014846e-09,0.0013341152807697654 | 89.5 | 6.564838258782402e-06,1.0522800948820077e-05,5.372778888457219e-10 | 2.0157690983069187e-07,-2.489384769432945e-07,-0.064491406083107 | 0,0
1260 | 15.770835999399424 | 99.04029083251953,191.5509796142578,0.21206504106521606 | 4.094340422255982e-10,1.7522506112754854e-08,0.00013018868048675358 | 89.5 | -7.211195679701632e-06,-2.779592733759273e-08,-1.4639547352146565e-09 | 2.6110504336429585e-07,1.6532172821825952e-06,-0.07514315843582153 | 0,0
1270 | 15.898154698312283 | 99.04029083251953,191.5509796142578,0.2120715230703354 | 7.528684273228059e-12,-2.6953093090753555e-09,-2.2742215151083656e-05 | 89.5 | -9.473425961914472e-06,-1.3706079471376142e-07,6.924989470746823e-10 | 2.8455395817417184e-09,-4.44558082790536e-07,-0.0852845087647438 | 0,0
1280 | 16.02304919809103 | 99.04029083251953,191.5509796142578,0.2120954841375351 | 6.806740587839144e-11,-6.776194605428998e-10,0.0006298074731603265 | 89.5 | -2.3333498120337026e-06,3.3152679179693223e-07,4.7329608982016325e-11 | -2.841215929194618e-09,-3.6673526437880355e-08,-0.031244060024619102 | 0,0
1290 | 16.146078497171402 | 99.04029083251953,191.5509796142578,0.21210159361362457 | -7.069257956793251e-10,4.481126136823832e-09,0.0009075534762814641 | 89.5 | -6.3470656641584355e-06,-6.538062962135882e-07,-1.0733689492781195e-09 | -2.7554352755032596e-07,8.304767789013567e-07,0.04737483710050583 | 0,0
1300 | 16.274822298437357 | 99.04029083251953,191.5509796142578,0.21207205951213837 | 2.775431662271899e-09,-2.354125783199379e-08,0.0010572507744655013 | 89.5 | 7.085954712238163e-05,1.0812743312271778e-05,1.9980475052250313e-09 | 2.0711924264560366e-07,-1.5583556205456262e-06,-0.04204268753528595 | 0,0
1310 | 16.401672396808863 | 99.04029083251953,191.5509796142578,0.21204765141010284 | 1.991529829936667e-09,-1.0844366293838448e-08,-0.0002606832713354379 | 89.5 | -3.407462645554915e-05,9.36267042561667e-06,1.5264211006282835e-09 | -3.2968063834459826e-08,-1.5379717979158158e-06,0.10017778724431992 | 0,0
1320 | 16.525705698877573 | 99.04029083251953,191.5509796142578,0.21204017102718353 | -8.344383517489007e-10,3.318983132771791e-08,0.00027013313956558704 | 89.5 | -1.5954077753121965e-05,-2.8263198146305513e-06,-3.6979193041020153e-09 | -4.102037465258945e-08,3.774651759158587e-06,-0.0060267201624810696 | 0,0
1330 | 16.649811897426844 | 99.04029083251953,191.5509796142578,0.21205878257751465 | -1.2540374294545131e-09,9.94396387454799e-09,-0.0002766066463664174 | 89.5 | -1.088469616661314e-05,-5.998328106215922e-06,-4.427430644327046e-10 | -4.691967703251976e-09,4.7002521341710235e-07,-0.041291117668151855 | 0,0
1340 | 16.779396299272776 | 99.04029083251953,191.5509796142578,0.21203574538230896 | 9.456188054812742e-10,-6.422214982038099e-10,0.0020314850844442844 | 89.5 | 2.524755836930126e-05,2.248313649033662e-06,-1.1127009313938174e-09 | 2.264835927690001e-07,1.2783401643901016e-06,0.15524472296237946 | 0,0
1350 | 16.90332319959998 | 99.04029083251953,191.5509796142578,0.21208705008029938 | 1.3663757902904194e-09,-4.56213911093073e-09,0.0013251218479126692 | 89.5 | -2.6635536414687522e-05,6.478909199358895e-06,3.251057423270254e-09 | -1.8033688320429064e-08,-3.1640483939554542e-06,0.10343273729085922 | 0,0
1360 | 17.030787099152803 | 99.04029083251953,191.5509796142578,0.2120368480682373 | 8.421191521890137e-10,-6.812239217168781e-09,-0.0011356512550264597 | 89.5 | -2.003863664867822e-05,3.819454832409974e-06,1.1183211023890749e-09 | -3.474394105751344e-08,-1.5160018165261135e-06,-0.09392211586236954 | 0,0
1370 | 17.153381496667862 | 99.04029083251953,191.5509796142578,0.2121029645204544 | -2.0380581666756825e-09,-3.8270546731666855e-09,0.0013695874949917197 | 89.5 | 3.793663609030773e-06,-7.569812623842154e-06,1.6088266274749685e-09 | -2.531067195832293e-07,-1.8753455606201896e-06,0.18571552634239197 | 0,0
1380 | 17.286511097103357 | 99.04029083251953,191.5509796142578,0.21205855906009674 | -1.9901733039340286e-11,7.645307498194143e-09,-0.00034623208921402693 | 89.5 | 2.1626456145895645e-06,1.9010249729944917e-07,2.764685147482737e-09 | 3.130478276602844e-08,-3.959547939302865e-06,-0.13624048233032227 | 0,0
1390 | 17.413862500339746 | 99.04029083251953,191.5509796142578,0.21212179958820343 | 3.5378745072423e-11,-1.1737945060374955e-09,0.0006943329935893416 | 89.5 | -4.186992555332836e-06,7.761062192912505e-08,3.0113599114311995e-11 | 1.512439840034574e-09,-2.5304570883122324e-08,-0.03072517178952694 | 0,0
1400 | 17.537972398102283 | 99.04029083251953,191.5509796142578,0.21213839948177338 | 3.302690620987647e-10,1.5982905665623548e-08,0.0008234293782152236 | 89.5 | -8.441988029517233e-06,-4.970854661223711e-07,-2.101858020964187e-09 | 2.4231610495917266e-07,2.408501586614875e-06,0.033402133733034134 | 0,0
1410 | 17.66268079727888 | 99.04029083251953,191.5509796142578,0.21214739978313446 | -4.27808344305447e-11,2.671222409933449e-10,-0.00029611613717861474 | 89.5 | 8.95441189641133e-07,-1.8809696200605686e-07,-2.0158966509975507e-11 | -1.1266692023781388e-09,1.8040712035372053e-08,-0.08353575319051743 | 0,0
1420 | 17.79121169820428 | 99.04029083251953,191.5509796142578,0.21212096512317657 | -1.1049817311148402e-11,-1.2194457665870573e-09,0.0013702322030439973 | 89.5 | -4.05623359256424e-06,-1.3580584834471665e-07,4.253684557364856e-11 | 8.040318411062231e-10,-3.784185764743597e-08,0.0014453245094045997 | 0,0
1430 | 17.91571379825473 | 99.04029083251953,191.5509796142578,0.21213340759277344 | -1.3312119635788822e-11,-1.2443499564085414e-08,-0.000392511225072667 | 89.5 | 4.36169357271865e-05,-2.0921007148899662e-07,8.545127938575092e-10 | 5.778013179025265e-09,-8.677777145749133e-07,-0.10395615547895432 | 0,0
1440 | 18.040313698351383 | 99.04029083251953,191.5509796142578,0.2121206670999527 | 0.0,0.0,0.0 | 89.5 | 0.0,0.0,0.0 | 1.0917558412870676e-08,1.9541448637028225e-07,0.02175329625606537 | 0,0
1450 | 18.164263397455215 | 99.04029083251953,191.5509796142578,0.21211150288581848 | 8.908930537732118e-11,-9.920114729666807e-10,2.1607607777696103e-05 | 89.5 | -4.930042450723704e-06,4.826607096219959e-07,4.5531803327669707e-10 | 4.3488313394846045e-08,-5.087650833957014e-07,-0.09135021269321442 | 0,0
1460 | 18.29165180027485 | 99.04029083251953,191.5509796142578,0.2120925486087799 | 3.827099748221485e-10,1.657232928664598e-08,0.0007113365572877228 | 89.5 | -7.118658686522394e-06,-2.385710331509472e-07,-2.0203485551206768e-09 | 2.3297066320537851e-07,2.2773808723286493e-06,-0.06328161805868149 | 0,0
1470 | 18.418756898492575 | 99.04029083251953,191.5509796142578,0.21209029853343964 | -7.458308415309034e-10,4.0938054723937967e-08,0.0005577552365139127 | 89.5 | -1.119235730584478e-05,6.216200745257083e-07,-5.546658687904937e-09 | -2.903944675836101e-07,5.286500254442217e-06,-0.020691534504294395 | 0,0
1480 | 18.54380139708519 | 99.04029083251953,191.5509796142578,0.21209804713726044 | -2.5124102798201875e-09,-9.776329079613788e-09,0.0009216551552526653 | 89.5 | 3.007455416081939e-05,-9.979832611861639e-06,4.751699034244439e-10 | -1.9803181317001872e-07,-6.919126462889835e-07,0.11947573721408844 | 0,0
1490 | 18.66710589826107 | 99.04029083251953,191.5509796142578,0.21211010217666626 | 2.01543382677416e-11,-3.560023609239238e-09,0.0008920766995288432 | 89.5 | -7.746122719254345e-06,-1.6150113424373558e-07,2.9004156715251028e-11 | 4.473038384134043e-09,-2.2571654767489235e-08,0.007250496186316013 | 0,0
1500 | 18.793757997453213 | 99.04029083251953,191.5509796142578,0.21210810542106628 | 1.5188231228258076e-10,-3.764886624679775e-09,0.001082819071598351 | 89.5 | -1.0207602826994844e-05,5.329632699613285e-07,2.4651440611034303e-11 | 8.610494539595948e-10,-1.7615452208019633e-08,-0.01121125090867281 | 0,0
1510 | 18.917882297188044 | 99.04029083251953,191.5509796142578,0.21205562353134155 | 1.2173163518869323e-11,7.731811302313929e-10,-0.0009424437303096056 | 89.5 | 5.615817372017773e-06,1.3730179659887654e-07,-6.954400597058985e-12 | -7.131436413621017e-11,-1.961410589501611e-09,-0.16505788266658783 | 0,0
1520 | 19.041311599314213 | 99.04029083251953,191.5509796142578,0.21204841136932373 | 6.312708689115709e-11,-1.3273261600943442e-08,-0.0005250069661997259 | 89.5 | -3.2795513106975704e-05,-4.773180535266874e-07,9.392157884757779e-11 | 3.1069924411042393e-09,-2.78955951671378e-08,-0.033903010189533234 | 0,0
1530 | 19.167527597397566 | 99.04029083251953,191.5509796142578,0.2120450884103775 | -3.1567536779020244e-11,7.442779281774392e-09,1.179545961349504e-05 | 89.5 | 2.2074074877309613e-05,2.8332723900348356e-07,-8.582753951991151e-11 | 1.7861518930573084e-09,4.68809915332713e-08,-0.08234758675098419 | 0,0
1540 | 19.30215059965849 | 99.04029083251953,191.5509796142578,0.21193648874759674 | 9.729643479783334e-11,-7.09887010286181e-11,-0.0020917137153446674 | 89.5 | 2.8227771053934703e-07,3.815261209183518e-07,1.4149176622013648e-11 | 8.337456058882253e-09,-6.083112236154875e-09,-0.1792416125535965 | 0,0
1550 | 19.430801697075367 | 99.04029083251953,191.5509796142578,0.211948424577713 | 8.842861998203944e-10,-5.2858570853686615e-09,0.0003796290257014334 | 89.5 | 2.4774733901722357e-05,4.28015391662484e-06,-2.3695628792452794e-11 | -3.442157492372644e-08,7.673569513144685e-08,-0.044812824577093124 | 0,0
1560 | 19.55762119963765 | 99.04029083251953,191.5509796142578,0.21199862658977509 | 1.755157352789638e-09,-6.157224063940703e-09,0.0014792217407375574 | 89.5 | -1.6457545370940352e-07,5.816013981529977e-06,1.4186840591179362e-09 | 2.525832485389401e-07,-9.453841016693332e-07,0.024196701124310493 | 0,0
1570 | 19.686288099735975 | 99.04029083251953,191.5509796142578,0.2120114117860794 | 2.1567836405722574e-09,-1.3748548965963892e-08,0.0010039707412943244 | 89.5 | 2.1538000510190614e-05,7.6224177973927e-06,1.0317072751675482e-09 | 2.158351719572238e-07,-7.40760185635736e-07,0.054417550563812256 | 0,0
1580 | 19.81533119827509 | 99.04029083251953,191.5509796142578,0.2120782732963562 | 4.111323781419429e-10,-9.758098329371023e-09,0.0009485693299211562 | 89.5 | 1.255868119187653e-05,1.6039417687352397e-06,7.173929783554911e-10 | 2.113186781116383e-08,-1.0428847190269153e-06,-0.03332257270812988 | 0,0
1590 | 19.940712098032236 | 99.04029083251953,191.5509796142578,0.2121274471282959 | 1.1436742664017174e-09,-2.6365145622264663e-09,0.0002757686597760767 | 89.5 | 2.9434377211146057e-05,5.879922809981508e-06,6.236608451892778e-10 | 3.3512925767809065e-09,-5.123431492393138e-07,-0.04672577232122421 | 0,0
1600 | 20.06537599861622 | 99.04029083251953,191.5509796142578,0.21214079856872559 | -1.0399709982067407e-09,2.5612861165313916e-08,0.000850988901220262 | 89.5 | 9.003645573102403e-06,-4.200008788757259e-06,-5.108219180982587e-09 | -3.1950623480270224e-08,4.510297003434971e-06,0.030196774750947952 | 0,0
1610 | 20.194316998124123 | 99.04029083251953,191.5509796142578,0.2120968997478485 | 2.3250648073513958e-09,-1.367335400459524e-08,0.0010379406157881021 | 89.5 | 6.158185783533554e-07,1.114885071729077e-05,1.570986563059762e-09 | -2.992377190480511e-08,-1.7278545101362397e-06,0.022369446232914925 | 0,0
1620 | 20.322948597371578 | 99.04029083251953,191.5509796142578,0.21209903061389923 | 2.8435396259851586e-09,9.492827857116026e-09,-1.2215014976391103e-05 | 89.5 | 1.9646005966933444e-05,1.2057203093718272e-05,-2.7545987713040176e-09 | 1.3337088944354036e-07,3.0519693154928973e-06,-0.06978504359722137 | 0,0
1630 | 20.450674198567867 | 99.04029083251953,191.5509796142578,0.21211139857769012 | 3.065800946444597e-10,2.8834188370296943e-09,0.0006369677721522748 | 89.5 | 2.859076175809605e-06,1.6374754068237962e-06,1.3480688787481654e-09 | 1.32136754871226e-08,-1.4894590094627347e-06,-0.012462548911571503 | 0,0
1640 | 20.576931700110435 | 99.04029083251953,191.5509796142578,0.21205875277519226 | -5.350171417006777e-09,2.6375865047612024e-08,-0.00017289919196628034 | 89.5 | 3.09437450596306e-06,-2.015888094319962e-05,-3.6507192824331014e-09 | -4.6950012233537564e-07,3.2866330457181903e-06,0.05142044648528099 | 0,0
1650 | 20.704499199986458 | 99.04029083251953,191.5509796142578,0.2120126634836197 | 3.00193786495484e-10,-3.536021253580657e-08,-0.00012477223936002702 | 89.5 | 5.166016489965841e-05,4.387945011785632e-07,4.166682998629767e-09 | 3.7536253216785553e-08,-4.42167220171541e-06,0.03418278321623802 | 0,0
1660 | 20.832766696810722 | 99.04029083251953,191.5509796142578,0.21201808750629425 | -2.94013230428547e-10,4.4951164568374224e-08,-0.001195075223222375 | 89.5 | -3.109713361482136e-05,4.2459433302610705e-08,-2.561166390080416e-09 | -1.8295892800779257e-08,2.5716792606544914e-06,-0.25087589025497437 | 0,0
1670 | 20.957643799483776 | 99.04029083251953,191.5509796142578,0.2120717167854309 | 2.803914600502111e-10,-3.0052504484956444e-08,0.001136368839070201 | 89.5 | 6.386228051269427e-05,6.764610702703067e-07,4.077568060978365e-09 | 3.251705393836346e-08,-4.1276866795669775e-06,0.026988821104168892 | 0,0
1680 | 21.082111097872257 | 99.04029083251953,191.5509796142578,0.2120538353919983 | 3.617214860973661e-11,-1.9644708082466877e-09,0.0005983216688036919 | 89.5 | -6.072525593481259e-06,7.989373074224204e-08,2.065992862898547e-11 | -1.2373936320031476e-09,-1.802967375397202e-08,0.05110969394445419 | 0,0
1690 | 21.212259899824858 | 99.04029083251953,191.5509796142578,0.2120303362607956 | 4.6042836210347104e-11,-1.963675666516451e-09,-0.00016345776384696364 | 89.5 | -4.036482096125837e-06,9.087297314636089e-08,-2.2877389219133626e-11 | 1.893202261626925e-09,2.0924275645484158e-08,-0.03729240596294403 | 0,0
1700 | 21.338064298033714 | 99.04029083251953,191.5509796142578,0.2120637148618698 | -1.0684644141667476e-11,1.2493693857251742e-09,0.00017903932894114405 | 89.5 | -4.0600348256703e-06,-1.236946189919763e-07,1.1187948345536824e-09 | -3.059467701405083e-08,-1.3518164223569329e-06,-0.054671645164489746 | 0,0
1710 | 21.46477199718356 | 99.04029083251953,191.5509796142578,0.21202601492404938 | 1.0579634390772696e-10,-7.210315122740951e-10,0.0002470758918207139 | 89.5 | -2.723818170125014e-06,4.4178355551593995e-07,2.4845354940072895e-11 | 2.8957927167283515e-09,-1.1962859147729432e-08,-0.01438894309103489 | 0,0
1720 | 21.588162798434496 | 99.04029083251953,191.5509796142578,0.2120676338672638 | 6.121060602826134e-11,-2.9018221159304858e-09,0.0011033306363970041 | 89.5 | -6.190519343363121e-06,2.2287420620159537e-07,2.4066649714771238e-11 | -3.964891526209158e-09,-2.452170910771656e-08,0.059094030410051346 | 0,0
1730 | 21.713170800358057 | 99.04029083251953,191.5509796142578,0.21208105981349945 | 2.448296898549529e-09,-2.5982285212222678e-09,0.0013225472066551447 | 89.5 | 5.513215455721365e-06,9.392556421516929e-06,1.7856567335883256e-09 | 1.7532470053538418e-07,-1.6043198911575018e-06,0.022284673526883125 | 0,0
1740 | 21.839211497455835 | 99.04029083251953,191.5509796142578,0.2120840847492218 | 1.0159331015335837e-10,-3.0574981435549375e-10,0.0009554204298183322 | 89.5 | -1.4030941883902415e-06,4.3742869593188516e-07,2.9697643649795324e-11 | 3.06525782534095e-09,-2.2483506612047677e-08,-0.001202037907205522 | 0,0
1750 | 21.96319989860058 | 99.04029083251953,191.5509796142578,0.2121087610721588 | 1.3925187392072047e-10,-2.314247238288658e-09,0.00016201900143641979 | 89.5 | -6.87097463014652e-06,4.850938353229139e-07,2.3560488629503773e-11 | 5.639512856703277e-09,-1.1533896504545282e-08,-0.04746474325656891 | 0,0
1760 | 22.08623569831252 | 99.04029083251953,191.5509796142578,0.21211326122283936 | 1.3238166118867412e-10,-2.7288937776148714e-09,-0.0002212154067819938 | 89.5 | -8.164765858964529e-06,4.98314363994723e-07,1.690261403064497e-10 | -3.123896696877182e-10,-8.312154875511624e-08,-0.06291800737380981 | 0,0
1770 | 22.21438379958272 | 99.04029083251953,191.5509796142578,0.21209952235221863 | 4.548109458490934e-11,-1.1364213570175252e-08,0.0006396198295988142 | 89.5 | 3.6842338886344805e-05,2.719340308487972e-08,2.744586335978738e-09 | 1.8405932777909584e-08,-2.3249438072525663e-06,0.005187183152884245 | 0,0
1780 | 22.341012597084045 | 99.04029083251953,191.5509796142578,0.21224628388881683 | -6.850196798691144e-11,-1.7400294538560956e-09,-0.0010559927904978395 | 89.5 | -5.18441174790496e-06,-4.6884559878890286e-07,2.3382283956263628e-11 | 1.65236113680578e-09,-2.6642686279387817e-08,-0.16608668863773346 | 0,0
1790 | 22.4677349999547 | 99.04029083251953,191.5509796142578,0.2122238129377365 | 3.640494017354001e-10,1.557150319797529e-08,0.0011922240955755115 | 89.5 | -1.0057397958007641e-05,-3.892432687280234e-07,-2.1478034906152743e-09 | 2.3807093896266451e-07,2.317040525667835e-06,0.006596562452614307 | 0,0
1800 | 22.589665099978447 | 99.04029083251953,191.5509796142578,0.21222347021102905 | -4.809483714063312e-11,-5.410678127759638e-09,-0.0009139913017861545 | 89.5 | -1.3854613825969864e-05,-4.859895170739037e-07,1.983759337353952e-11 | -6.077006009519437e-09,-2.6237302108711447e-08,-0.06508712470531464 | 0,0
1810 | 22.72008129954338 | 99.04029083251953,191.5509796142578,0.21211081743240356 | 1.0434757502508774e-09,-7.798898415956046e-09,0.00071187992580235 | 89.5 | 5.259002477941976e-07,1.969583991012769e-06,5.068476749414685e-10 | 1.8413113878068543e-07,-2.05307628675655e-07,-0.00889491941779852 | 0,0
1820 | 22.849384799599648 | 99.04029083251953,191.5509796142578,0.2120674103498459 | 1.6043875117333073e-09,-7.463468953972097e-09,-0.0010583767434582114 | 89.5 | -8.477259143546689e-07,4.816894943360239e-06,8.01039956588312e-10 | 2.570393746736954e-07,-6.983887033129577e-07,-0.23385018110275269 | 0,0
1830 | 22.971233498305082 | 99.04029083251953,191.5509796142578,0.21213515102863312 | 1.7301042820605517e-09,1.0250573306835875e-10,0.0007237544632516801 | 89.5 | 2.0075651718798326e-06,8.610948498244397e-06,-3.8424993742403046e-10 | -4.040518675196836e-08,4.878672257291328e-07,-0.023350631818175316 | 0,0
1840 | 23.092340297996998 | 99.04029083251953,191.5509796142578,0.21213866770267487 | 7.489854847442246e-10,-6.8209771164617905e-09,-0.00014788753469474614 | 89.5 | -4.211912164464593e-05,2.300635060237255e-07,1.964259865872009e-09 | 2.3203736532195762e-07,-1.859021153904905e-06,-0.008539681322872639 | 0,0
1850 | 23.221861999481916 | 99.04029083251953,191.5509796142578,0.2120445966720581 | 4.784688201198151e-10,-1.4889318222799375e-08,-0.0027598931919783354 | 89.5 | 2.3172653527581133e-05,4.764373443322256e-06,4.937451003605986e-10 | -1.7242091132629866e-07,-6.34514037756162e-07,-0.25738322734832764 | 0,0
1860 | 23.34616729989648 | 99.04029083251953,191.5509796142578,0.21208110451698303 | -1.425074391825376e-09,1.746514932676746e-08,0.00013841805048286915 | 89.5 | -3.796943565248512e-05,-4.019982497993624e-06,-3.49420559153657e-09 | -2.801150174036593e-07,3.6790531794395065e-06,-0.04778171703219414 | 0,0
1870 | 23.47204139828682 | 99.04029083251953,191.5509796142578,0.21207411587238312 | 0.0,0.0,0.0 | 89.5 | 0.0,0.0,0.0 | 7.840521476509821e-08,-1.595337693061083e-07,0.03573912754654884 | 0,0
1880 | 23.59520959854126 | 99.04029083251953,191.5509796142578,0.21203841269016266 | 2.863047576795452e-10,6.986712319800858e-10,-0.00012198853073641658 | 89.5 | 1.304248144151643e-06,1.424040647179936e-06,5.963137622577719e-11 | 5.034144656690387e-09,-4.207338122341753e-08,0.030795110389590263 | 0,0
1890 | 23.721230000257492 | 99.04029083251953,191.5509796142578,0.21203067898750305 | 3.8632136378780046e-10,-1.0845969677930611e-09,0.0004638387181330472 | 89.5 | -2.6944096589431865e-06,1.9775945929723093e-06,2.0095140829123892e-11 | -4.209343096306384e-09,-1.2802998661243237e-08,-0.0006416128599084914 | 0,0
1900 | 23.848097998648882 | 99.04029083251953,191.5509796142578,0.21206039190292358 | -2.4946399113101592e-11,-2.165367884998659e-09,0.0014095292426645756 | 89.5 | -4.897493454336654e-06,-1.420008146624241e-07,-1.3963215132750673e-11 | -5.177592576899315e-09,5.158363070023597e-09,0.01830623485147953 | 0,0
1910 | 23.968809496611357 | 99.04029083251953,191.5509796142578,0.21215136349201202 | 8.169661475099232e-11,-9.632692421490674e-10,0.0006554878200404346 | 89.5 | -3.7146978684177157e-06,3.0492375913127034e-07,1.5125293378881466e-11 | 3.2984006637093444e-09,-9.05689390151565e-09,0.04150142893195152 | 0,0
1920 | 24.093338899314404 | 99.04029083251953,191.5509796142578,0.2121431678533554 | 1.2275829658348059e-11,-2.7359541299176726e-09,0.000512291444465518 | 89.5 | -5.971019163553137e-06,-8.922717853465656e-08,-1.5748487583455706e-11 | 1.0452764209745169e-09,1.4970439110584266e-08,0.03769876807928085 | 0,0
1930 | 24.22497119754553 | 99.04029083251953,191.5509796142578,0.2120589017868042 | 2.44842768282183e-09,-4.165297884384245e-09,-0.0011338014155626297 | 89.5 | 6.658661277469946e-06,9.41270718612941e-06,7.353289643852179e-10 | 1.8388209355180152e-07,-3.740773308891221e-07,-0.19882197678089142 | 0,0
1940 | 24.349580697715282 | 99.04029083251953,191.5509796142578,0.21209007501602173 | 4.530420483206399e-11,-5.391553870026655e-10,0.0007827013614587486 | 89.5 | -2.093746616083081e-06,1.811727372569294e-07,2.9235905363300674e-11 | 9.6392038795301e-10,-2.410418353804289e-08,0.014709052629768848 | 0,0
1950 | 24.475568000227213 | 99.04029083251953,191.5509796142578,0.21209308505058289 | -3.406434162522842e-11,-2.7145106162862476e-09,0.0004596533253788948 | 89.5 | -6.633547855017241e-06,-2.8790887540708354e-07,-2.010085847770071e-11 | -4.005713982735415e-09,1.692745676962204e-08,0.013445131480693817 | 0,0
1960 | 24.598694998770952 | 99.04029083251953,191.5509796142578,0.21211646497249603 | -7.99018282093833e-11,-2.2478126027181133e-09,0.00014730566181242466 | 89.5 | -7.540739261457929e-06,-5.361360422284633e-07,4.2580558523575007e-10 | -5.325317270488128e-11,-2.408764601113944e-07,-0.10579126328229904 | 0,0
1970 | 24.723180897533894 | 99.04029083251953,191.5509796142578,0.21212387084960938 | 0.0,0.0,0.0 | 89.5 | 0.0,0.0,0.0 | 5.622653898029739e-09,2.7812833991447405e-07,-0.11558417230844498 | 0,0
1980 | 24.846129398792982 | 99.04029083251953,191.5509796142578,0.2121375948190689 | 2.481344685278941e-09,-6.33306185271465e-10,0.0012442328734323382 | 89.5 | 9.963834600057453e-06,9.703783689474221e-06,1.850199771169514e-09 | 1.7341129421311052e-07,-1.6272898619718035e-06,0.10537851601839066 | 0,0
1990 | 24.968166198581457 | 99.04029083251953,191.5509796142578,0.212141215801239 | 2.726012526821364e-09,-2.239147534055519e-08,0.0006900656735524535 | 89.5 | 7.238933903863654e-05,1.0600327186693903e-05,2.071025351213507e-09 | 2.2544968203419558e-07,-1.6777536302470253e-06,0.07684272527694702 | 0,0
2000 | 25.09158329665661 | 99.04029083251953,191.5509796142578,0.2121235579252243 | 5.2805260164490164e-11,-1.143374617207371e-09,0.0006961678736843169 | 89.5 | -1.0147141438210383e-05,2.8758806891460154e-08,1.2521547132493538e-09 | -3.163098583058854e-08,-1.4566417121386621e-06,0.05659284070134163 | 0,0
2010 | 25.21924849972129 | 99.04029083251953,191.5509796142578,0.2120995670557022 | -2.541275190282022e-09,1.1286508616592528e-08,-0.0012400498380884528 | 89.5 | -2.4554961782996543e-05,-9.761793080542702e-06,-9.312264848126972e-10 | -1.8196035966866475e-07,6.13151996731176e-07,-0.15743190050125122 | 0,0
2020 | 25.34174469858408 | 99.04029083251953,191.5509796142578,0.21211989223957062 | 3.12692405302073e-09,1.6949616155059744e-09,0.0004853145801462233 | 89.5 | 1.674380291660782e-05,1.300262738368474e-05,1.5494270311222635e-09 | 1.746622189102709e-07,-1.4524721336783841e-06,-0.03320886939764023 | 0,0
2030 | 25.46505619958043 | 99.04029083251953,191.5509796142578,0.21210922300815582 | 1.2312916242152028e-09,1.8051513617223236e-09,0.00022511598945129663 | 89.5 | -3.098282832070254e-06,6.1804280448996e-06,2.0895025709677384e-09 | 2.301455559461374e-08,-2.2480846837424906e-06,-0.08448281139135361 | 0,0
2040 | 25.593229599297047 | 99.04029083251953,191.5509796142578,0.21210098266601562 | 3.404697010433999e-11,7.371024624003297e-11,-0.0007885503582656384 | 89.5 | -1.0210123946308158e-06,1.4390404601272166e-07,1.8275526491445815e-12 | 1.0060785538001937e-09,-3.1684549428590003e-10,-0.09725081920623779 | 0,0
2050 | 25.724175598472357 | 99.04029083251953,191.5509796142578,0.2120802253484726 | -2.456386205551553e-09,-1.1184381421003309e-08,0.001512965769506991 | 89.5 | 2.697677155083511e-05,-9.806820344238076e-06,4.860184477095686e-10 | -1.9469609924271936e-07,-6.684281288471539e-07,0.031321775168180466 | 0,0
2060 | 25.848018396645784 | 99.04029083251953,191.5509796142578,0.21209675073623657 | 2.4409585464013617e-10,1.6075199837928267e-08,0.0005104021984152496 | 89.5 | -7.411474143736996e-06,-9.85171141110186e-07,-2.0700368086323806e-09 | 2.4798546860438364e-07,2.4562339149269974e-06,0.015944888815283775 | 0,0
2070 | 25.971337098628283 | 99.04029083251953,191.5509796142578,0.21211585402488708 | 1.4329777642263508e-10,-1.1959627732593958e-09,0.00019503140356391668 | 89.5 | -3.243630999349989e-06,5.884027700631123e-07,6.685247494475632e-11 | 4.165826794633176e-09,-1.344946909398459e-08,-0.08689960092306137 | 0,0
2080 | 26.09164349734783 | 99.04029083251953,191.5509796142578,0.21211707592010498 | 2.6991979762414076e-09,-1.9232335723984306e-09,0.0006795392255298793 | 89.5 | 1.3352744645089842e-05,1.0843974450835958e-05,5.000081459982653e-10 | 2.1918572201684583e-07,-2.0326726257735572e-07,0.062038715928792953 | 0,0
2090 | 26.21890340000391 | 99.04029083251953,191.5509796142578,0.21206504106521606 | 3.779653673374739e-11,3.0229534431214233e-09,8.210107807826716e-06 | 89.5 | -1.8720155594564858e-06,1.334457095936159e-07,1.48472145689027e-09 | -6.265094043556019e-08,-1.6725263094485854e-06,-0.098286934196949 | 0,0
2100 | 26.34133379906416 | 99.04029083251953,191.5509796142578,0.2120986133813858 | 5.796761334830869e-11,-3.1402851430328838e-09,0.0008382770465686917 | 89.5 | -8.52276207297109e-06,7.313499139627311e-08,3.874686335669786e-11 | 3.0037656806314317e-09,-2.9729283923529692e-08,-0.016567962244153023 | 0,0
2110 | 26.464717499911785 | 99.04029083251953,191.5509796142578,0.212091863155365 | 8.540203544349367e-10,-7.664946011232132e-09,0.0005736820749007165 | 89.5 | -1.7688306570562418e-06,1.0457763437443646e-06,9.442017168126426e-10 | 2.1548834183704457e-07,-4.816388354811352e-07,-0.005008589010685682 | 0,0
2120 | 26.58618339896202 | 99.04029083251953,191.5509796142578,0.2120932787656784 | 3.8050869122230324e-09,-1.639808466791237e-08,3.32124182023108e-05 | 89.5 | 2.9420587452477776e-05,1.3192461665312294e-05,2.3305977148169177e-09 | 4.993835318600759e-07,-1.7758549120117095e-06,-0.09816332161426544 | 0,0
2130 | 26.708627697080374 | 99.04029083251953,191.5509796142578,0.21209724247455597 | -1.3927546893555132e-09,1.8032835225056942e-09,0.0004797080182470381 | 89.5 | 2.981291981996037e-05,-3.993362497567432e-06,-1.54917123573739e-09 | -2.5903361233758915e-07,1.3097209148327238e-06,0.053691331297159195 | 0,0
2140 | 26.83146919682622 | 99.04029083251953,191.5509796142578,0.21208252012729645 | 1.84771226097169e-11,1.9605257695065603e-10,-0.001027189544402063 | 89.5 | -7.823838359399815e-07,7.267261992183194e-08,-1.3990637641458914e-11 | 1.4883499988016524e-09,1.5792224417054967e-08,-0.08274111151695251 | 0,0
2150 | 26.955884099006653 | 99.04029083251953,191.5509796142578,0.21202845871448517 | 1.3257707431879595e-10,-2.1978432407365744e-09,-5.4943826398812234e-05 | 89.5 | -5.9866192714252975e-06,5.739973971685686e-07,2.5159882857672677e-11 | -2.490265993415619e-09,-2.7059016360908572e-08,-0.05939386039972305 | 0,0
2160 | 27.07952480018139 | 99.04029083251953,191.5509796142578,0.21205943822860718 | 1.4866809172620066e-10,-3.763044542637317e-09,0.0010909053962677717 | 89.5 | -1.145703936344944e-05,4.905111268271867e-07,3.4968905548993234e-10 | 1.5616030690779326e-09,-2.01217687845201e-07,0.061020758002996445 | 0,0
2170 | 27.206312999129295 | 99.04029083251953,191.5509796142578,0.21206051111221313 | -2.296687284797372e-09,-1.3038977009216524e-08,0.0015128784580156207 | 89.5 | 2.341875915590208e-05,-9.044135367730632e-06,4.910499784571698e-10 | -1.883729652263355e-07,-6.351193064801919e-07,0.20365072786808014 | 0,0
2180 | 27.329303696751595 | 99.04029083251953,191.5509796142578,0.2120257169008255 | -2.7554223347436846e-09,-4.813485610100088e-09,-0.0002580130530986935 | 89.5 | 1.5186651580734178e-05,-1.1092343811469618e-05,-1.120398662735056e-09 | -1.7242345506929269e-07,1.1366721537342528e-06,0.010644075460731983 | 0,0
2190 | 27.45549399778247 | 99.04029083251953,191.5509796142578,0.21200762689113617 | -6.842519328920105e-10,7.266353296841999e-09,-5.4943677241681144e-05 | 89.5 | -1.4514507711282931e-05,-3.2410766834800597e-06,-9.408410717171023e-10 | -9.60494972446213e-09,1.1821620091723162e-06,0.12066743522882462 | 0,0
2200 | 27.578878697007895 | 99.04029846191406,191.5509796142578,0.2120727151632309 | 0.016229812055826187,0.0001349809463135898,0.0014104960719123483 | 89.5 | 7.477991312043741e-05,-0.00870906375348568,-0.0002152212109649554 | 1.2513494491577148,0.01094659324735403,-0.023858925327658653 | 0,0
2210 | 27.707723196595907 | 99.04792022705078,191.55091857910156,0.21199378371238708 | 0.16098318994045258,0.0016619523521512747,-0.0004977703210897744 | 89.5 | 0.0011173631064593792,-0.05256916210055351,0.5023115277290344 | 3.9571337699890137,0.0730392262339592,-0.09581851959228516 | 0,0
2220 | 27.83889489993453 | 99.10132598876953,191.55142211914062,0.21189934015274048 | 0.6567428708076477,0.005657833069562912,0.0009344167192466557 | 89.5 | 0.0013664833968505263,-0.12697914242744446,-0.17359916865825653 | 5.852695465087891,0.0860176682472229,-0.09511715173721313 | 0,0
2230 | 27.96128999814391 | 99.2190933227539,191.5523223876953,0.2118438333272934 | 1.195068120956421,0.009598962031304836,-0.0003115735889878124 | 89.5 | 0.0011344862869009376,-0.11113349348306656,0.27775561809539795 | 4.167328834533691,0.028286537155508995,-0.05860047787427902 | 0,0
2240 | 28.083129599690437 | 99.39665985107422,191.55374145507812,0.21176768839359283 | 1.6556025743484497,0.013409747742116451,0.0004913128213956952 | 89.5 | 0.00043032417306676507,-0.05674169212579727,0.011149303056299686 | 3.70522403717041,0.03034104034304619,0.04760099947452545 | 0,0
2250 | 28.208492398262024 | 99.63072204589844,191.5555877685547,0.2116943746805191 | 2.048825740814209,0.01652037724852562,0.001596650923602283 | 89.5 | 3.293027839390561e-05,-0.007092263083904982,0.009131469763815403 | 2.84017014503479,0.02412080019712448,0.3912755846977234 | 0,0
2260 | 28.33322899788618 | 99.9117431640625,191.55783081054688,0.21171805262565613 | 2.406399726867676,0.01939339004456997,0.0007570032612420619 | 89.5 | -0.00017381981888320297,0.014826580882072449,0.00938597321510315 | 2.871105670928955,0.02541934885084629,0.009265376254916191 | 0,0
2270 | 28.46002670004964 | 100.23866271972656,191.5604705810547,0.21170318126678467 | 2.7508647441864014,0.02210591919720173,-0.003590178210288286 | 89.5 | -0.00022097589680925012,0.01921119913458824,0.00762425921857357 | 3.240410804748535,0.020185939967632294,-0.38350704312324524 | 0,0
2280 | 28.581512097269297 | 100.59637451171875,191.5633087158203,0.21178705990314484 | 2.989088296890259,0.02401904948055744,0.0010755832772701979 | 89.5 | -0.0004290612123440951,0.05323180556297302,0.00791657529771328 | -0.3199346363544464,-0.0027830791659653187,-0.0024957717396318913 | 0,0
2290 | 28.705165799707174 | 100.93209838867188,191.56597900390625,0.21197272837162018 | 2.4003098011016846,0.01922408863902092,0.0008199216099455953 | 89.5 | -0.0020740132313221693,0.2686917185783386,0.008879856206476688 | -7.01304292678833,-0.05843993276357651,0.10960248112678528 | 0,0
2300 | 28.83218889683485 | 101.20091247558594,191.5681610107422,0.21219928562641144 | 2.066084146499634,0.016541754826903343,0.0010547451674938202 | 89.5 | -0.0007152297766879201,0.10657981038093567,0.002166132442653179 | 0.6978853344917297,0.006375474855303764,0.0719539225101471 | 0,0
2310 | 28.953929498791695 | 101.4669189453125,191.57028198242188,0.2122255265712738 | 2.2790210247039795,0.01821502484381199,0.0011971843196079135 | 89.5 | 0.0005705495714209974,-0.06934613734483719,-4.5841094106435776e-05 | 2.1839053630828857,0.017878035083413124,0.10131988674402237 | 0,0
2320 | 29.081798996776342 | 101.77912139892578,191.57278442382812,0.2120411992073059 | 2.5915334224700928,0.020701484754681587,0.0017884200206026435 | 89.5 | 0.0008020199602469802,-0.10852187871932983,-0.0006651700241491199 | 2.478858470916748,0.01996494084596634,0.1112620085477829 | 0,0
2330 | 29.207682698965073 | 102.12601470947266,191.5755615234375,0.21194766461849213 | 2.911985397338867,0.023224754258990288,-0.0007485164678655565 | 89.5 | 0.0005935979424975812,-0.08601313084363937,-0.0015152175910770893 | 2.411764144897461,0.018930887803435326,-0.06727274507284164 | 0,0
2340 | 29.33003230020404 | 102.47793579101562,191.578369140625,0.21200649440288544 | 2.6733131408691406,0.02130948007106781,0.0012900426518172026 | 89.5 | -0.0009129940299317241,0.11684862524271011,0.002964392537251115 | -5.244053363800049,-0.04147455096244812,0.04796634986996651 | 0,0
2350 | 29.450124498456717 | 102.77128601074219,191.58067321777344,0.2122708410024643 | 1.973903775215149,0.0157408956438303,0.0005013652262277901 | 89.5 | -0.0012119078310206532,0.166173055768013,0.001326624653302133 | -0.8964403867721558,-0.007672926411032677,-0.0036727068945765495 | 0,0
2360 | 29.57148589938879 | 102.9921875,191.58241271972656,0.21229644119739532 | 2.0861239433288574,0.016627684235572815,0.0005244314670562744 | 89.5 | 0.0003282562829554081,-0.03627338260412216,-0.0014712170232087374 | 1.8291593790054321,0.014572175219655037,0.04746147617697716 | 0,0
2370 | 29.69703909754753 | 103.2704086303711,191.5846710205078,0.21215346455574036 | 2.3702261447906494,0.018868813291192055,-0.0008653568802401423 | 89.5 | 0.0008806181722320616,-0.11776641011238098,-0.002619876991957426 | 2.493133306503296,0.0196627676486969,-0.1239023208618164 | 0,0
2380 | 29.828569497913122 | 103.60808563232422,191.5873565673828,0.211959108710289 | 2.7110772132873535,0.02150716260075569,0.001786670763976872 | 89.5 | 0.0007164501002989709,-0.10598025470972061,-0.00459123682230711 | 2.468046188354492,0.01852506957948208,0.10696808993816376 | 0,0
2390 | 29.95588519796729 | 103.97110748291016,191.59022521972656,0.2119191735982895 | 2.9461312294006348,0.023272624239325523,0.0009942107135429978 | 89.5 | 0.0001491023285780102,-0.03220224753022194,-0.005528931971639395 | -0.422513484954834,-0.004812142811715603,0.03089241497218609 | 0,0
2400 | 30.082262698560953 | 104.31209564208984,191.59292602539062,0.2120407074689865 | 2.3635776042938232,0.01857658289372921,-0.0007927801343612373 | 89.5 | -0.001531116897240281,0.19892150163650513,-0.002360275015234947 | -5.474013805389404,-0.043423064053058624,-0.1745622605085373 | 0,0
2410 | 30.212828498333693 | 104.60286712646484,191.59523010253906,0.21215243637561798 | 2.2614328861236572,0.017680136486887932,-0.00010160075180465356 | 89.6 | -0.00014440016821026802,0.03004833124577999,-0.00842901598662138 | 1.2028967142105103,0.008967863395810127,0.02222059853374958 | 0,0
2420 | 30.340787298977375 | 104.91152954101562,191.59762573242188,0.21212035417556763 | 2.5146212577819824,0.019525906071066856,0.0014713460113853216 | 89.6 | 0.0005782984080724418,-0.08414994180202484,-0.012568961828947067 | 2.2444138526916504,0.016320064663887024,0.15053796768188477 | 0,0
2430 | 30.465065699070692 | 105.24467468261719,191.60023498535156,0.2120504379272461 | 2.8211538791656494,0.021722447127103806,0.00030136233544908464 | 89.6 | 0.0005652405670844018,-0.09663067758083344,-0.017155293375253677 | 2.539574146270752,0.017993221059441566,0.026441793888807297 | 0,0
2440 | 30.592004496604204 | 105.61396026611328,191.60308837890625,0.21198321878910065 | 2.8579025268554688,0.021748006343841553,0.000796490057837218 | 89.6 | -0.0003677393833640963,0.03040308505296707,-0.018690066412091255 | -3.1953089237213135,-0.026012595742940903,0.028704768046736717 | 0,0
2450 | 30.717595297843218 | 105.92935180664062,191.60549926757812,0.21214008331298828 | 2.242973804473877,0.016841860488057137,0.0004903481458313763 | 89.6 | -0.0010992763563990593,0.16631533205509186,-0.017517592757940292 | -2.3958396911621094,-0.018953446298837662,-0.03478006273508072 | 0,0
2460 | 30.844930298626423 | 106.21529388427734,191.60769653320312,0.2122049331665039 | 2.321251392364502,0.017234371975064278,0.0003098581510130316 | 89.6 | 0.0001534937764517963,-0.023000886663794518,-0.023932553827762604 | 1.749996304512024,0.011474067345261574,-0.017574425786733627 | 0,0
2470 | 30.97238179668784 | 106.52751922607422,191.6100311279297,0.2121049016714096 | 2.596956491470337,0.019014941528439522,-0.001946281990967691 | 89.6 | 0.0005925333243794739,-0.09924523532390594,-0.03082612343132496 | 2.5964109897613525,0.01675226539373398,-0.22030119597911835 | 0,0
2480 | 31.095669999718666 | 106.86715698242188,191.61253356933594,0.2120361328125 | 2.901846170425415,0.020891403779387474,0.0002624957705847919 | 89.6 | 0.0004342028114479035,-0.0927969217300415,-0.038912586867809296 | 2.0440919399261475,0.0117983128875494,-0.04010820388793945 | 0,0
2490 | 31.222850799560547 | 107.22932434082031,191.6151580810547,0.21200118958950043 | 2.642817258834839,0.018619006499648094,-0.00023395421158056706 | 89.6 | -0.0008670208626426756,0.11374498903751373,-0.03669453412294388 | -5.461193561553955,-0.0418965220451355,0.016940129920840263 | 0,0
2500 | 31.350730299949646 | 107.52714538574219,191.61724853515625,0.21217025816440582 | 2.1904103755950928,0.015067650005221367,0.000893245916813612 | 89.6 | -0.0006192052969709039,0.0985385999083519,-0.037588849663734436 | 0.08998893201351166,-0.00332640390843153,-0.040176182985305786 | 0,0
2510 | 31.477974697947502 | 107.8149185180664,191.61927795410156,0.21218104660511017 | 2.3703765869140625,0.01603875495493412,0.0004504219105001539 | 89.6 | 0.0003610075218603015,-0.06316908448934555,-0.04426570609211922 | 2.024197816848755,0.010498052462935448,0.08133167773485184 | 0,0
2520 | 31.608641497790813 | 108.14507293701172,191.6215362548828,0.21205413341522217 | 2.6776320934295654,0.01773884892463684,0.0006535003194585443 | 89.6 | 0.0005326503305695951,-0.104240782558918,-0.05337822064757347 | 2.3718302249908447,0.01645151525735855,0.015448999591171741 | 0,0
2530 | 31.737400397658348 | 108.51211547851562,191.62399291992188,0.21194010972976685 | 3.0055346488952637,0.01930556446313858,-0.0014458938967436552 | 89.6 | 0.00024627658422105014,-0.08553189039230347,-0.06613045185804367 | 2.649857759475708,0.009823116473853588,-0.19769364595413208 | 0,0
2540 | 31.864491999149323 | 108.91915130615234,191.62667846679688,0.2118837684392929 | 3.3656718730926514,0.020801644772291183,-9.511682583251968e-05 | 89.6 | -2.1499428839888424e-05,-0.05132298916578293,-0.0812263935804367 | 2.6004631519317627,0.007103346288204193,-0.1045803651213646 | 0,0
2550 | 31.995925396680832 | 109.38037872314453,191.6295623779297,0.21180026233196259 | 3.664249897003174,0.021727684885263443,0.000585157482419163 | 89.7 | -0.0002511710627004504,-0.028448499739170074,-0.09632048010826111 | 2.4299395084381104,0.0007130446028895676,-0.03953024372458458 | 0,0
2560 | 32.119710098952055 | 109.8497314453125,191.6324005126953,0.21187034249305725 | 3.7116076946258545,0.0210751760751009,0.0004422791243996471 | 89.7 | -0.000547800213098526,0.08198314160108566,-0.09997449815273285 | -3.1270198822021484,-0.020901832729578018,0.04883100837469101 | 0,0
2570 | 32.25501499697566 | 110.3182373046875,191.63507080078125,0.21194174885749817 | 3.4325029850006104,0.01826101914048195,0.00042226025834679604 | 89.7 | -0.000660689955111593,0.11274705827236176,-0.10405623912811279 | -0.311686247587204,-0.017548175528645515,0.203552708029747 | 0,0
2580 | 32.382004000246525 | 110.76493072509766,191.6374969482422,0.2120620608329773 | 3.548743724822998,0.017773570492863655,0.0008904320420697331 | 89.7 | -0.0002108342305291444,-0.0018779600504785776,-0.11635252088308334 | 1.5626499652862549,-0.007424719166010618,0.01635192707180977 | 0,0
2590 | 32.509917698800564 | 111.2824478149414,191.64013671875,0.2120129019021988 | 3.8212177753448486,0.017846059054136276,-0.002120489487424493 | 89.7 | -9.566135122440755e-05,-0.05660190060734749,-0.13160856068134308 | 2.4263646602630615,-0.01140851341187954,-0.21606409549713135 | 0,0
2600 | 32.6373593993485 | 111.73809051513672,191.64236450195312,0.211963951587677 | 4.075290679931641,0.017754925414919853,0.0009263926767744124 | 89.8 | -0.00029884741525165737,-0.056100983172655106,-0.14606019854545593 | 2.137737512588501,-0.012992368079721928,0.003708167467266321 | 0,0
2610 | 32.77274349704385 | 112.30902099609375,191.6448974609375,0.21183665096759796 | 4.346663951873779,0.01735081896185875,0.0019233759958297014 | 89.8 | -7.79644979047589e-05,-0.029406463727355003,-0.1591198891401291 | 1.6748017072677612,0.0010750124929472804,0.01758882775902748 | 0,0
2620 | 32.90037629753351 | 112.88180541992188,191.647216796875,0.2118683159351349 | 4.528436660766602,0.016009440645575523,-0.0003541951591614634 | 89.8 | -0.00063447339925915,0.005373825319111347,-0.17597416043281555 | 1.2405493259429932,-0.024787338450551033,0.03714679926633835 | 0,0
2630 | 33.02521250024438 | 113.45375061035156,191.6493377685547,0.21194832026958466 | 4.573798656463623,0.014764233492314816,8.343609079020098e-05 | 89.8 | 0.0003359292750246823,0.053189076483249664,-0.1702096313238144 | -1.4973065853118896,0.01604212261736393,-0.07194238156080246 | 0,0
2640 | 33.15578920021653 | 114.01837921142578,191.6511993408203,0.2120513916015625 | 4.215246677398682,0.011525564827024937,0.00010286928591085598 | 89.8 | -0.00012124455679440871,0.12510313093662262,-0.16539548337459564 | -1.7469158172607422,-0.03670072555541992,-0.04047076031565666 | 0,0
2650 | 33.29139719903469 | 114.58045959472656,191.6527862548828,0.21208003163337708 | 4.1309733390808105,0.00939050130546093,0.0007297619013115764 | 89.9 | -0.0002042889827862382,0.028547851368784904,-0.16917400062084198 | 0.15549318492412567,-0.029857097193598747,-0.04036746546626091 | 0,0
2660 | 33.42016199976206 | 115.11978912353516,191.65411376953125,0.2121303826570511 | 4.213063716888428,0.00808971468359232,0.0007813724805600941 | 89.9 | 2.5289277800766286e-06,-0.03497614338994026,-0.17206518352031708 | 0.8835263848304749,0.0019084191881120205,-0.06927067041397095 | 0,0
2670 | 33.54957979917526 | 115.67145538330078,191.6552734375,0.21207714080810547 | 4.333948135375977,0.006723855156451464,0.0005612815148197114 | 89.9 | 1.031075316859642e-05,-0.044596705585718155,-0.17559997737407684 | 0.8855616450309753,0.0019514779560267925,0.1550653576850891 | 0,0
2680 | 33.67594650015235 | 116.2318115234375,191.6562042236328,0.212051123380661 | 4.4357590675354,0.005245476961135864,6.721598765579984e-05 | 89.9 | 2.254732680739835e-05,-0.027247747406363487,-0.17684762179851532 | 0.745442271232605,-0.0027005630545318127,-0.07034961134195328 | 0,0
2690 | 33.80566629767418 | 116.8117904663086,191.656982421875,0.21199610829353333 | 4.506237506866455,0.003589477390050888,0.0013479229528456926 | 90.0 | -0.00016041753406170756,-0.006376036908477545,-0.17743301391601562 | 0.4346619248390198,-0.02939859963953495,0.13239412009716034 | 0,0
2700 | 33.93847719952464 | 117.4676513671875,191.65760803222656,0.21199485659599304 | 4.549464225769043,0.0018092665122821927,-0.00013562316598836333 | 90.0 | -0.00016256794333457947,0.00848500058054924,-0.1733979433774948 | 0.22285771369934082,-0.03438754752278328,-0.08158210664987564 | 0,0
2710 | 34.06982949748635 | 118.00106811523438,191.6579132080078,0.21200916171073914 | 4.566638469696045,0.0006334843928925693,-0.0006914917030371726 | 90.0 | 0.0003367892641108483,0.012640397064387798,-0.163677379488945 | 0.10191565752029419,-0.001496748416684568,0.032750386744737625 | 0,0
2720 | 34.19416959956288 | 118.57803344726562,191.6580352783203,0.21207602322101593 | 4.576532363891602,-0.0009800703264772892,0.0008042322006076574 | 90.0 | 0.00023564536240883172,0.011700095608830452,-0.16141100227832794 | 0.059682197868824005,0.001283080317080021,0.012772394344210625 | 0,0
2730 | 34.32363069802523 | 119.17205810546875,191.65798950195312,0.2120663821697235 | 4.58449649810791,-0.0025254373904317617,0.0005587748601101339 | 90.0 | 0.00028209100128151476,0.007877188734710217,-0.15383408963680267 | 0.052639663219451904,0.001969653647392988,-0.0884343758225441 | 0,0
2740 | 34.45098049938679 | 119.75617218017578,191.65777587890625,0.2120809108018875 | 4.591315746307373,-0.003613522509112954,0.0008805455290712416 | 90.0 | 5.526864333660342e-05,0.004689095541834831,-0.14369429647922516 | 0.06200319901108742,-0.027586301788687706,-0.04087652266025543 | 0,0
2750 | 34.57847809791565 | 120.34542846679688,191.65736389160156,0.21205569803714752 | 4.600240230560303,-0.004721483681350946,-0.0019925248343497515 | 90.1 | 0.00031555898021906614,0.002027758862823248,-0.13473398983478546 | 0.09044058620929718,-0.002479513641446829,-0.20414750277996063 | 0,0
2760 | 34.70687859877944 | 120.93514251708984,191.6568145751953,0.21206389367580414 | 4.610355854034424,-0.006034818012267351,-0.0007980423397384584 | 90.1 | 5.736760158470133e-06,0.00048462828272022307,-0.1310356706380844 | 0.09129934012889862,-0.027879538014531136,-0.15922118723392487 | 0,0
2770 | 34.840929199010134 | 121.55117797851562,191.65611267089844,0.21201679110527039 | 4.621464252471924,-0.007014445494860411,-1.2501002856879495e-05 | 90.1 | 0.0002535174717195332,-0.00012625189265236259,-0.12020845711231232 | 0.08910542726516724,0.0014516642550006509,-0.07163044065237045 | 0,0
2780 | 34.967699497938156 | 122.14181518554688,191.6552276611328,0.21207983791828156 | 4.6321330070495605,-0.007956577464938164,0.0007206029840745032 | 90.1 | 0.000237737171119079,-0.00022700346016790718,-0.1112571582198143 | 0.08725608885288239,0.000858545710798353,-0.042449116706848145 | 0,0
2790 | 35.097440999001265 | 122.74039459228516,191.654296875,0.21207064390182495 | 4.642752647399902,-0.008783145807683468,0.0016287332400679588 | 90.1 | 0.00020696995488833636,-0.00013576990750152618,-0.10187692940235138 | 0.07716719806194305,0.0010825053323060274,0.09096172451972961 | 0,0
2800 | 35.22533229738474 | 123.33607482910156,191.6531982421875,0.21207675337791443 | 4.653261184692383,-0.009537887759506702,-5.2149764087516814e-05 | 90.1 | 0.00024357148504350334,-5.971892096567899e-05,-0.09305615723133087 | 0.08694450557231903,0.0007467655232176185,-0.13075144588947296 | 0,0
2810 | 35.3583993986249 | 123.95757293701172,191.65199279785156,0.21201804280281067 | 4.664305210113525,-0.01036252360790968,-0.00018092578102368861 | 90.1 | 2.086729000438936e-05,-6.095392018323764e-05,-0.08685702830553055 | 0.09421572089195251,-0.016750173643231392,-0.13772641122341156 | 0,0
2820 | 35.48521899804473 | 124.54595184326172,191.65074157714844,0.21209098398685455 | 4.674855709075928,-0.010787216015160084,0.0012816350208595395 | 90.1 | 0.0001440526539226994,-7.181503315223381e-05,-0.07457663118839264 | 0.07877685874700546,0.0017939668614417315,0.1073068305850029 | 0,0
2830 | 35.61366229876876 | 125.1501235961914,191.64938354492188,0.21207953989505768 | 4.686029434204102,-0.01124266255646944,0.0004973650793544948 | 90.1 | 0.0002806594711728394,-0.00016691673954483122,-0.06528199464082718 | 0.09135584533214569,0.00899466685950756,-0.04025359824299812 | 0,0
2840 | 35.747730396687984 | 125.7781982421875,191.64791870117188,0.2120361328125 | 4.69806432723999,-0.01182962954044342,0.0010892458958551288 | 90.1 | 6.143802602309734e-05,-0.00023586618772242218,-0.05992630124092102 | 0.09306438267230988,-0.005502135492861271,-0.05894851312041283 | 0,0
2850 | 35.87819330021739 | 126.39321899414062,191.64645385742188,0.21204936504364014 | 4.710358619689941,-0.012193799950182438,0.001983619760721922 | 90.1 | 0.00020350822887849063,-0.0003031147352885455,-0.05195145308971405 | 0.09363146126270294,0.0017547208117321134,0.16207429766654968 | 0,0
2860 | 36.00232919678092 | 126.97393035888672,191.6449737548828,0.21212328970432281 | 4.722292900085449,-0.012547366321086884,0.0004039085179101676 | 90.2 | 8.4527946455637e-06,-0.0003108037053607404,-0.04617474228143692 | 0.09120536595582962,-0.007649675011634827,-0.016288403421640396 | 0,0
2870 | 36.130350299179554 | 127.58061981201172,191.6433868408203,0.2120872437953949 | 4.7351531982421875,-0.012749847956001759,-0.00035493093309924006 | 90.2 | 0.00011619889119174331,-0.0003497626748867333,-0.03820761665701866 | 0.10229062288999557,0.0002873159828595817,-0.04449953883886337 | 0,0
2880 | 36.258672297000885 | 128.18931579589844,191.6417694091797,0.21207602322101593 | 4.748306751251221,-0.01302171591669321,0.0004270786594133824 | 90.2 | 9.025165491038933e-05,-0.0002954663650598377,-0.03357037529349327 | 0.10046874731779099,0.0023996990639716387,0.001755384961143136 | 0,0
2890 | 36.39304629713297 | 128.8314666748047,191.64002990722656,0.2120092660188675 | 4.762348651885986,-0.013228924944996834,0.0008379907812923193 | 90.2 | 8.881575922714546e-05,-0.00024371153267566115,-0.027818886563181877 | 0.11106561124324799,-0.0061667365953326225,-0.018077222630381584 | 0,0
2900 | 36.520927499979734 | 129.438720703125,191.63839721679688,0.21207942068576813 | 4.77571439743042,-0.013409513048827648,0.00012852939835283905 | 90.2 | 6.386353925336152e-05,-0.00016969619900919497,-0.023772481828927994 | 0.10566778481006622,-0.004478453658521175,-0.043721072375774384 | 0,0
2910 | 36.65103289857507 | 130.06629943847656,191.6366424560547,0.21206553280353546 | 4.789562702178955,-0.013492155820131302,0.0009576670709066093 | 90.2 | 0.00014568395272362977,-0.00014520582044497132,-0.018276777118444443 | 0.11283721774816513,0.004663331434130669,0.001163353561423719 | 0,0
2920 | 36.776786997914314 | 130.664794921875,191.63497924804688,0.21209433674812317 | 4.802791118621826,-0.013678987510502338,-0.0008537883404642344 | 90.2 | 1.228160999744432e-05,-9.456276893615723e-05,-0.016504961997270584 | 0.11065666377544403,-0.0029837291222065687,-0.18692311644554138 | 0,0
2930 | 36.912011098116636 | 131.30911254882812,191.63311767578125,0.21202170848846436 | 4.816817283630371,-0.01377485878765583,0.0011630512308329344 | 90.2 | 4.7950247790140565e-06,-3.2847663533175364e-05,-0.013121562078595161 | 0.09356637299060822,-0.002477137604728341,0.0058234576135873795 | 0,0
2940 | 37.04002450034022 | 131.92868041992188,191.63131713867188,0.21207347512245178 | 4.8298115730285645,-0.013834651559591293,0.000712611828930676 | 90.2 | 1.7364724044455215e-05,0.00011766486568376422,-0.010038699954748154 | 0.09128836542367935,-0.001504052197560668,-0.05513596534729004 | 0,0
2950 | 37.173095997422934 | 132.5768280029297,191.62950134277344,0.21203361451625824 | 4.842952728271484,-0.013885422609746456,-0.00013135111657902598 | 90.2 | 4.58982030977495e-05,0.00019674455688800663,-0.0075166793540120125 | 0.1032697856426239,-0.001009313273243606,-0.04823536053299904 | 0,0
2960 | 37.30201390013099 | 133.20252990722656,191.62771606445312,0.2120639681816101 | 4.855074882507324,-0.01391886081546545,-3.998236570623703e-05 | 90.2 | 5.85601337661501e-05,0.0002775484463199973,-0.005262252874672413 | 0.09569111466407776,0.0007355725974775851,0.07751728594303131 | 0,0
2970 | 37.437277998775244 | 133.8605499267578,191.6258544921875,0.21202422678470612 | 4.867119312286377,-0.013983352109789848,0.0005018246592953801 | 90.2 | 4.969532528775744e-05,0.0003549518878571689,-0.004294303711503744 | 0.09239018708467484,-0.0009435993852093816,-0.06023858115077019 | 0,0
2980 | 37.56951919943094 | 134.49903869628906,191.62399291992188,0.21204139292240143 | 4.878199577331543,-0.014041999354958534,-0.0004347499052528292 | 90.2 | -3.29758768202737e-05,0.0003885429759975523,-0.0036962793674319983 | 0.08191636949777603,-0.0005863197147846222,-0.011558967642486095 | 0,0
2990 | 37.698490899056196 | 135.13441467285156,191.62216186523438,0.2120763659477234 | 4.888441562652588,-0.014117596670985222,0.00022437087318394333 | 90.2 | -1.283760411752155e-05,0.00045337690971791744,-0.0037784413434565067 | 0.07877384126186371,-0.0005532334325835109,-0.06859755516052246 | 0,0
3000 | 37.8276501968503 | 135.7656707763672,191.62034606933594,0.21208555996418 | 4.897939205169678,-0.014156748540699482,0.0006701310630887747 | 90.2 | 3.348057725816034e-05,0.00046147688408382237,-0.0030400154646486044 | 0.07071022689342499,-0.0004733367240987718,0.012965182773768902 | 0,0
3010 | 37.957808297127485 | 136.40174865722656,191.6185302734375,0.212071031332016 | 4.90724515914917,-0.014187409542500973,0.001117294654250145 | 90.2 | 1.1167600860062521e-05,0.00035693636164069176,-0.002213846892118454 | 0.06679458916187286,-0.0003830687783192843,0.08713036775588989 | 0,0
3020 | 38.088229298591614 | 137.04718017578125,191.61666870117188,0.21204569935798645 | 4.916772842407227,-0.014179117046296597,-0.0014652862446382642 | 90.2 | 6.770394247723743e-05,0.0001802426704671234,-0.0006249425350688398 | 0.08534608036279678,-0.00016336547560058534,-0.1416397988796234 | 0,0
3030 | 38.21949980035424 | 137.69097900390625,191.6148223876953,0.2120480239391327 | 4.926453590393066,-0.014132697135210037,0.0011704819044098258 | 90.2 | 3.070921957259998e-05,3.549066968844272e-05,0.001549152540974319 | 0.07317661494016647,4.0494869608664885e-05,0.08228927850723267 | 0,0
3040 | 38.351429399102926 | 138.32962036132812,191.6129913330078,0.21206271648406982 | 4.936182022094727,-0.014039491303265095,-0.0010713256197050214 | 90.2 | 8.281195187009871e-05,-4.810292011825368e-05,0.00433825608342886 | 0.06882810592651367,0.0006991226691752672,-0.12223902344703674 | 0,0
3050 | 38.48460889980197 | 139.0001678466797,191.61106872558594,0.21208330988883972 | 4.946406841278076,-0.013903125189244747,0.0006430885987356305 | 90.2 | 0.00011909108434338123,-4.962243474437855e-05,0.00748036801815033 | 0.0741531103849411,0.0010247398167848587,0.01348164677619934 | 0,0
3060 | 38.61785999685526 | 139.65615844726562,191.6092071533203,0.21202155947685242 | 4.95614767074585,-0.013699216768145561,0.0009506928618066013 | 90.2 | 0.00010253214713884518,2.1317981008905917e-05,0.011375504545867443 | 0.06938451528549194,0.0019487474346533418,0.06377305090427399 | 0,0
3070 | 38.743812300264835 | 140.28497314453125,191.60748291015625,0.21208555996418 | 4.965155601501465,-0.0134436571970582,0.0008374722092412412 | 90.2 | 0.000106212763057556,0.00011829606955870986,0.015968551859259605 | 0.06782357394695282,0.001744100241921842,-0.035159144550561905 | 0,0
3080 | 38.873623199760914 | 140.9217987060547,191.60569763183594,0.212071493268013 | 4.9741034507751465,-0.013140765950083733,1.3015987860853784e-05 | 90.2 | 0.00010826142533915117,0.00010867743549169973,0.019903726875782013 | 0.06377577036619186,0.004113387782126665,0.0767078846693039 | 0,0
3090 | 39.00408609956503 | 141.5791015625,191.60397338867188,0.2120455503463745 | 4.983455181121826,-0.012786822393536568,-0.0013450841652229428 | 90.1 | 9.729548037284985e-05,4.692296715802513e-05,0.024205036461353302 | 0.07965519279241562,0.002250110264867544,-0.23075851798057556 | 0,0
3100 | 39.133970096707344 | 142.23048400878906,191.60232543945312,0.21205775439739227 | 4.993100166320801,-0.012332918122410774,0.0006474443944171071 | 90.1 | 0.00011950929911108688,-0.00010710862989071757,0.029712729156017303 | 0.07923448085784912,0.002845542738214135,0.008512280881404877 | 0,0
3110 | 39.26615319773555 | 142.8879852294922,191.60069274902344,0.212299183011055 | 5.003127098083496,-0.011782297864556313,0.006734729744493961 | 90.1 | 0.0001870427222456783,-0.00019140500808134675,0.03606957942247391 | 0.07600896060466766,0.00755758723244071,-0.10010726004838943 | 0,0
3120 | 39.394203796982765 | 143.5321807861328,191.59913635253906,0.21260496973991394 | 5.013034343719482,-0.011791893281042576,0.00028522778302431107 | 90.1 | -1.6846197468112223e-05,-0.00017068989109247923,0.029862642288208008 | 0.08228831738233566,0.005178484134376049,-0.021752893924713135 | 0,0
3130 | 39.51943250000477 | 144.1605987548828,191.59767150878906,0.2125503122806549 | 5.023083209991455,-0.011449760757386684,-0.0007020844495855272 | 90.1 | 4.1617578972363845e-05,-0.00025852443650364876,0.08778946846723557 | 0.11151565611362457,0.0017910407623276114,-0.0020032848697155714 | 0,0
3140 | 39.650555197149515 | 144.81640625,191.5961456298828,0.21246406435966492 | 5.020450115203857,-0.011115987785160542,-0.0005800790386274457 | 90.1 | -9.295178460888565e-05,0.0042909071780741215,0.6231135129928589 | -0.018917137756943703,-0.00963603612035513,0.00282206735573709 | 0,0
3150 | 39.776972498744726 | 145.44349670410156,191.59481811523438,0.21211402118206024 | 4.790856838226318,-0.010571926832199097,-0.004597920924425125 | 90.1 | -0.00011707544763339683,0.08107134699821472,0.047493692487478256 | -4.682887554168701,0.006065584719181061,-0.059013161808252335 | 0,0
3160 | 39.903915498405695 | 145.99191284179688,191.59368896484375,0.21208472549915314 | 3.8794801235198975,-0.007307455409318209,-0.0005107981851324439 | 90.1 | 0.0008133159135468304,0.22900927066802979,0.06472953408956528 | -8.176262855529785,0.024844733998179436,0.17295703291893005 | 0,0
3170 | 40.029760397970676 | 146.43447875976562,191.5927734375,0.21231964230537415 | 3.3841934204101562,-0.0058775427751243114,0.0010900513734668493 | 90.1 | 0.00014165251923259348,0.051350951194763184,0.051786188036203384 | -1.0904287099838257,0.0014266641810536385,-0.022158600389957428 | 0,0
3180 | 40.15407259762287 | 146.85755920410156,191.59201049804688,0.21232905983924866 | 3.4368972778320312,-0.005475461483001709,0.0014201978920027614 | 90.1 | -0.0001371249818475917,-0.11981238424777985,0.05193561315536499 | 1.2334558963775635,0.006712131667882204,0.1248636394739151 | 0,0
3190 | 40.2844038978219 | 147.3179473876953,191.59124755859375,0.21215903759002686 | 3.6684508323669434,-0.005330062936991453,-0.00025483572972007096 | 90.1 | -0.0002524662995710969,-0.15832102298736572,0.056855518370866776 | 2.045347213745117,0.006338282488286495,-0.08167325705289841 | 0,0
3200 | 40.41362959891558 | 147.81570434570312,191.5905303955078,0.21201899647712708 | 3.954486846923828,-0.005212899297475815,0.000405231025069952 | 90.1 | -0.00012031179358018562,-0.12606683373451233,0.06184243783354759 | 2.334601640701294,0.0070126960054039955,-0.006788702681660652 | 0,0
3210 | 40.540901098400354 | 148.33255004882812,191.58981323242188,0.21197035908699036 | 4.152366638183594,-0.00487343966960907,0.00142600666731596 | 90.1 | -3.603123332140967e-05,-0.04505840688943863,0.06794307380914688 | -0.5137684941291809,-0.00031099040643312037,0.05211809277534485 | 0,0
3220 | 40.67657610028982 | 148.85488891601562,191.58917236328125,0.2120181918144226 | 3.463642120361328,-0.0034813981037586927,0.0010721179423853755 | 90.1 | 0.00011110297054983675,0.21540459990501404,0.06607832759618759 | -7.327760219573975,0.012140358798205853,0.10193651169538498 | 0,0
3230 | 40.804585199803114 | 149.236572265625,191.58876037597656,0.21236515045166016 | 2.666349411010742,-0.0021520121954381466,0.0013418406015262008 | 90.0 | 0.0002231515827588737,0.1679205447435379,0.05224526301026344 | -2.1192846298217773,0.009024467319250107,0.03243955969810486 | 0,0
3240 | 40.94124049693346 | 149.59951782226562,191.58843994140625,0.2123248279094696 | 2.7062458992004395,-0.0019279519328847528,0.000848726776894182 | 90.0 | -0.00019696782692335546,-0.08466264605522156,0.04704223573207855 | 1.6285065412521362,-0.006350927986204624,-0.06164358928799629 | 0,0
3250 | 41.06796909868717 | 149.9593505859375,191.5881805419922,0.21224239468574524 | 2.960474729537964,-0.0016768728382885456,-0.000296496698865667 | 90.0 | -7.800032472005114e-05,-0.15112760663032532,0.05334126949310303 | 2.486769914627075,0.0044463276863098145,-0.13992969691753387 | 0,0
3260 | 41.19728669896722 | 150.36251831054688,191.58792114257812,0.21206729114055634 | 3.269110679626465,-0.0016476205782964826,-9.212255099555477e-05 | 90.0 | -0.0002778710040729493,-0.12846648693084717,0.05408557131886482 | 2.5608069896698,-0.0032183933071792126,0.05827927961945534 | 0,0
3270 | 41.3286770991981 | 150.80870056152344,191.587646484375,0.211944580078125 | 3.6097304821014404,-0.0010816723806783557,-0.0018899025162681937 | 90.0 | 0.00011675908899633214,-0.07287083566188812,0.06528302282094955 | 1.7689658403396606,0.005564790219068527,-0.11936666071414948 | 0,0
3280 | 41.45417569950223 | 151.25982666015625,191.58746337890625,0.21198534965515137 | 3.3355233669281006,-0.0006568998214788735,0.0003827194741461426 | 90.0 | 4.2281762944185175e-06,0.12609776854515076,0.06432050466537476 | -5.677645206451416,0.010927442461252213,-0.024814430624246597 | 0,0
3290 | 41.58079759776592 | 151.6215362548828,191.58737182617188,0.21223051846027374 | 2.5187113285064697,-0.000217028587940149,0.00036647089291363955 | 90.0 | -0.00017112675413955003,0.22135686874389648,0.048882462084293365 | -3.889953374862671,-0.0025062973145395517,-0.00768576143309474 | 0,0
3300 | 41.71140639856458 | 151.9403839111328,191.58734130859375,0.21229690313339233 | 2.5088608264923096,5.418262298917398e-05,0.00037583394441753626 | 90.0 | -7.617726805619895e-05,-0.025477824732661247,0.043054450303316116 | 1.2640258073806763,-0.00553504191339016,0.004356774035841227 | 0,0
3310 | 41.84209789708257 | 152.2889404296875,191.5872802734375,0.21215102076530457 | 2.7702388763427734,0.00034763934672810137,-0.0017329504480585456 | 90.0 | -7.962356903590262e-05,-0.12499042600393295,0.04654312878847122 | 2.6339735984802246,-0.005348124075680971,-0.24141745269298553 | 0,0
3320 | 41.97377239912748 | 152.67860412597656,191.58726501464844,0.21205955743789673 | 3.091991901397705,0.0008263163617812097,0.0006211572326719761 | 90.0 | 3.483910040813498e-05,-0.11612316220998764,0.05381246656179428 | 2.58506178855896,0.005315233953297138,0.10007377713918686 | 0,0
3330 | 42.099155496805906 | 153.08074951171875,191.58740234375,0.21198096871376038 | 3.350416898727417,0.001238571247085929,0.0009680864750407636 | 90.0 | 4.097610144526698e-05,-0.058274418115615845,0.05805341154336929 | 0.3960089087486267,0.002945906249806285,0.03261794522404671 | 0,0
3340 | 42.22581319883466 | 153.4815216064453,191.58750915527344,0.21203628182411194 | 2.8106796741485596,0.0013141356175765395,0.0005047467420808971 | 90.0 | -0.00027377085643820465,0.193983793258667,0.05391222983598709 | -7.343828201293945,-0.00668408302590251,0.06545712798833847 | 0,0
3350 | 42.3540606983006 | 153.79693603515625,191.587646484375,0.21223467588424683 | 2.341334104537964,0.0014088706811890006,0.0005598710267804563 | 90.0 | 1.2538772352854721e-05,0.10305126011371613,0.041498154401779175 | 0.023848218843340874,0.0013666116865351796,0.10742376744747162 | 0,0
3360 | 42.482170298695564 | 154.10870361328125,191.5878143310547,0.21222427487373352 | 2.5165491104125977,0.0017077557276934385,0.0013918282929807901 | 90.0 | 0.00010541950177866966,-0.0792313739657402,0.04136895388364792 | 2.0554299354553223,0.002863414818421006,0.08549270778894424 | 0,0
3370 | 42.611107498407364 | 154.45065307617188,191.5879669189453,0.21210719645023346 | 2.811743974685669,0.002036299789324403,-0.00014983156870584935 | 90.0 | -5.471328040584922e-05,-0.1193941980600357,0.04253668710589409 | 2.4815609455108643,-0.0029677748680114746,-0.10624630749225616 | 0,0
3380 | 42.7435665987432 | 154.84738159179688,191.5882110595703,0.21192122995853424 | 3.1449992656707764,0.0026762422639876604,-0.0009483449975959957 | 90.0 | 0.00014076913066674024,-0.09505978971719742,0.048950135707855225 | 2.775205373764038,0.01173967495560646,-0.013455173932015896 | 0,0
3390 | 42.873547699302435 | 155.2568359375,191.5885467529297,0.21195098757743835 | 2.972675323486328,0.0028271779883652925,0.0013828710652887821 | 89.9 | -0.00012362193956505507,0.09969419986009598,0.05083264410495758 | -5.040070533752441,0.0025236045476049185,-0.02322271838784218 | 0,0
3400 | 43.00284289941192 | 155.58297729492188,191.58883666992188,0.21220183372497559 | 2.2595808506011963,0.002385467290878296,0.0013226658338680863 | 89.9 | -0.00016416993457823992,0.1801854521036148,0.03852008655667305 | -1.941723346710205,0.003145624650642276,0.08209703862667084 | 0,0
3410 | 43.1283371001482 | 155.87063598632812,191.58917236328125,0.21227248013019562 | 2.349914073944092,0.00263788434676826,-4.181334224995226e-05 | 89.9 | 9.965035860659555e-05,-0.03966023772954941,0.035344015806913376 | 1.831688404083252,0.0013842288171872497,-0.029285689815878868 | 0,0
3420 | 43.25654339790344 | 156.19082641601562,191.5895233154297,0.21214526891708374 | 2.6307449340820312,0.00308990478515625,-0.00029597265529446304 | 89.9 | 0.0001519251527497545,-0.11558831483125687,0.03670213744044304 | 2.595534086227417,0.008177772164344788,-0.10742447525262833 | 0,0
3430 | 43.38594380021095 | 156.55450439453125,191.58987426757812,0.21199505031108856 | 2.9558935165405273,0.0037038226146250963,0.0008944939472712576 | 89.9 | 0.00020343021606095135,-0.10370316356420517,0.04059689864516258 | 2.616717576980591,0.008753180503845215,-0.019028980284929276 | 0,0
3440 | 43.51612379774451 | 156.9588623046875,191.59039306640625,0.21190470457077026 | 3.285444498062134,0.00426259683445096,-0.00011810682190116495 | 89.9 | -3.931256287614815e-05,-0.06939978897571564,0.04147595912218094 | 2.482694387435913,-0.0014130229828879237,-0.030863313004374504 | 0,0
3450 | 43.644414599984884 | 157.39173889160156,191.59092712402344,0.21189624071121216 | 3.3225419521331787,0.004588845185935497,0.00011323450598865747 | 89.9 | -0.00015884553431533277,0.06348007917404175,0.04428388923406601 | -3.0982933044433594,-0.007529598660767078,-0.04213976487517357 | 0,0
3460 | 43.774095598608255 | 157.7819061279297,191.59146118164062,0.21206195652484894 | 2.7845044136047363,0.004167400300502777,0.0005537671968340874 | 89.9 | -0.00010471617133589461,0.1603020429611206,0.03879868984222412 | -1.2902517318725586,0.0034066636580973864,0.07307721674442291 | 0,0
3470 | 43.9025032967329 | 158.14320373535156,191.5919952392578,0.2121376395225525 | 2.8563308715820312,0.0043948618695139885,0.0005097987013868988 | 89.9 | 4.2406321881571785e-05,-0.009194083511829376,0.0336262509226799 | 1.666637897491455,0.0001824040518840775,0.043391838669776917 | 0,0
3480 | 44.032560899853706 | 158.52615356445312,191.592529296875,0.21207697689533234 | 3.1128172874450684,0.005037748254835606,0.0008742977515794337 | 89.9 | 0.00023949725436978042,-0.08159199357032776,0.0359157994389534 | 2.028165817260742,0.006859596818685532,0.14034633338451385 | 0,0
3490 | 44.163585897535086 | 158.9617462158203,191.5932159423828,0.21196089684963226 | 3.427180290222168,0.005751078482717276,0.0010304987663403153 | 89.9 | 0.000167017278727144,-0.08103622496128082,0.03750753402709961 | 2.503831148147583,0.008985497057437897,0.052365101873874664 | 0,0
3500 | 44.295209396630526 | 159.43714904785156,191.59396362304688,0.21187393367290497 | 3.7496626377105713,0.006558016873896122,0.00019248358148615807 | 89.9 | 0.00015444823657162488,-0.05634661763906479,0.039532531052827835 | 2.7132396697998047,0.009391670115292072,-0.02085023745894432 | 0,0
3510 | 44.43341949954629 | 159.97735595703125,191.59487915039062,0.21177959442138672 | 4.079428672790527,0.007310175336897373,0.00017333538562525064 | 89.9 | 2.806360316753853e-05,-0.029834061861038208,0.03790159896016121 | 2.509671211242676,0.007073232438415289,-0.14054162800312042 | 0,0
3520 | 44.56149919703603 | 160.52183532714844,191.59584045410156,0.21185214817523956 | 4.348087787628174,0.008025087416172028,0.0012329143937677145 | 89.9 | -5.7324377848999575e-05,-0.0030714040622115135,0.03726065903902054 | 1.8117789030075073,0.0009288190631195903,0.012687565758824348 | 0,0
3530 | 44.692415699362755 | 161.10397338867188,191.5968780517578,0.2118355929851532 | 4.534089088439941,0.008677059784531593,0.0015549130039289594 | 89.9 | 1.9721745047718287e-05,0.02575579471886158,0.036857329308986664 | 1.0655872821807861,0.008977844379842281,0.21180856227874756 | 0,0
3540 | 44.82066049799323 | 161.69027709960938,191.5979766845703,0.21191741526126862 | 4.630823612213135,0.009111689403653145,0.0009016761905513704 | 89.9 | -4.552074824459851e-05,0.04445938020944595,0.0349152497947216 | 0.4656466245651245,0.004481000825762749,0.058374542742967606 | 0,0
3550 | 44.95075849816203 | 162.30255126953125,191.59912109375,0.2119370549917221 | 4.66693639755249,0.009460839442908764,0.0017787566175684333 | 89.9 | -8.223261829698458e-05,0.048469237983226776,0.03292398527264595 | 0.12446487694978714,0.00382385216653347,0.14093591272830963 | 0,0
3560 | 45.07639639824629 | 162.88528442382812,191.60031127929688,0.21203117072582245 | 4.669950008392334,0.009740862995386124,0.00020344120275694877 | 89.9 | 1.65437777468469e-05,0.0410948172211647,0.031221777200698853 | -0.033363014459609985,0.0027362084947526455,-0.08871929347515106 | 0,0
3570 | 45.20527769997716 | 163.476806640625,191.60153198242188,0.2120514214038849 | 4.662473201751709,0.009917345829308033,-0.0008603008463978767 | 89.9 | -0.00011832395830424502,0.028544750064611435,0.028076091781258583 | -0.061034735292196274,0.0006819161353632808,-0.1400732547044754 | 0,0
3580 | 45.335497196763754 | 164.09320068359375,191.60281372070312,0.21203476190567017 | 4.6553497314453125,0.01015655230730772,0.0017232669051736593 | 89.9 | -1.4274323802965228e-05,0.01560086291283369,0.02626463957130909 | -0.03513825684785843,0.0033182655461132526,0.2130420058965683 | 0,0
3590 | 45.476550698280334 | 164.74362182617188,191.6042022705078,0.21202635765075684 | 4.653909683227539,0.010317280888557434,0.0011885303538292646 | 89.9 | -2.7392572519602254e-05,0.0058329664170742035,0.022821079939603806 | 0.011218960396945477,0.004355866927653551,0.07629969716072083 | 0,0
3600 | 45.60506599768996 | 165.34878540039062,191.6055450439453,0.21207618713378906 | 4.658572673797607,0.010401545092463493,0.00017675035633146763 | 89.9 | -0.0001357553992420435,0.0005687262746505439,0.018551358953118324 | 0.056193456053733826,-0.00034388210042379797,-0.07122641056776047 | 0,0
3610 | 45.75922479853034 | 166.12496948242188,191.60728454589844,0.21197468042373657 | 4.670765399932861,0.010586224496364594,0.002572097349911928 | 89.9 | -7.292757072718814e-05,-0.0020711252000182867,0.015714779496192932 | 0.16301403939723969,0.0010378992883488536,0.10643911361694336 | 0,0
3620 | 45.88619579747319 | 166.66061401367188,191.6084747314453,0.21209900081157684 | 4.6814284324646,0.010754035785794258,0.0015906939515843987 | 89.9 | 1.6420257452409714e-05,-0.002262936206534505,0.015263340435922146 | 0.09020072966814041,0.002042576903477311,0.032024286687374115 | 0,0
3630 | 46.01298559829593 | 167.258544921875,191.60987854003906,0.2121049463748932 | 4.693724155426025,0.010820301249623299,0.0013056079624220729 | 89.9 | -8.422845712630078e-05,-0.0017042619874700904,0.012283850461244583 | 0.09751421213150024,-0.0005705761141143739,0.10894550383090973 | 0,0
3640 | 46.13921619951725 | 167.8448944091797,191.6112060546875,0.21212367713451385 | 4.70582914352417,0.010916033759713173,0.00111576565541327 | 89.9 | -1.5085396626091097e-05,-0.00105373770929873,0.010587816126644611 | 0.08430061489343643,0.001693519065156579,0.08308076858520508 | 0,0
3650 | 46.2662869989872 | 168.4496307373047,191.61257934570312,0.21207477152347565 | 4.71792459487915,0.010960180312395096,-0.00023995168157853186 | 89.9 | -6.899119034642354e-05,-0.0004728247586172074,0.008183812722563744 | 0.10021515190601349,-0.0025423401966691017,0.025179129093885422 | 0,0
3660 | 46.39547269791365 | 169.05792236328125,191.61399841308594,0.21206317842006683 | 4.729780197143555,0.011038773693144321,0.001379708293825388 | 89.9 | -5.051444168202579e-05,-0.00014293390267994255,0.007009513676166534 | 0.0876852422952652,0.0014918401138857007,0.1357649713754654 | 0,0
