Simulation Frame | Timestamp | Position | Velocity | Heading | Angular Velocity | Acceleration | Stopped at Red Light + Light ID 
360 | 4.530062098056078 | 169.11412048339844,187.60748291015625,0.19656440615653992 | -5.927250385284424,-0.15135788917541504,1.2396344573062379e-06 | 268.5 | -0.006684768013656139,-0.0009236743208020926,-0.3032902777194977 | -0.007293639704585075,0.07004609704017639,0.0003126571828033775 | 0,0
370 | 4.662241097539663 | 168.33700561523438,187.58782958984375,0.19656379520893097 | -5.9273271560668945,-0.13992522656917572,-1.52566724409553e-06 | 268.6 | -0.007350451312959194,0.0007750707445666194,-0.4957764148712158 | 0.0050320737063884735,0.11555033177137375,-3.853769521811046e-05 | 0,0
380 | 4.790055397897959 | 167.5770721435547,187.56993103027344,0.19656184315681458 | -5.926063537597656,-0.1266566962003708,-5.244586986918875e-07 | 268.8 | -0.005122424103319645,0.0013609844027087092,-0.685620903968811 | 0.012406704016029835,0.09043870121240616,8.834652362565976e-06 | 0,0
390 | 4.916204698383808 | 166.8270263671875,187.55384826660156,0.19655951857566833 | -5.924264907836914,-0.11308186501264572,7.819158440725005e-07 | 268.9 | -0.001141678774729371,0.0012967427028343081,-0.8329927325248718 | 0.016817431896924973,0.037664636969566345,2.1352534531615674e-05 | 0,0
400 | 5.044326897710562 | 166.06935119628906,187.53933715820312,0.1965579241514206 | -5.922294616699219,-0.09601172059774399,1.239627920313069e-07 | 269.1 | -0.003253478556871414,0.0008394457981921732,-1.0186008214950562 | 0.01768246665596962,0.10671600699424744,2.4774937628535554e-05 | 0,0
410 | 5.1707923002541065 | 165.3201904296875,187.5267791748047,0.1965569704771042 | -5.920576095581055,-0.07970642298460007,-1.8403522972221253e-06 | 269.2 | -0.004588973708450794,0.0002870089956559241,-1.139730453491211 | 0.015659116208553314,0.207420215010643,-0.0002731496933847666 | 0,0
420 | 5.297915697097778 | 164.56253051757812,187.51605224609375,0.1965564638376236 | -5.918703556060791,-0.0643918439745903,-1.4303217312772176e-06 | 269.4 | -4.9429654609411955e-05,0.00014960009139031172,-1.2173707485198975 | 0.012439584359526634,0.11038041859865189,5.673899522662396e-06 | 0,0
430 | 5.422440700232983 | 163.8329620361328,187.50753784179688,0.19655688107013702 | -5.918068885803223,-0.049397069960832596,-1.0489163315696715e-07 | 269.5 | -0.0009298061486333609,-0.0004520287620835006,-1.2002286911010742 | 0.002272502752020955,0.1858094483613968,-1.7591535652172752e-05 | 0,0
440 | 5.554397199302912 | 163.0435333251953,187.5002899169922,0.19655776023864746 | -5.918076515197754,-0.03562692925333977,3.432824655646982e-07 | 269.7 | 0.002722197910770774,-0.0007118349894881248,-1.0647728443145752 | -0.003216494806110859,0.06425579637289047,0.00010720193677116185 | 0,0
450 | 5.676269996911287 | 162.3241424560547,187.49534606933594,0.1965586096048355 | -5.918010711669922,-0.02310766465961933,1.296837581321597e-06 | 269.8 | 0.0049829138442873955,-0.0004361225583124906,-1.040053367614746 | 0.0021283249370753765,0.05363008752465248,7.548579742433503e-05 | 0,0
460 | 5.80472719669342 | 161.56491088867188,187.4917755126953,0.196558877825737 | -5.91721773147583,-0.010834996588528156,-6.770208642592479e-07 | 269.9 | 0.001046067918650806,2.5678366000647657e-05,-0.9693718552589417 | 0.007055564783513546,0.05254954472184181,-0.00018072623061016202 | 0,0
470 | 5.9274596981704235 | 160.83802795410156,187.48976135253906,0.19655875861644745 | -5.916018009185791,-0.0017081750556826591,6.293514047683857e-07 | 270.0 | 0.004294208716601133,0.00028797300183214247,-0.8892000317573547 | 0.008213249035179615,0.02892959490418434,-3.445070979068987e-05 | 0,0
480 | 6.051890097558498 | 160.10385131835938,187.4889678955078,0.19655849039554596 | -5.914712429046631,0.007503165397793055,6.865645332254644e-07 | 270.1 | 0.004143356811255217,0.000269100972218439,-0.8170725703239441 | 0.008198578841984272,0.0315903015434742,1.0149490663025063e-05 | 0,0
490 | 6.1744969971477985 | 159.3741912841797,187.48931884765625,0.1965581476688385 | -5.913456439971924,0.015458585694432259,-5.625967673950072e-07 | 270.1 | 0.0027898282278329134,0.00013685741578228772,-0.74162358045578 | 0.00883718766272068,0.019838975742459297,-8.836068445816636e-05 | 0,0
500 | 6.302530199289322 | 158.61721801757812,187.49069213867188,0.1965579241514206 | -5.912045001983643,0.021472716704010963,2.5746098231138603e-07 | 270.2 | 0.004597382619976997,0.00011883654224220663,-0.6142270565032959 | 0.008370823226869106,0.06474877893924713,-3.414562888792716e-05 | 0,0
510 | 6.42600429803133 | 157.89247131347656,187.4928436279297,0.19655799865722656 | -5.9109015464782715,0.02708212099969387,-2.860690173633884e-08 | 270.3 | 0.0023010720033198595,-4.844298746320419e-05,-0.5495842695236206 | 0.005187767557799816,0.006549737881869078,-1.006462571240263e-05 | 0,0
520 | 6.551562000066042 | 157.15118408203125,187.4957733154297,0.1965581476688385 | -5.909945487976074,0.030602747574448586,-1.9071073609211453e-07 | 270.3 | 0.004163414239883423,-0.00016274512745440006,-0.43823152780532837 | 0.005627322476357222,0.018194740638136864,6.813171785324812e-05 | 0,0
530 | 6.675426699221134 | 156.41761779785156,187.49923706054688,0.19655834138393402 | -5.908987522125244,0.03443028777837753,1.2682307897193823e-06 | 270.3 | 0.0033353224862366915,-0.0001381345500703901,-0.36791548132896423 | 0.005480437073856592,-0.0005269416142255068,0.0001174234930658713 | 1,7
540 | 6.804861798882484 | 155.66639709472656,187.5035858154297,0.1965101957321167 | -5.728986740112305,0.04243328794836998,-1.5256870256052935e-06 | 270.4 | -0.0010513558518141508,0.10805366188287735,-0.4223940074443817 | 3.516979217529297,-0.0193251334130764,-0.00010054376616608351 | 1,7
550 | 6.928263898938894 | 155.00265502929688,187.5081024169922,0.1961667239665985 | -4.967067718505859,0.040467966347932816,-7.1898612077347934e-06 | 270.5 | 0.005229797679930925,0.33065393567085266,-0.41182079911231995 | 7.352572917938232,-0.060319684445858,-0.5601903200149536 | 1,7
560 | 7.067003898322582 | 154.4015350341797,187.51341247558594,0.19499950110912323 | -3.833693742752075,0.045336659997701645,-0.0009168019169010222 | 270.7 | 0.004494660533964634,0.3486141264438629,-0.5847014784812927 | 8.90767765045166,-0.04307086765766144,0.20696799457073212 | 1,7
570 | 7.193746998906136 | 153.98988342285156,187.51763916015625,0.1946730762720108 | -2.7060887813568115,0.03204232081770897,-0.0006945791537873447 | 270.7 | 0.012174882926046848,0.2619750201702118,-0.35119888186454773 | 9.964394569396973,-0.08241135627031326,-0.1745021492242813 | 1,7
580 | 7.326047997921705 | 153.71630859375,187.52059936523438,0.19445918500423431 | -1.5702288150787354,0.01946280337870121,0.0023596929386258125 | 270.7 | 0.0070692747831344604,0.13666296005249023,-0.19402723014354706 | 7.695131301879883,-0.07121263444423676,0.04097817465662956 | 1,7
590 | 7.451561499387026 | 153.5940704345703,187.52183532714844,0.19441081583499908 | -0.3068733811378479,0.003512441646307707,0.0004798666632268578 | 270.7 | 0.008162782527506351,0.20377618074417114,-0.10652434080839157 | 15.760965347290039,-0.16995340585708618,-0.1097940057516098 | 1,7
600 | 7.580387599766254 | 153.59176635742188,187.5218505859375,0.19451747834682465 | 0.00016765479813329875,-1.0347962415835354e-06,0.0013334671966731548 | 270.7 | -0.004350031726062298,-0.3095353841781616,-4.254954546922818e-06 | 0.001535356743261218,-2.2307522158371285e-05,0.11892107874155045 | 1,7
610 | 7.704121898859739 | 153.59207153320312,187.52183532714844,0.19511893391609192 | 0.0002262207999592647,-4.618080311047379e-06,0.00039212172850966454 | 270.7 | -0.0049270810559391975,-0.39813169836997986,3.975878371420549e-06 | -0.00010641791595844552,-1.0187051884713583e-05,0.06822516024112701 | 1,7
620 | 7.833007499575615 | 153.5923614501953,187.52183532714844,0.19562271237373352 | 0.00017349384143017232,-1.7093805126933148e-06,0.0010532935848459601 | 270.7 | -0.003355716122314334,-0.29417991638183594,-1.1999595699307974e-05 | -0.0005022870609536767,7.104989435902098e-06,-0.016004737466573715 | 1,7
630 | 7.956883396953344 | 153.592529296875,187.52183532714844,0.1959783136844635 | 0.00010742607992142439,-1.071489464266051e-06,0.0008353296434506774 | 270.7 | -0.002083556493744254,-0.1781003326177597,-8.322892426804174e-06 | -0.00048625009367242455,1.5428964843522408e-06,-0.025613196194171906 | 1,7
640 | 8.084302797913551 | 153.59263610839844,187.52183532714844,0.19613677263259888 | 5.7098728575510904e-05,-6.115780593063391e-07,-5.207353751757182e-05 | 270.7 | -0.0011020301608368754,-0.09344076365232468,-4.792458184965653e-06 | -0.0003248743887525052,2.4617017970740562e-06,-0.06650297343730927 | 1,7
650 | 8.213518299162388 | 153.59266662597656,187.52183532714844,0.196211576461792 | 1.7016282072290778e-05,-3.464709834588575e-07,0.0011414381442591548 | 270.7 | -0.00041173596400767565,-0.028070885688066483,-1.4461240880336845e-06 | 3.157480387017131e-05,2.3580994366056984e-06,0.29928988218307495 | 1,7
660 | 8.34139809757471 | 153.5926971435547,187.52183532714844,0.19625899195671082 | 1.601145413587801e-05,-2.783556567464984e-07,0.0006546934018842876 | 270.7 | -0.0004225786542519927,-0.026195211336016655,-1.3663473055203212e-06 | -3.3490650821477175e-05,-2.644350843183929e-06,0.011253057979047298 | 1,7
670 | 8.466615799814463 | 153.5926971435547,187.52183532714844,0.19630523025989532 | 1.0775473128887825e-05,-1.6617458697965048e-07,0.0004370161041151732 | 270.7 | -0.00025592927704565227,-0.017552293837070465,-9.251475603377912e-07 | -4.0937989979283884e-05,2.447134193062084e-07,-0.022042084485292435 | 1,7
680 | 8.590505197644234 | 153.59271240234375,187.52183532714844,0.1962853968143463 | 2.7482776658871444e-06,-8.591663203105782e-08,-0.0003633340238593519 | 270.7 | -0.00010764825128717348,-0.00455700745806098,-2.393081217633153e-07 | 2.3369124392047524e-05,1.0755077255453216e-06,-0.01799904927611351 | 1,7
690 | 8.71377969905734 | 153.59271240234375,187.52183532714844,0.196278378367424 | 3.522104634612333e-06,-4.1210306278571807e-08,0.0005545345484279096 | 270.7 | -9.08078727661632e-05,-0.005755603779107332,-3.023293402293348e-07 | -2.4229937025666004e-06,2.1193194754687283e-07,-0.005936420056968927 | 1,7
700 | 8.836333997547626 | 153.5927276611328,187.52183532714844,0.19627876579761505 | 2.6430143407196738e-06,-2.1561229246458424e-08,0.0007169830496422946 | 270.7 | -4.6449396904790774e-05,-0.004302626941353083,-2.291090765993431e-07 | -8.782345503277611e-06,-7.627492664141755e-07,0.00833235215395689 | 1,7
710 | 8.95768129825592 | 153.5927276611328,187.52183532714844,0.1962934136390686 | 2.4228339157161827e-07,-1.3004152421558501e-08,0.00017918439698405564 | 270.7 | -2.423976911813952e-05,-0.00044942597742192447,-2.2841883051683e-08 | 2.0785977540072054e-05,-1.11565225324739e-06,0.015372587367892265 | 1,7
720 | 9.084272596985102 | 153.5927276611328,187.52183532714844,0.19623184204101562 | 7.551054181931249e-07,-3.49710860270136e-09,-7.897338946349919e-05 | 270.7 | -3.157075116178021e-05,-0.0012358891544863582,-6.452342660168142e-08 | 8.219350320359808e-07,2.3016910688511416e-07,-0.04868609085679054 | 1,7
730 | 9.21404629945755 | 153.5927276611328,187.52183532714844,0.19620169699192047 | 6.320726129160903e-07,-1.149054451587972e-08,-0.0019094893941655755 | 270.7 | 7.611924047523644e-06,-0.0010282696457579732,-5.676687919731194e-08 | -1.9113610960630467e-06,1.6040122545746271e-06,-0.027355516329407692 | 1,7
740 | 9.335058096796274 | 153.5927276611328,187.52183532714844,0.19628681242465973 | 4.1508067738504906e-07,3.780951107756891e-09,0.0012917086714878678 | 270.7 | -1.9664641968120122e-06,-0.0006755184731446207,-3.6046028384362216e-08 | -1.356704729005287e-06,-5.570625489781378e-07,0.08885502070188522 | 1,7
750 | 9.457224298268557 | 153.5927276611328,187.52183532714844,0.19644023478031158 | 1.479721447594784e-07,-1.5554403987039223e-08,5.2026025514351204e-05 | 270.7 | -1.3718503396376036e-05,-0.00024311302695423365,-1.3230069484393425e-08 | 4.3852080011674843e-07,-2.98639321272276e-07,-0.060159165412187576 | 1,7
760 | 9.584739997982979 | 153.5927276611328,187.52183532714844,0.19637542963027954 | 1.5015727683476143e-07,-2.4542634591284695e-09,0.0004779520386364311 | 270.7 | -2.526321986806579e-05,-0.00024392847262788564,-1.2390600545586494e-08 | -5.540333063436265e-07,-9.946264754034928e-07,0.05168550834059715 | 1,7
770 | 9.711520098149776 | 153.5927276611328,187.52183532714844,0.1963571161031723 | 1.0198304067898789e-07,-2.0497386898910008e-08,0.0006155044538900256 | 270.7 | 3.0438568501267582e-06,-0.00016484201478306204,-1.1191226612083938e-08 | -7.958905143823358e-07,3.31967378031095e-08,0.14886364340782166 | 1,7
780 | 9.84006080031395 | 153.5927276611328,187.52183532714844,0.19628725945949554 | 3.3970593449339503e-08,2.5999916886121355e-08,0.00018625818483997136 | 270.7 | -1.6674234757374506e-06,-5.5241616792045534e-05,-1.4283997318287334e-09 | 1.160184837090128e-07,-4.791557444150385e-07,-0.016192475333809853 | 1,7
790 | 9.962295398116112 | 153.5927276611328,187.52183532714844,0.1963183879852295 | 3.274775650652373e-08,-1.9720425292746313e-09,0.000834006117656827 | 270.7 | 6.32513774689869e-06,-5.164240428712219e-05,-3.0196534162030275e-09 | -6.864181614218978e-07,5.334593424777268e-07,0.028416721150279045 | 1,7
800 | 10.088972199708223 | 153.5927276611328,187.52183532714844,0.19628684222698212 | 3.020781136342521e-08,-1.3927428987869916e-08,0.000914131582248956 | 270.7 | 1.0615308383421507e-05,-4.953402458340861e-05,-3.6740874787000166e-09 | -8.323087108408345e-09,9.588585498931934e-07,0.055637177079916 | 1,7
810 | 10.219554599374533 | 153.5927276611328,187.52183532714844,0.1963403970003128 | 7.084209219243576e-09,-5.2962304680770345e-11,0.0031827683560550213 | 270.7 | -9.197094641422154e-08,-1.3134508662915323e-05,-6.646874162186123e-10 | 3.883715748997929e-07,-2.9035074344818668e-09,0.1744862049818039 | 1,7
820 | 10.347346898168325 | 153.5927276611328,187.52183532714844,0.19642062485218048 | 1.1593915161256518e-08,-2.881687244382647e-08,0.0014614351093769073 | 270.7 | -2.3316883016377687e-05,-1.9782282834057696e-05,-1.6369188227116638e-09 | 2.402182701644051e-07,-1.4534445824665454e-07,0.07738396525382996 | 1,7
830 | 10.469573300331831 | 153.5927276611328,187.52183532714844,0.1964234560728073 | 3.903405154659367e-09,-7.216181430180768e-09,0.0006899621803313494 | 270.7 | -1.4422928870772012e-05,-5.610340394923696e-06,-1.699370227870034e-10 | -2.646739858391811e-07,-5.208973448134202e-07,0.02834564819931984 | 1,7
840 | 10.590125098824501 | 153.5927276611328,187.52183532714844,0.196405291557312 | 5.359488852718641e-09,-1.7225195492187595e-08,6.413666415028274e-05 | 270.7 | -1.3680788470082916e-05,-9.230252544512041e-06,-6.382119277503762e-10 | 9.580047333201946e-08,1.9133684858729794e-08,0.05065574496984482 | 1,7
850 | 10.711952198296785 | 153.5927276611328,187.52183532714844,0.1964484006166458 | 2.699720891286006e-09,2.1920619985849044e-08,0.0005593121168203652 | 270.7 | 5.40301225555595e-05,-6.130263955128612e-06,-3.1203528649825785e-09 | 5.537362994800787e-07,1.8419567027194717e-07,0.09711164236068726 | 1,7
860 | 10.836293399333954 | 153.5927276611328,187.52183532714844,0.19640785455703735 | 1.3637537765731622e-09,-4.5730748077232874e-09,0.0006332237971946597 | 270.7 | -4.6253953769337386e-05,-1.8861425132854492e-06,2.9549640512271935e-09 | 5.9539864594171377e-08,-6.712546678500075e-07,0.007142791990190744 | 1,7
870 | 10.959923800081015 | 153.5927276611328,187.52183532714844,0.19637496769428253 | 3.3381308828239753e-09,4.9770743082433455e-09,0.0005332707660272717 | 270.7 | -2.4998882508953102e-05,-5.172576038603438e-06,2.2566288837566617e-09 | 3.882469812310774e-08,5.919074652638301e-08,0.01286173053085804 | 1,7
880 | 11.085775699466467 | 153.5927276611328,187.52183532714844,0.19628676772117615 | -3.6516725199220446e-09,1.6570652405789588e-08,-9.194213635055348e-05 | 270.7 | 4.009218537248671e-05,6.646660949627403e-06,2.895411466141695e-09 | -1.880319331348801e-07,4.260486548446352e-06,-0.0007309463690035045 | 1,7
890 | 11.212855797261 | 153.5927276611328,187.52183532714844,0.1962488889694214 | 4.273870146676018e-09,1.9557370833922505e-08,0.0005976335378363729 | 270.7 | 3.875913535011932e-05,-9.39676374400733e-06,-2.869623427770307e-10 | 6.24224867351586e-07,1.095619950319815e-06,0.21114423871040344 | 1,7
900 | 11.338855899870396 | 153.5927276611328,187.52183532714844,0.19625888764858246 | 7.634505805320657e-10,1.407913674533745e-09,0.0016457849415019155 | 270.7 | -3.079019734286703e-05,-9.162108085547516e-07,2.8599544954488465e-10 | -8.724720146346954e-08,-2.40095027947973e-06,0.01769937388598919 | 1,7
910 | 11.45943309739232 | 153.5927276611328,187.52183532714844,0.19630610942840576 | 4.692887412005575e-09,-2.077241489928383e-08,0.0001810821268009022 | 270.7 | -3.915172419510782e-05,-8.661158972245175e-06,-6.613899428131731e-10 | 4.01365610969151e-07,-1.7765892152965534e-06,0.015487296506762505 | 1,7
920 | 11.578558098524809 | 153.5927276611328,187.52183532714844,0.19628532230854034 | 2.590240799626997e-10,3.503662249215722e-09,-5.399059227784164e-05 | 270.7 | -2.1358002413762733e-05,1.1104239092674106e-06,-5.871812480684468e-10 | -4.820211074729741e-07,-2.5919014206010615e-06,-0.06062285229563713 | 1,7
930 | 11.701962199062109 | 153.5927276611328,187.52183532714844,0.19624485075473785 | 3.50172846275143e-09,2.7852444794973508e-09,0.0003412593505345285 | 270.7 | 2.2514810552820563e-05,-8.148383130901493e-06,-2.5867321618022743e-09 | 7.982550869201077e-07,-7.069674552440119e-07,0.2636612057685852 | 1,7
940 | 11.829620398581028 | 153.5927276611328,187.52183532714844,0.19622935354709625 | -2.9557900571575146e-09,4.075638937450776e-09,-0.0010965479305014014 | 270.7 | 6.427208973036613e-06,5.690114448952954e-06,2.2731423410249363e-09 | -3.855722070511547e-07,2.2076128516346216e-06,-0.17332486808300018 | 0,0
950 | 11.94889359921217 | 153.59288024902344,187.52183532714844,0.19624671339988708 | 0.013211729004979134,-0.00015225607785396278,-0.00012087320646969602 | 270.7 | 0.00026814857847057283,0.012438397854566574,0.0010484529193490744 | 1.1129039525985718,-0.012824632227420807,-0.052672743797302246 | 0,0
960 | 12.070395298302174 | 153.59034729003906,187.52183532714844,0.19626720249652863 | -0.0716535896062851,0.0009554437128826976,0.0005409558652900159 | 270.7 | -0.0013129920698702335,-0.0387524738907814,0.01592925749719143 | -2.4693386554718018,0.04195608198642731,-0.03594076633453369 | 0,0
970 | 12.189463198184967 | 153.55999755859375,187.52224731445312,0.19645996391773224 | -0.4110177457332611,0.006768904626369476,0.00021581954206340015 | 270.7 | -0.008733192458748817,-0.13979163765907288,-0.013725210912525654 | -2.817570447921753,0.10291489213705063,-0.06345893442630768 | 0,0
980 | 12.314521998167038 | 153.48146057128906,187.5234375,0.1966678947210312 | -0.8766190409660339,0.01053394190967083,0.0006006196490488946 | 270.7 | 0.00023310811957344413,-0.18793132901191711,0.03647400066256523 | -4.627870559692383,0.041988078504800797,-0.013116522692143917 | 0,0
990 | 12.435191098600626 | 153.33282470703125,187.5251007080078,0.19695499539375305 | -1.445233941078186,0.01741809770464897,0.0003348138416185975 | 270.7 | -0.0019777242559939623,-0.15812967717647552,-0.12598338723182678 | -4.083763599395752,0.059643130749464035,0.006935328245162964 | 0,0
1000 | 12.556450597941875 | 153.13294982910156,187.52728271484375,0.19711627066135406 | -1.842610478401184,0.02176743373274803,0.0005906089791096747 | 270.7 | 0.0010518907802179456,-0.0489971823990345,-0.13705295324325562 | -2.8530471324920654,-0.035897113382816315,-0.07045143842697144 | 0,0
1010 | 12.679575398564339 | 152.8813018798828,187.5301055908203,0.1970984935760498 | -2.2081520557403564,0.026494644582271576,0.00044748655636794865 | 270.7 | 0.00027609409880824387,0.009659811854362488,-0.1537574678659439 | -2.7526350021362305,0.06465799361467361,0.2469765990972519 | 0,0
1020 | 12.804299097508192 | 152.57789611816406,187.5335235595703,0.1970500946044922 | -2.56598162651062,0.030573351308703423,-0.00028514076257124543 | 270.7 | 0.0018201724160462618,0.02795455977320671,-0.15362028777599335 | -3.174027442932129,-0.0268822330981493,-0.09329957515001297 | 0,0
1030 | 12.92425299808383 | 152.21517944335938,187.5376739501953,0.19707359373569489 | -2.9275190830230713,0.03549252822995186,0.000775859341956675 | 270.7 | 0.0006394920637831092,0.027512427419424057,-0.16031618416309357 | -2.5691258907318115,0.055549539625644684,0.009467019699513912 | 0,0
1040 | 13.043769996613264 | 151.8817138671875,187.54150390625,0.19703780114650726 | -3.218005895614624,0.039034102112054825,-0.0010511685395613313 | 270.7 | -0.00017192112863995135,0.023132074624300003,-0.15083624422550201 | -2.9230902194976807,0.06397084146738052,-0.14908990263938904 | 0,0
1050 | 13.165333598852158 | 151.4698944091797,187.5463104248047,0.19699160754680634 | -3.537637948989868,0.04276101663708687,-9.270495502278209e-05 | 270.7 | 0.0004700667632278055,0.017941469326615334,-0.13625507056713104 | -2.676598310470581,0.05272174999117851,0.01474215742200613 | 0,0
1060 | 13.29164969921112 | 151.0018768310547,187.55172729492188,0.19692829251289368 | -3.8619461059570312,0.04657057672739029,-0.0005265225190669298 | 270.7 | -0.000267364812316373,0.014082619920372963,-0.11656444519758224 | -2.6841981410980225,0.05542316660284996,-0.10299285501241684 | 0,0
1070 | 13.414104897528887 | 150.50839233398438,187.55747985839844,0.19693812727928162 | -4.16939115524292,0.04978162795305252,-0.00037421289016492665 | 270.7 | 2.7308769858791493e-05,0.012127463705837727,-0.09014228731393814 | -2.5319502353668213,0.04763682559132576,-0.06005500629544258 | 0,0
1080 | 13.535042099654675 | 149.98294067382812,187.56362915039062,0.19693206250667572 | -4.46286678314209,0.05281279981136322,0.0008501599077135324 | 270.7 | 0.0005258274031803012,0.01270305272191763,-0.06519227474927902 | -2.2928097248077393,0.034975502640008926,0.193155899643898 | 0,0
1090 | 13.655885897576809 | 149.42283630371094,187.57012939453125,0.19692039489746094 | -4.742660045623779,0.055566247552633286,0.00028338885749690235 | 270.7 | 0.0008589305798523128,0.014884167350828648,-0.040241047739982605 | -2.3080334663391113,0.013107160106301308,0.016687149181962013 | 0,0
1100 | 13.782682299613953 | 148.80540466308594,187.5773162841797,0.1968323141336441 | -4.9904866218566895,0.05823511630296707,0.0003456927079241723 | 270.7 | 0.00046943326015025377,0.0312923826277256,-0.025530237704515457 | -1.7604856491088867,0.024920856580138206,0.06771817058324814 | 0,0
1110 | 13.90807829797268 | 148.17169189453125,187.58460998535156,0.19725017249584198 | -5.1535868644714355,0.0593293271958828,0.001477890182286501 | 270.7 | 0.0010166955180466175,0.06206376478075981,-0.002704530954360962 | -0.9496210217475891,0.011208560317754745,-0.03528980538249016 | 0,0
1120 | 14.031665999442339 | 147.525390625,187.592041015625,0.19715923070907593 | -5.234426021575928,0.060177139937877655,-0.00047268898924812675 | 270.7 | 0.0006710625602863729,0.08233176916837692,-0.0007049120613373816 | -0.39039552211761475,0.004107126500457525,-0.005415143445134163 | 0,0
1130 | 14.153452299535275 | 146.8222198486328,187.60006713867188,0.19694781303405762 | -5.254909992218018,0.06003478541970253,-0.0005861744866706431 | 270.7 | 0.0009437459520995617,0.08392017334699631,0.009458585642278194 | 0.0009874451206997037,-0.0013814737321808934,0.0009987292578443885 | 0,0
1140 | 14.279902797192335 | 146.2255096435547,187.60690307617188,0.19678977131843567 | -5.243175506591797,0.05934085696935654,-0.0004135104827582836 | 270.6 | 0.0015924457693472505,0.07072598487138748,-0.00839114747941494 | 0.20501677691936493,-0.00901920534670353,0.0014142065774649382 | 0,0
1150 | 14.40139689669013 | 145.5855255126953,187.61412048339844,0.19666820764541626 | -5.21873140335083,0.05815960094332695,-0.00024441618006676435 | 270.6 | 0.0018044946482405066,0.05055069178342819,0.0007784547633491457 | 0.41387292742729187,-0.01460521575063467,0.0008049156167544425 | 0,0
1160 | 14.52387659996748 | 144.94998168945312,187.62120056152344,0.19659259915351868 | -5.192930698394775,0.056657273322343826,-0.0001333371619693935 | 270.6 | 0.0013231481425464153,0.03072853945195675,0.04842526465654373 | 0.5178617835044861,-0.015582308173179626,0.000844495662022382 | 0,0
1170 | 14.643952399492264 | 144.3252716064453,187.62806701660156,0.19655577838420868 | -5.181129455566406,0.05502656474709511,-7.196539081633091e-05 | 270.6 | 0.001067822682671249,0.011239850893616676,0.07635398954153061 | 0.37932297587394714,-0.017394699156284332,0.0005210923845879734 | 0,0
1180 | 14.770641800016165 | 143.6689453125,187.63504028320312,0.19654391705989838 | -5.17133092880249,0.05307258665561676,-3.8018275517970324e-05 | 270.6 | 0.0007573813782073557,0.004911512136459351,0.10048206895589828 | 0.7007033228874207,-0.018941396847367287,0.00019725755555555224 | 0,0
1190 | 14.89376299828291 | 143.03076171875,187.64175415039062,0.19654437899589539 | -5.176351070404053,0.055081918835639954,-1.9347800844116136e-05 | 270.6 | -0.0045949677005410194,-0.0056391553953289986,0.037255704402923584 | 0.30147525668144226,-0.009680830873548985,3.399505658308044e-05 | 0,0
1200 | 15.015994898974895 | 142.39454650878906,187.64866638183594,0.19655917584896088 | -5.196986675262451,0.05773540958762169,-1.0841900802915916e-05 | 270.6 | -0.0024831059854477644,-0.011325121857225895,-0.037219323217868805 | 0.17091788351535797,0.0016148827271535993,0.00010856755397981033 | 0,0
1210 | 15.142371896654367 | 141.74220275878906,187.6579132080078,0.1965716928243637 | -5.210051536560059,0.10886579006910324,-4.834537776332581e-06 | 271.2 | -0.07227420806884766,-0.004523766227066517,-1.1321189403533936 | 0.25518831610679626,1.1199874877929688,5.109886478749104e-05 | 0,0
1220 | 15.267002899199724 | 141.08665466308594,187.6766357421875,0.1965738981962204 | -5.21110725402832,0.26474255323410034,-3.55678889718547e-06 | 272.9 | -0.17637531459331512,0.005657046567648649,-4.415602684020996 | 0.19062624871730804,0.7407490015029907,-0.00018872467626351863 | 0,0
1230 | 15.390741299837828 | 140.44874572753906,187.71534729003906,0.19656917452812195 | -5.202479362487793,0.5311223864555359,-4.863158551415836e-07 | 275.8 | -0.2689823806285858,0.01441819965839386,-9.600493431091309 | 0.5634740591049194,3.847723960876465,0.0001448952971259132 | 0,0
1240 | 15.51294519752264 | 139.74937438964844,187.79620361328125,0.196548730134964 | -5.142553806304932,0.9602150321006775,-2.803480356305954e-06 | 280.6 | -0.2666664719581604,0.033263325691223145,-17.2308292388916 | 0.7613022327423096,4.445090293884277,2.080018566630315e-05 | 0,0
1250 | 15.644354898482561 | 139.14466857910156,187.91282653808594,0.1965046226978302 | -5.00224494934082,1.4352171421051025,-3.6425965390662896e-06 | 286.0 | -0.25952035188674927,0.06580516695976257,-24.718486785888672 | 1.029322624206543,3.158869504928589,-1.4404699868464377e-05 | 0,0
1260 | 15.770835999399424 | 138.52011108398438,188.08657836914062,0.19645629823207855 | -4.83444356918335,1.916368007659912,-4.37681137555046e-06 | 291.6 | -0.1422591656446457,0.05394696816802025,-30.5131778717041 | 1.1719497442245483,2.668023109436035,-2.250729812658392e-05 | 0,0
1270 | 15.898154698312283 | 137.9004669189453,188.31544494628906,0.1964253932237625 | -4.665820121765137,2.3233025074005127,-2.0024592686240794e-06 | 296.5 | -0.003040481125935912,0.011816158890724182,-32.99959182739258 | 1.496888518333435,3.1557457447052,9.494597907178104e-05 | 0,0
1280 | 16.02304919809103 | 137.31419372558594,188.5842742919922,0.19642230868339539 | -4.508808612823486,2.6709609031677246,1.878513671726978e-06 | 300.6 | 0.027090173214673996,-0.01082419604063034,-33.42082977294922 | 1.6417661905288696,2.9292500019073486,0.00033257389441132545 | 0,0
1290 | 16.146078497171402 | 136.753662109375,188.89212036132812,0.19642727077007294 | -4.290317058563232,3.0476901531219482,4.100320438737981e-07 | 305.4 | -0.13113723695278168,0.06723283976316452,-34.798919677734375 | 3.5990424156188965,4.346208572387695,-0.00011332976282574236 | 0,0
1300 | 16.274822298437357 | 136.20399475097656,189.25762939453125,0.19641460478305817 | -4.035093784332275,3.3912453651428223,-8.295977522720932e-07 | 310.0 | -0.04776943847537041,0.04152379930019379,-35.5616569519043 | 3.595348596572876,3.7061405181884766,-0.00011323996295686811 | 0,0
1310 | 16.401672396808863 | 135.68150329589844,189.66363525390625,0.1964087188243866 | -3.8209426403045654,3.6577208042144775,4.7677823999947577e-07 | 313.7 | 0.09240584820508957,-0.05984316021203995,-34.16436004638672 | 0.46635305881500244,0.6590122580528259,0.00013298224075697362 | 0,0
1320 | 16.525705698877573 | 135.19956970214844,190.100341796875,0.19640250504016876 | -3.505801200866699,3.964359998703003,-9.535568779028836e-09 | 318.5 | -0.03175991773605347,0.03239620476961136,-34.93799591064453 | 4.513369560241699,3.3228392601013184,-8.869924204191193e-05 | 0,0
1330 | 16.649811897426844 | 134.75442504882812,190.572021484375,0.19639720022678375 | -3.2083468437194824,4.2214860916137695,-1.8117505362624797e-07 | 322.8 | 0.013391115702688694,-0.010348159819841385,-34.82671356201172 | 3.635725975036621,2.4531662464141846,-1.3954386304249056e-05 | 0,0
1340 | 16.779396299272776 | 134.3268585205078,191.0912628173828,0.19640715420246124 | -2.977564573287964,4.401236057281494,1.191956698676222e-06 | 325.9 | 0.10239052027463913,-0.1130688413977623,-32.27730178833008 | 0.21621842682361603,0.03965838998556137,-0.00012906717893201858 | 0,0
1350 | 16.90332319959998 | 133.94578552246094,191.61880493164062,0.196414977312088 | -2.6560256481170654,4.609127521514893,-3.909617021236045e-07 | 330.0 | -0.024280261248350143,0.027733027935028076,-32.19918441772461 | 0.801005482673645,0.5453094244003296,-9.562412014929578e-05 | 0,0
1360 | 17.030787099152803 | 133.59719848632812,192.19602966308594,0.19640067219734192 | -2.234225034713745,4.817565441131592,-6.674804922113253e-07 | 335.1 | 0.01422427874058485,-0.003958424553275108,-34.171451568603516 | 2.4380338191986084,0.7659919857978821,0.0001534240582259372 | 0,0
1370 | 17.153381496667862 | 133.3056182861328,192.76904296875,0.19640330970287323 | -1.9727407693862915,4.950743198394775,-1.621061613832353e-07 | 338.3 | 0.077223040163517,-0.1447823941707611,-32.19873046875 | -0.01653519831597805,0.1718519628047943,-0.00010268227197229862 | 0,0
1380 | 17.286511097103357 | 133.02713012695312,193.41357421875,0.1964162439107895 | -1.6039758920669556,5.077391624450684,2.6127124783670297e-06 | 342.5 | -0.036394596099853516,0.08109011501073837,-31.598413467407227 | 6.455420970916748,1.378049373626709,0.00018223021470475942 | 0,0
1390 | 17.413862500339746 | 132.80787658691406,194.0457305908203,0.19641228020191193 | -1.2544184923171997,5.181272506713867,-6.00741316247877e-07 | 346.4 | 0.021093124523758888,-0.05718260630965233,-31.49053382873535 | -0.525978684425354,0.20702950656414032,0.00010299548739567399 | 0,0
1400 | 17.537972398102283 | 132.62994384765625,194.67803955078125,0.1964329481124878 | -1.0109184980392456,5.259740352630615,1.5256989627232542e-06 | 349.1 | 0.026661619544029236,-0.11481307446956635,-29.117883682250977 | 2.529815912246704,0.40866848826408386,4.4215350499143824e-05 | 0,0
1410 | 17.66268079727888 | 132.48094177246094,195.32241821289062,0.19646167755126953 | -0.7904868125915527,5.316451072692871,2.574591235315893e-06 | 351.5 | -0.006046427879482508,-0.01567114144563675,-26.398181915283203 | 3.960214614868164,0.3051506578922272,-3.147042662021704e-06 | 0,0
1420 | 17.79121169820428 | 132.35452270507812,195.9955596923828,0.19648300111293793 | -0.6556357145309448,5.342677116394043,3.509112730171182e-06 | 353.0 | 0.02094118297100067,-0.11468186974525452,-22.383892059326172 | 0.9972593784332275,0.050950076431035995,0.0002613689284771681 | 0,0
1430 | 17.91571379825473 | 132.25352478027344,196.65614318847656,0.1964990645647049 | -0.520172119140625,5.366004943847656,4.577056813559466e-07 | 354.5 | 0.010865102522075176,-0.0927577093243599,-19.275671005249023 | 1.326934576034546,0.05320637300610542,-4.0628718124935403e-05 | 0,0
1440 | 18.040313698351383 | 132.17184448242188,197.3206329345703,0.19651241600513458 | -0.41451770067214966,5.378372669219971,-2.574606696725823e-07 | 355.6 | 0.01221180334687233,-0.10910024493932724,-16.388031005859375 | 0.8565927743911743,-0.0784238949418068,-4.5878598029958084e-05 | 0,0
1450 | 18.164263397455215 | 132.10650634765625,197.98590087890625,0.19652073085308075 | -0.31476593017578125,5.384068965911865,1.811758806979924e-06 | 356.7 | 0.006459565367549658,-0.07895981520414352,-14.01814079284668 | 0.6456611156463623,0.013248853385448456,0.00024613275309093297 | 0,0
1460 | 18.29165180027485 | 132.05384826660156,198.66940307617188,0.19652697443962097 | -0.23760418593883514,5.384857654571533,3.9095954207368777e-07 | 357.5 | 0.006024638190865517,-0.08263543993234634,-11.786834716796875 | 0.7130575776100159,0.004427529871463776,7.835418364265934e-05 | 0,0
1470 | 18.418756898492575 | 132.01345825195312,199.3515625,0.1965332329273224 | -0.16613216698169708,5.387331485748291,4.672434954500204e-07 | 358.2 | 0.0018632145365700126,-0.06345607340335846,-10.042091369628906 | 0.35684913396835327,-0.017854291945695877,4.714196620625444e-05 | 0,0
1480 | 18.54380139708519 | 131.9839324951172,200.02349853515625,0.19654151797294617 | -0.11086148768663406,5.3936381340026855,-1.621054224187901e-07 | 358.8 | -0.0011233838740736246,-0.05668726563453674,-8.495004653930664 | 0.6177375316619873,-0.06877843290567398,-1.216501186718233e-05 | 0,0
1490 | 18.66710589826107 | 131.96270751953125,200.69212341308594,0.19654902815818787 | -0.06421926617622375,5.399421691894531,-9.249554864254605e-07 | 359.3 | -0.0024045375175774097,-0.044299107044935226,-7.149272441864014 | 0.1577739119529724,0.044624172151088715,-0.00010004965588450432 | 0,0
1500 | 18.793757997453213 | 131.94876098632812,201.37001037597656,0.19655494391918182 | -0.020183557644486427,5.4044671058654785,3.718897971793922e-07 | 359.8 | -0.0013529229909181595,-0.03991886228322983,-6.123812198638916 | 0.11487621814012527,0.04370788484811783,1.9210026948712766e-05 | 0,0
1510 | 18.917882297188044 | 131.94082641601562,202.0489044189453,0.1965591460466385 | 0.016795564442873,5.410482883453369,5.339894642020226e-07 | 0.2 | -0.0021990935783833265,-0.02678726613521576,-5.228051662445068 | 0.10567431896924973,0.09364806115627289,-7.678019028389826e-05 | 0,0
1520 | 19.041311599314213 | 131.9383087158203,202.71409606933594,0.19656401872634888 | 0.046558842062950134,5.419429302215576,9.630881550037884e-07 | 0.5 | -0.0027757820207625628,-0.028079770505428314,-4.476812839508057 | 0.06006120890378952,0.04485670477151871,3.0218563551898114e-05 | 0,0
1530 | 19.167527597397566 | 131.93995666503906,203.3983154296875,0.19656570255756378 | 0.06798569858074188,5.4214911460876465,3.4327933917666087e-07 | 0.7 | 0.0009732157923281193,-0.02364865504205227,-3.712639093399048 | 0.36805012822151184,0.014095473103225231,-7.564487168565392e-05 | 0,0
1540 | 19.30215059965849 | 131.9454803466797,204.12899780273438,0.1965579241514206 | 0.08476254343986511,5.408286094665527,-5.91197419907985e-07 | 0.9 | 0.007166120223701,-0.02484755404293537,-3.014989137649536 | 0.3314339518547058,0.08605281263589859,2.6148889446631074e-05 | 0,0
1550 | 19.430801697075367 | 131.9538116455078,204.81497192382812,0.19655509293079376 | 0.10077463090419769,5.415194511413574,-5.625969947686826e-07 | 1.1 | -0.004270842764526606,-0.02303897961974144,-2.487964153289795 | 0.03632156923413277,0.15457206964492798,3.0346276616910473e-05 | 0,0
1560 | 19.55762119963765 | 131.964599609375,205.50741577148438,0.19656391441822052 | 0.1159721314907074,5.427914142608643,-5.149231583345681e-07 | 1.2 | -0.005891622509807348,-0.00998026691377163,-2.1091887950897217 | 0.031239746138453484,0.10136156529188156,2.4148581360350363e-05 | 0,0
1570 | 19.686288099735975 | 131.97776794433594,206.2093048095703,0.19657154381275177 | 0.1275402456521988,5.438133239746094,-1.2300874914217275e-06 | 1.3 | -0.0021490342915058136,-0.00984902586787939,-1.7981189489364624 | 0.18653880059719086,-0.0058384062722325325,-7.052251748973504e-05 | 0,0
1580 | 19.81533119827509 | 131.9925994873047,206.9123992919922,0.19657088816165924 | 0.13737784326076508,5.440681457519531,-9.821631010709098e-07 | 1.4 | 0.0014164210297167301,-0.005495239514857531,-1.5068832635879517 | 0.1609777808189392,0.07354599237442017,-2.1522890165215358e-05 | 0,0
1590 | 19.940712098032236 | 132.00839233398438,207.59263610839844,0.19657161831855774 | 0.14555145800113678,5.4518537521362305,4.1002948591994937e-07 | 1.5 | -0.002383772050961852,-0.0049618822522461414,-1.2625174522399902 | 0.11592158675193787,0.12397918105125427,7.584953709738329e-05 | 0,0
1600 | 20.06537599861622 | 132.025390625,208.26649475097656,0.19657497107982635 | 0.15466073155403137,5.463006496429443,-1.2396328941122192e-07 | 1.6 | -0.0020201201550662518,-0.004263607319444418,-1.1207019090652466 | 0.08563154935836792,0.06534120440483093,-5.587070972978836e-06 | 0,0
1610 | 20.194316998124123 | 132.04483032226562,208.97894287109375,0.19657225906848907 | 0.1651720404624939,5.461549758911133,7.72383600633475e-07 | 1.7 | 0.003964592702686787,-0.0036756317131221294,-1.0719354152679443 | 0.07445690780878067,0.010368237271904945,3.364392614457756e-05 | 0,0
1620 | 20.322948597371578 | 132.06748962402344,209.7479705810547,0.1965658962726593 | 0.1776142120361328,5.462402820587158,-1.4589384136343142e-06 | 1.9 | 0.0016044784570112824,0.0015984127530828118,-0.8848063349723816 | 0.09380532801151276,0.06460592150688171,-7.079219358274713e-05 | 0,0
1630 | 20.450674198567867 | 132.0870361328125,210.37020874023438,0.1965646743774414 | 0.185828298330307,5.465865135192871,-1.1251995601924136e-06 | 1.9 | -0.0006243466050364077,-0.004338748753070831,-0.975216269493103 | 0.0793875977396965,0.10783986002206802,-5.211264578974806e-05 | 0,0
1640 | 20.576931700110435 | 132.11016845703125,211.07281494140625,0.19656501710414886 | 0.19171534478664398,5.469317436218262,-2.8606747193293813e-08 | 2.0 | -0.0006366499583236873,-0.0081342663615942,-0.8631112575531006 | 0.01623048447072506,0.0511823371052742,4.596392318489961e-05 | 0,0
1650 | 20.704499199986458 | 132.135986328125,211.83468627929688,0.19656707346439362 | 0.19283053278923035,5.476423263549805,9.535613543221189e-08 | 2.0 | -0.0011065368307754397,-0.0077609955333173275,-0.4820970892906189 | -0.0013541181106120348,0.022855587303638458,3.7529345718212426e-05 | 0,0
1660 | 20.832766696810722 | 132.15989685058594,212.53721618652344,0.19656626880168915 | 0.18838351964950562,5.478315830230713,1.8117717672794242e-06 | 2.0 | 9.238222264684737e-05,-0.010617481544613838,-0.21286097168922424 | -0.05887119844555855,0.02233876846730709,0.00010506901890039444 | 0,0
1670 | 20.957643799483776 | 132.1806182861328,213.15733337402344,0.19656749069690704 | 0.18162238597869873,5.485281467437744,2.9560408165707486e-07 | 1.9 | -0.0015730921877548099,-0.012779541313648224,-0.09901338815689087 | -0.10032831132411957,0.06449387967586517,4.053184238728136e-05 | 0,0
1680 | 21.082111097872257 | 132.202392578125,213.8323211669922,0.19656993448734283 | 0.17020578682422638,5.493964195251465,-7.056354434098466e-07 | 1.8 | -0.00210062344558537,-0.012580802664160728,0.21548031270503998 | -0.09800282120704651,0.0702492818236351,-2.656034666870255e-05 | 0,0
1690 | 21.212259899824858 | 132.223876953125,214.53970336914062,0.1965695172548294 | 0.15382060408592224,5.49690580368042,-2.8606539359543603e-08 | 1.6 | 0.0005868207081221044,-0.01686800643801689,0.5107671022415161 | -0.1683942824602127,0.04252525046467781,-2.3982276616152376e-05 | 0,0
1700 | 21.338064298033714 | 132.2452392578125,215.3118133544922,0.19656501710414886 | 0.1340353786945343,5.497216701507568,4.386347995932738e-07 | 1.4 | 0.00022156743216328323,-0.006771733518689871,0.9580513834953308 | -0.10510724782943726,0.07676010578870773,2.183510696340818e-05 | 0,0
1710 | 21.46477199718356 | 132.26077270507812,215.94064331054688,0.1965659260749817 | 0.11618117988109589,5.503289222717285,5.149202593202062e-07 | 1.2 | -0.001538609154522419,-0.009378167800605297,1.0269744396209717 | -0.25713300704956055,0.07292808592319489,-5.511065215291211e-11 | 0,0
1720 | 21.588162798434496 | 132.27503967285156,216.61720275878906,0.19656355679035187 | 0.0723763182759285,5.482458591461182,6.198165465320926e-07 | 0.8 | 0.01779073476791382,-0.06645486503839493,1.688051462173462 | -0.7171481251716614,-1.092603087425232,8.261935727205127e-05 | 1,3
1730 | 21.713170800358057 | 132.2841033935547,217.27455139160156,0.19635356962680817 | 0.03340631350874901,4.860698223114014,-3.2039786219684174e-06 | 0.4 | 0.3263484537601471,0.025360126048326492,2.8453562259674072 | -0.16890333592891693,-13.653351783752441,-3.950384052586742e-05 | 1,3
1740 | 21.839211497455835 | 132.2904815673828,217.79563903808594,0.19522395730018616 | -0.03132583945989609,3.5054821968078613,-0.00032834921148605645 | 359.5 | 0.5099730491638184,-0.0037661578971892595,5.07981538772583 | -0.37413519620895386,-10.915693283081055,0.027124950662255287 | 1,3
1750 | 21.96319989860058 | 132.29222106933594,218.13482666015625,0.19455763697624207 | -0.03276892751455307,2.122791290283203,0.0005401236703619361 | 359.1 | 0.4240614175796509,0.04223164916038513,3.271289348602295 | -0.010573925450444221,-10.960737228393555,-0.042137932032346725 | 1,3
1760 | 22.08623569831252 | 132.29263305664062,218.3036651611328,0.1941545009613037 | -0.014357775449752808,0.7769247889518738,0.0003382643626537174 | 359.1 | 0.24487891793251038,0.04688061401247978,1.4205529689788818 | 0.10293348133563995,-9.530905723571777,-0.06319315731525421 | 1,3
1770 | 22.21438379958272 | 132.29261779785156,218.31808471679688,0.19406653940677643 | 7.685672244406305e-06,-0.0001231154310517013,0.0010511192958801985 | 359.1 | -0.2381889373064041,-0.00497312331572175,-4.5734755985904485e-05 | -0.0004350074741523713,-0.0021572757977992296,0.0042088329792022705 | 1,3
1780 | 22.341012597084045 | 132.29261779785156,218.31773376464844,0.19468821585178375 | 7.999548756743025e-07,-0.00026138892280869186,-0.0009931351523846388 | 359.1 | -0.47456371784210205,-0.010631808079779148,-6.71040834276937e-05 | 7.021258352324367e-05,-0.00012725754640996456,-0.15314239263534546 | 1,3
1790 | 22.4677349999547 | 132.29261779785156,218.31735229492188,0.1954215168952942 | 4.5575816329801455e-06,-0.00021189458493608981,0.00179288478102535 | 359.1 | -0.36300987005233765,-0.00701456144452095,-7.022490899544209e-05 | 3.7933918974886183e-06,0.0005736628663726151,0.006865030620247126 | 1,3
1800 | 22.589665099978447 | 132.29263305664062,218.317138671875,0.19583766162395477 | 2.933845962616033e-06,-0.00014435715274885297,-0.00041479611536487937 | 359.1 | -0.24203209578990936,-0.004536927677690983,5.7052155170822516e-05 | -1.2223773410369176e-05,0.0005805729306302965,-0.06649656593799591 | 1,3
1810 | 22.72008129954338 | 132.29263305664062,218.31700134277344,0.196048766374588 | 1.740537527439301e-06,-7.863326027290896e-05,0.0010845597134903073 | 359.1 | -0.12937872111797333,-0.002562271198257804,3.0072382287471555e-05 | -5.762165983469458e-06,0.00036022180574946105,-0.01111747045069933 | 1,3
1820 | 22.849384799599648 | 132.29263305664062,218.31698608398438,0.19618327915668488 | 1.1807810551545117e-06,-2.7552014216780663e-05,-0.0008175496477633715 | 359.1 | -0.04573081061244011,-0.0013595408527180552,9.344923455500975e-06 | -2.648355916790024e-07,-6.359547114698216e-05,-0.2420497089624405 | 1,3
1830 | 22.971233498305082 | 132.29263305664062,218.31695556640625,0.19631823897361755 | 7.508670023526065e-07,-2.4017486794036813e-05,0.0005282263155095279 | 359.1 | -0.03938870504498482,-0.0009276584605686367,8.529913429811131e-06 | -3.6267840641812654e-06,5.6782435422064736e-05,-0.024366231635212898 | 1,3
1840 | 23.092340297996998 | 132.29263305664062,218.31690979003906,0.19633948802947998 | 4.4969124246563297e-07,-1.6757247067289427e-05,-0.00022654664644505829 | 359.1 | -0.02735568769276142,-0.000592119584325701,6.095785465731751e-06 | -4.447152150532929e-06,6.607603427255526e-05,-0.010503667406737804 | 1,3
1850 | 23.221861999481916 | 132.29263305664062,218.31690979003906,0.19622771441936493 | 2.068761375539907e-07,-4.354302291176282e-06,-0.003043321892619133 | 359.1 | -0.0072440505027771,-0.0002025331777986139,1.2988519983991864e-06 | -2.3158711428550305e-06,-3.9099366404116154e-05,-0.2544654905796051 | 1,3
1860 | 23.34616729989648 | 132.29263305664062,218.31690979003906,0.19625788927078247 | 2.3392887271711515e-07,-5.38116910320241e-06,6.16950128460303e-05 | 359.1 | -0.00880453735589981,-0.0002698744647204876,1.8780457367029157e-06 | 2.045892415480921e-06,5.763646640843945e-06,-0.04684699326753616 | 1,3
1870 | 23.47204139828682 | 132.29263305664062,218.31689453125,0.1962745636701584 | 1.4340449183691817e-07,-3.791502876993036e-06,0.0008893204503692687 | 359.1 | -0.00617791386321187,-0.00022245854779612273,1.3552229347624234e-06 | 4.415102466737153e-06,1.2412820069584996e-05,-0.04772055894136429 | 1,3
1880 | 23.59520959854126 | 132.29263305664062,218.31689453125,0.1962794065475464 | 7.965813608734607e-08,-5.85698160193715e-07,-0.0005906808073632419 | 359.1 | -0.0009909673826768994,-7.619996904395521e-05,1.192136380723241e-07 | 3.2023565381678054e-06,-1.4796432878938504e-05,0.03470794856548309 | 1,3
1890 | 23.721230000257492 | 132.29263305664062,218.31689453125,0.19623947143554688 | 4.002958320370453e-08,-1.1955787613260327e-06,0.000301762658637017 | 359.1 | -0.0019564414396882057,-8.401633385801688e-05,4.0431632442050613e-07 | -1.6100426591947326e-07,-1.0796535576673705e-07,0.0007247388712130487 | 1,3
1900 | 23.848097998648882 | 132.29263305664062,218.31689453125,0.19626018404960632 | 5.135477465501026e-08,-9.63473439696827e-07,0.0013557006604969501 | 359.1 | -0.0015698288334533572,-6.004363967804238e-05,3.422375414174894e-07 | 7.429518404933333e-07,2.8945005396963097e-06,0.01878485642373562 | 1,3
1910 | 23.968809496611357 | 132.29263305664062,218.31689453125,0.19631266593933105 | 9.539752987564043e-09,-6.133793135632004e-07,0.0004944312386214733 | 359.1 | -0.0009980719769373536,-1.985347262234427e-05,2.2119161258160602e-07 | 5.322730203261017e-07,2.478323040122632e-06,0.045660413801670074 | 1,3
1920 | 24.093338899314404 | 132.29263305664062,218.31689453125,0.19633623957633972 | 3.4842965845882645e-08,-2.251154143095846e-07,0.0006630209973081946 | 359.1 | -0.0003693658218253404,-4.439270560396835e-05,7.647835786883661e-08 | 2.6706643438956235e-06,-3.3723506476235343e-07,0.03587694466114044 | 1,3
1930 | 24.22497119754553 | 132.29263305664062,218.31689453125,0.1962609440088272 | 4.657106700278746e-09,-2.205807021482542e-07,-0.0011145590106025338 | 359.1 | -0.00036050070775672793,-1.5330788016854058e-07,7.88297924714243e-08 | -1.3083551664294646e-07,3.0058302513680246e-07,-0.19932039082050323 | 1,3
1940 | 24.349580697715282 | 132.29263305664062,218.31689453125,0.19630302488803864 | -2.994284642454659e-08,-1.564594782621498e-07,0.0008766460814513266 | 359.1 | -0.000256601779256016,4.199529575998895e-05,4.9715271899231084e-08 | -3.349761982462951e-06,-2.2467413884896814e-07,0.012605001218616962 | 1,3
1950 | 24.475568000227213 | 132.29263305664062,218.31689453125,0.19634078443050385 | 3.02660607687244e-09,-4.207418058399526e-08,0.0005719062173739076 | 359.1 | -6.776807276764885e-05,4.9670893531583715e-06,1.6003376401840796e-08 | -7.373399171228812e-07,3.741905629794928e-07,0.00951318722218275 | 1,3
1960 | 24.598694998770952 | 132.29263305664062,218.31689453125,0.1963549703359604 | -6.923460138530402e-10,-4.654651419855327e-08,5.413349572336301e-05 | 359.1 | -7.574381015729159e-05,-7.357496997428825e-06,1.5114093088186564e-08 | -7.725394652879913e-07,1.2759490175540122e-07,-0.10659836232662201 | 1,3
1970 | 24.723180897533894 | 132.29263305664062,218.31689453125,0.19634494185447693 | -6.515385564398457e-09,-3.750579224970352e-08,-0.0004735258989967406 | 359.1 | -6.094358104746789e-05,-2.739594674494583e-05,1.2646431457596918e-08 | 1.949400484591024e-06,7.011433922343713e-08,-0.14243125915527344 | 1,3
1980 | 24.846129398792982 | 132.29263305664062,218.31689453125,0.19633616507053375 | 8.543379337311308e-09,-8.30698709819444e-09,0.0012657643528655171 | 359.1 | -1.5416044334415346e-05,-1.6106365364976227e-05,-7.704575311073825e-10 | 6.977775797167851e-07,-6.784703714401985e-07,0.10338087379932404 | 1,3
1990 | 24.968166198581457 | 132.29263305664062,218.31689453125,0.19634082913398743 | 2.4627901495932747e-08,-1.4206967158258976e-08,0.0006922779139131308 | 359.1 | -2.4261631551780738e-05,9.217763363267295e-06,6.219383674732626e-09 | -4.59680023823239e-07,-1.7658425122135668e-07,0.07682759314775467 | 1,3
2000 | 25.09158329665661 | 132.29263305664062,218.31689453125,0.19632308185100555 | 2.4271363585626204e-08,-5.671485947544852e-09,0.0006939555751159787 | 359.1 | -8.857008651830256e-06,-2.4899885829654522e-05,1.320155984529947e-09 | -1.672844973654719e-06,2.0834029612615268e-07,0.05662853270769119 | 1,3
2010 | 25.21924849972129 | 132.29263305664062,218.31689453125,0.19629016518592834 | -9.049810678618542e-09,-3.0903912762170194e-09,-0.001285381382331252 | 359.1 | -4.16985585616203e-06,6.244401902222307e-06,2.448575342484105e-09 | 5.138721093089771e-08,2.544304891216598e-07,-0.15642662346363068 | 1,3
2020 | 25.34174469858408 | 132.29263305664062,218.31689453125,0.19637568295001984 | -5.369523492504413e-09,1.072467004092914e-09,0.0007452074787579477 | 359.1 | 2.845418748620432e-06,1.4901042959536426e-05,6.998364665555812e-10 | -1.7979269841816858e-06,4.017518620003102e-07,-0.03945450484752655 | 1,3
2030 | 25.46505619958043 | 132.29263305664062,218.31689453125,0.19636470079421997 | -8.535333329007244e-09,-3.4160625439483283e-09,0.0001013060100376606 | 359.1 | -5.1534289013943635e-06,6.660720828222111e-06,1.6614767339717673e-09 | 4.55906587149002e-07,7.768494469928555e-08,-0.08581367880105972 | 1,3
2040 | 25.593229599297047 | 132.29263305664062,218.31689453125,0.19634802639484406 | -3.22798641150257e-08,2.319330061339997e-09,-0.0007206382579170167 | 359.1 | 4.702848855231423e-06,2.7164482162334025e-05,-1.088737877630308e-09 | -8.724855433683842e-07,2.0622316299068189e-07,-0.10004069656133652 | 1,3
2050 | 25.724175598472357 | 132.29263305664062,218.31689453125,0.19624125957489014 | -1.498266222199618e-08,3.1272098244272684e-09,0.0005734841106459498 | 359.1 | 4.976051968696993e-06,1.5661293218727224e-05,-4.052451263447665e-09 | -2.507412091290462e-06,-4.147214838212676e-08,0.045221760869026184 | 1,3
2060 | 25.848018396645784 | 132.29263305664062,218.31689453125,0.19622047245502472 | -1.4031766859545769e-08,4.885549742539297e-09,0.0011067831655964255 | 359.1 | 8.91863601282239e-06,6.6135839915659744e-06,-2.8304454335881246e-09 | -1.9897217953257496e-06,3.220486064492434e-07,0.043343909084796906 | 1,3
2070 | 25.971337098628283 | 132.29263305664062,218.31689453125,0.1962573528289795 | -2.4087400518624236e-08,5.241211020745595e-09,0.0003861627774313092 | 359.1 | 1.0222730452369433e-05,1.1382516277080867e-05,-2.1935647742665765e-10 | 1.225105989988151e-07,5.343438260752009e-07,-0.08650051057338715 | 1,3
2080 | 26.09164349734783 | 132.29263305664062,218.31689453125,0.19629035890102386 | 0.0,0.0,0.0 | 359.1 | 0.0,0.0,0.0 | -3.5450939321890473e-06,2.93236013249043e-07,-0.01523610483855009 | 1,3
2090 | 26.21890340000391 | 132.29263305664062,218.31689453125,0.1962159276008606 | 1.7427863596708448e-08,2.8852404909684992e-09,2.9522061595343985e-05 | 359.1 | 5.783283540949924e-06,2.3516238798038103e-05,5.041433492891656e-09 | -5.609924969007807e-08,4.778704578711768e-07,-0.09619792550802231 | 1,3
2100 | 26.34133379906416 | 132.29263305664062,218.31689453125,0.1962614357471466 | -8.334752443772686e-09,6.244587624770759e-10,0.0009588550310581923 | 359.1 | 1.0002366934713791e-06,2.690533256100025e-05,-1.47510303971643e-09 | -3.048871803912334e-06,4.3727332865728386e-08,-0.01650303043425083 | 1,3
2110 | 26.464717499911785 | 132.29263305664062,218.31689453125,0.19628317654132843 | -1.428574236683744e-08,3.418897387419406e-10,0.0007828173693269491 | 359.1 | 9.044342732522637e-07,-2.033599048445467e-05,-5.130997848823426e-10 | 2.3292027435672935e-06,-1.9313691979050418e-08,-0.007434358354657888 | 1,3
2120 | 26.58618339896202 | 132.29263305664062,218.31689453125,0.19629722833633423 | -7.522491962674849e-09,-8.395526496229877e-10,7.71332997828722e-05 | 359.1 | -4.833962975681061e-06,1.574014618199726e-06,3.3145591826766463e-10 | 4.145872480876278e-07,-1.5326347124755557e-07,0.06707809865474701 | 1,3
2130 | 26.708627697080374 | 132.29263305664062,218.31689453125,0.19630256295204163 | -1.0452081866674234e-08,-2.5438298134616844e-09,0.00046888506039977074 | 359.1 | -5.262560080154799e-06,3.4303782285860507e-06,-3.837256290495361e-09 | -2.0201093775540357e-06,-3.8399215895879024e-07,0.05348207801580429 | 1,3
2140 | 26.83146919682622 | 132.29263305664062,218.31689453125,0.19630691409111023 | -1.619550182851981e-08,-2.5665494174376136e-09,-0.0002852371835615486 | 359.1 | -4.510788585321279e-06,7.446475137840025e-06,-2.688993472332868e-09 | -1.898784489640093e-06,-2.0983237902783003e-07,-0.10453519225120544 | 1,3
2150 | 26.955884099006653 | 132.29263305664062,218.31689453125,0.1962897777557373 | 8.967345088706224e-09,-9.838958536789733e-10,8.963414438767359e-05 | 359.1 | -5.201882800065505e-07,7.117455993466137e-07,3.3001115173902917e-09 | 1.0115936532884007e-07,4.5765665390717913e-07,-0.06539740413427353 | 1,3
2160 | 27.07952480018139 | 132.29263305664062,218.31689453125,0.19631442427635193 | 5.0260928752265954e-09,3.742158583008859e-09,0.0009447526535950601 | 359.1 | 5.79336165174027e-06,-4.589060154103208e-06,-8.220902292244148e-10 | 7.066192324600706e-07,-7.818535863179932e-08,0.06018707528710365 | 1,3
2170 | 27.206312999129295 | 132.29263305664062,218.31689453125,0.19629542529582977 | -2.101685581124002e-08,-2.4818853638919336e-09,0.0013616144424304366 | 359.1 | -5.002840225643013e-06,1.9730214262381196e-05,-3.0747884238735423e-09 | -1.48638503105758e-06,-3.5696012901098584e-07,0.2040468156337738 | 1,3
2180 | 27.329303696751595 | 132.29263305664062,218.31689453125,0.19630850851535797 | -1.9429144515470398e-08,4.160429778465868e-09,-0.00011064105638070032 | 359.1 | 7.967538294906262e-06,1.1821516636700835e-05,-2.5050301832862942e-09 | -2.807530336212949e-06,4.151487473791349e-07,0.004034894052892923 | 1,3
2190 | 27.45549399778247 | 132.29263305664062,218.31689453125,0.19635215401649475 | -7.526185896722382e-09,5.303341654716576e-10,-8.884246199158952e-05 | 359.1 | 3.5660642083712446e-07,6.607811428693822e-06,-1.4415072469020629e-09 | -1.8771051202293165e-07,-1.728311360693624e-07,0.11328484863042831 | 1,3
2200 | 27.578878697007895 | 132.29263305664062,218.31689453125,0.1963842362165451 | -1.8222452879967932e-08,-2.8827582543300423e-09,0.001043544732965529 | 359.1 | -4.4870757847093046e-06,1.683561276877299e-05,-7.196397922015763e-10 | -1.4932214753571316e-06,1.4304391449115883e-08,-0.024294504895806313 | 1,3
2210 | 27.707723196595907 | 132.29263305664062,218.31689453125,0.19628314673900604 | 1.02652619737853e-09,2.931261622318715e-10,-0.0008037443039938807 | 359.1 | 1.8859697092921124e-06,-5.514817530638538e-06,2.31239027925767e-10 | -1.949814986801357e-06,4.3671479943441227e-07,-0.09484945982694626 | 1,3
2220 | 27.83889489993453 | 132.29263305664062,218.31689453125,0.1962055116891861 | 4.122518326710178e-09,-1.3337101423260833e-09,0.0003330193867441267 | 359.1 | -2.660603286130936e-06,-2.3733502530376427e-05,-2.2406625443949224e-09 | -1.292611671033228e-07,-2.3947924887579575e-07,-0.08428850769996643 | 1,3
2230 | 27.96128999814391 | 132.29263305664062,218.31689453125,0.1962655633687973 | 2.1368002478538983e-08,3.074140941805581e-09,-0.00029891994199715555 | 359.1 | 5.779674665973289e-06,2.0208744899719022e-05,3.90147159023968e-09 | -2.749784755451401e-07,4.1991179955402913e-07,-0.05607875809073448 | 1,3
2240 | 28.083129599690437 | 132.29263305664062,218.31689453125,0.1962892860174179 | -1.5260342989265041e-09,-3.950356042281555e-09,0.0006119669415056705 | 359.1 | -6.7949167714687064e-06,1.2875992979388684e-05,2.586312497498966e-09 | 9.57098563958425e-07,-1.433357113000966e-07,0.04744613170623779 | 1,3
2250 | 28.208492398262024 | 132.29263305664062,218.31689453125,0.19632796943187714 | -3.766048450870585e-08,-2.6946371800562474e-09,0.003769799368456006 | 359.1 | -4.983064627595013e-06,7.098570495145395e-05,-4.970316380692452e-10 | -3.169087904097978e-06,-2.2675071420508175e-07,0.3172244131565094 | 1,3
2260 | 28.33322899788618 | 132.29263305664062,218.31689453125,0.19643977284431458 | -1.4981310414441396e-08,2.059932890929872e-09,0.0008102119318209589 | 359.1 | 3.879212272295263e-06,-4.564243135973811e-05,-5.818226345155608e-09 | -2.4301243684021756e-07,-2.6470052816307543e-08,0.0010708626359701157 | 1,3
2270 | 28.46002670004964 | 132.29263305664062,218.31689453125,0.19637472927570343 | 4.9974307358979786e-08,5.826656490626192e-09,-0.003940362483263016 | 359.1 | 1.0021140042226762e-05,-2.3396678443532437e-05,3.5469034376234276e-09 | 2.828923015840701e-06,4.2419696910656057e-07,-0.38490983843803406 | 1,3
2280 | 28.581512097269297 | 132.29263305664062,218.31689453125,0.19638903439044952 | 2.1342561495885093e-08,-3.915905377738227e-09,0.0007730265497229993 | 359.1 | -7.438718057528604e-06,-2.7633022909867577e-05,1.108219738199523e-09 | 2.380454816375277e-06,-3.3089713724621106e-07,-0.001699961256235838 | 1,3
2290 | 28.705165799707174 | 132.29263305664062,218.31689453125,0.1964324563741684 | -5.557766247221707e-09,-8.222247327438481e-10,0.0008975989185273647 | 359.1 | -1.756242568262678e-06,4.324358997109812e-06,2.7502652932831495e-10 | 6.040818902874889e-07,-1.1025378654494489e-07,0.10276244580745697 | 1,3
2300 | 28.83218889683485 | 132.29263305664062,218.31689453125,0.19638729095458984 | -1.0959409380006946e-08,-3.4203866405846384e-09,0.0007722236914560199 | 359.1 | -7.876084964664187e-06,2.486004086676985e-05,-1.6894342591555755e-09 | -6.700052779251564e-08,-7.331487381634361e-07,0.07142225652933121 | 1,3
2310 | 28.953929498791695 | 132.29263305664062,218.31689453125,0.19638408720493317 | 6.2264962075175845e-09,-3.276742210900352e-09,0.0009431254002265632 | 359.1 | -6.646458587056259e-06,-2.8556674806168303e-05,-5.837971217559357e-10 | 2.5914723664755e-06,-4.852072379435413e-07,0.1020045056939125 | 1,3
2320 | 29.081798996776342 | 132.29263305664062,218.31689453125,0.19632694125175476 | 1.0229814328965858e-08,-3.2241376235475627e-09,0.0021213856525719166 | 359.1 | -6.941721949260682e-06,8.000618549885985e-07,-1.9677708351650836e-09 | -6.066781566005375e-07,-6.553007665388577e-07,0.10295518487691879 | 1,3
2330 | 29.207682698965073 | 132.29263305664062,218.31689453125,0.19634559750556946 | 9.383203547486119e-09,3.0028279862648333e-09,-0.0009014561073854566 | 359.1 | 5.041106305725407e-06,1.0747541637101676e-05,-1.778057145962464e-10 | -1.2376812037473428e-06,1.0804406969100455e-07,-0.06882813572883606 | 1,3
2340 | 29.33003230020404 | 132.29263305664062,218.31689453125,0.19637328386306763 | -6.841121891199009e-09,2.467028137331795e-09,0.00110120780300349 | 359.1 | 5.759755367762409e-06,5.652412255585659e-06,2.049465930298311e-09 | -3.351515331928567e-08,5.618996397060982e-07,0.04825548455119133 | 1,3
2350 | 29.450124498456717 | 132.29263305664062,218.31689453125,0.1963740438222885 | 0.0,0.0,0.0 | 359.1 | 0.0,0.0,0.0 | -3.583209604585136e-07,1.2288245088143412e-08,-0.029864953830838203 | 1,3
2360 | 29.57148589938879 | 132.29263305664062,218.31689453125,0.1963300257921219 | -1.8098484488859867e-08,-9.869111083915527e-10,0.00041008013067767024 | 359.1 | -6.673005827906309e-07,7.19610261512571e-06,5.951517056956845e-10 | -1.6505221367424383e-07,2.436678414596827e-07,0.04927368834614754 | 1,3
2370 | 29.69703909754753 | 132.29263305664062,218.31689453125,0.19628551602363586 | 1.2436316865205299e-08,-7.60043528114096e-10,-0.0008650708477944136 | 359.1 | -1.8962158492286108e-06,2.6787183742271736e-05,2.4880586479980593e-09 | -8.148693098064541e-08,-1.1220758722174651e-07,-0.12351784855127335 | 1,3
2380 | 29.828569497913122 | 132.29263305664062,218.31689453125,0.1962311565876007 | 1.5203392322860054e-08,-4.822399812809408e-09,0.0018062666058540344 | 359.1 | -9.362954187963624e-06,-2.8794109312002547e-05,-5.0212176638808614e-09 | -2.5182282570312964e-06,-5.273024044072372e-07,0.10685466229915619 | 1,3
2390 | 29.95588519796729 | 132.29263305664062,218.31689453125,0.19622203707695007 | 7.724548112264529e-09,-1.8225781994729573e-09,0.0006963851628825068 | 359.1 | -1.9336405330250273e-06,-5.7610432122601196e-05,-1.1556863244166493e-09 | 1.2162809071014635e-06,1.8580620064767572e-07,0.0377625897526741 | 1,3
2400 | 30.082262698560953 | 132.29263305664062,218.31689453125,0.19622386991977692 | -5.5893199402134996e-08,9.543345003137915e-10,-0.000650815898552537 | 359.1 | 2.8230076623003697e-06,4.732392335426994e-05,-1.4531578163001768e-09 | -2.5138108412647853e-06,3.0369020009857195e-07,-0.17333543300628662 | 1,3
2410 | 30.212828498333693 | 132.29263305664062,218.31689453125,0.19621531665325165 | 2.0415447110622154e-08,1.882032973909986e-09,7.065806130412966e-05 | 359.1 | 1.8708060451899655e-06,-1.2395328667480499e-05,1.0971131780834753e-09 | 2.7598716769716702e-06,-3.157301193823514e-07,0.021861083805561066 | 1,3
2420 | 30.340787298977375 | 132.29263305664062,218.31689453125,0.19620288908481598 | 4.3945359351482693e-08,-5.386089907410962e-10,0.0008824642281979322 | 359.1 | -2.7686032808560412e-06,-5.859668817720376e-05,-2.0491168761793688e-09 | 1.95358961718739e-06,-5.67609731660923e-07,0.16270124912261963 | 1,3
2430 | 30.465065699070692 | 132.29263305664062,218.31689453125,0.19622893631458282 | 5.199881414341689e-09,-1.0941318961954494e-09,0.00044304190669208765 | 359.1 | -1.5315712289520889e-06,-6.409817433450371e-05,-2.8552473718690408e-09 | 1.6124619151014485e-06,-8.416636632091468e-08,0.029051102697849274 | 1,3
2440 | 30.592004496604204 | 132.29263305664062,218.31689453125,0.19624800980091095 | 5.5824759925826584e-08,-1.7120603823528313e-09,0.0010233803186565638 | 359.1 | -4.1065827645070385e-06,-7.243597065098584e-05,2.684642508299362e-09 | 5.014940597902751e-06,-3.2570767416473245e-07,0.028521720319986343 | 1,3
2450 | 30.717595297843218 | 132.29263305664062,218.31689453125,0.19625617563724518 | 0.0,0.0,0.0 | 359.1 | 0.0,0.0,0.0 | -3.038643626496196e-06,5.775779641226109e-07,-0.09176594763994217 | 1,3
2460 | 30.844930298626423 | 132.29263305664062,218.31689453125,0.19624553620815277 | 4.719478496895135e-08,3.1673517142394303e-09,0.0003895086992997676 | 359.1 | 6.576435225724708e-06,-8.85164990904741e-06,6.0696048187480756e-09 | 4.645571323180775e-07,7.128449510673818e-07,-0.015919633209705353 | 1,3
2470 | 30.97238179668784 | 132.29263305664062,218.31689453125,0.19624629616737366 | -1.484854994515672e-08,7.242811683738637e-09,-0.0018075609114021063 | 359.1 | 1.4097616258368362e-05,3.771982619582559e-06,1.2822755079966441e-09 | 3.749800612240506e-07,7.700111268604815e-07,-0.2201358675956726 | 1,3
2480 | 31.095669999718666 | 132.29263305664062,218.31689453125,0.1963026076555252 | 1.49739527444126e-08,3.784959456964998e-09,0.00036430725594982505 | 359.1 | 7.135917712730588e-06,7.131251550163142e-06,4.010577647761693e-09 | 9.453020197724982e-07,4.195844098831003e-07,-0.040424738079309464 | 1,3
2490 | 31.222850799560547 | 132.29263305664062,218.31689453125,0.19629649817943573 | -2.836498147473776e-08,-4.688338606229081e-09,-0.00010308860510122031 | 359.1 | -8.48072704684455e-06,1.7595632016309537e-05,-3.1792313226475244e-09 | -1.789663315321377e-06,-3.753013402274519e-07,0.014775893650949001 | 1,3
2500 | 31.350730299949646 | 132.29263305664062,218.31689453125,0.19628791511058807 | -6.525885609676152e-09,-1.760242840376236e-09,0.0008810117724351585 | 359.1 | -2.3649124614166794e-06,-2.6047096980619244e-05,3.723538699595963e-10 | 2.0543743630696554e-06,9.001218614912432e-08,-0.040606677532196045 | 1,3
2510 | 31.477974697947502 | 132.29263305664062,218.31689453125,0.1962963044643402 | -2.2631997609323662e-08,-4.6429207145592954e-09,0.00041842053178697824 | 359.1 | -8.742083991819527e-06,1.1079308023909107e-05,-2.763504314273746e-09 | -4.535238531389041e-07,-5.186092266740161e-07,0.08138445019721985 | 1,3
2520 | 31.608641497790813 | 132.29263305664062,218.31689453125,0.19631236791610718 | -1.273966709902652e-08,-6.09995032263555e-09,0.0009676682529971004 | 359.1 | -1.0895429113588762e-05,1.8059614376397803e-05,8.861597566856005e-10 | -7.27588744808827e-09,-2.834462691225781e-07,0.008921533823013306 | 1,3
2530 | 31.737400397658348 | 132.29263305664062,218.31689453125,0.19631518423557281 | -6.526317708477336e-09,1.3503983486984339e-09,-0.0015309213194996119 | 359.1 | 1.3029485899096471e-06,2.366898479522206e-05,-2.6875048853014505e-09 | -1.4211849475032068e-06,-3.155994363623904e-07,-0.1990630179643631 | 1,3
2540 | 31.864491999149323 | 132.29263305664062,218.31689453125,0.19631899893283844 | 3.284520389001955e-08,-1.0072629397228638e-09,-0.0002175147965317592 | 359.1 | -1.3397404927673051e-06,-2.874290476029273e-05,3.685522331764446e-09 | 2.120436420227634e-06,1.614265698890449e-07,-0.10449356585741043 | 1,3
2550 | 31.995925396680832 | 132.29263305664062,218.31689453125,0.1962401121854782 | 8.531041650883253e-09,2.11810902150944e-09,-0.0005488728056661785 | 359.1 | 2.5571002879587468e-06,2.738076091191033e-06,-2.015549283029827e-09 | -6.135998660283803e-07,-2.762411099865858e-07,-0.0325518473982811 | 1,3
2560 | 32.119710098952055 | 132.29263305664062,218.31689453125,0.19626601040363312 | 2.615062610900054e-09,-3.959180538970486e-09,0.00041871669236570597 | 359.1 | -8.651159987493884e-06,-2.7343080546415877e-06,-1.898820878309948e-09 | 7.25312759186636e-07,-7.825682928341848e-07,0.05141538009047508 | 1,3
2570 | 32.25501499697566 | 132.29263305664062,218.31689453125,0.1961820125579834 | 2.174585489456149e-08,1.4173877349588082e-10,-0.00032245024340227246 | 359.1 | 1.0412458095743204e-06,1.9848226656904444e-05,4.293926547660476e-09 | -2.341279383699657e-07,3.3529528309372836e-07,-0.06433450430631638 | 1,3
2580 | 32.382004000246525 | 132.29263305664062,218.31689453125,0.19626575708389282 | 0.0,0.0,0.0 | 359.1 | 0.0,0.0,0.0 | -7.404883604067436e-07,1.3853724567525205e-07,-0.0780671164393425 | 1,3
2590 | 32.509917698800564 | 132.29263305664062,218.31689453125,0.19623301923274994 | 9.415089152753353e-09,3.532756531754444e-09,-0.002085704356431961 | 359.1 | 5.423704806162277e-06,4.5972650696057826e-05,-4.1095307712346596e-10 | -3.410360477573704e-06,3.128845094124699e-08,-0.21341390907764435 | 1,3
2600 | 32.6373593993485 | 132.29263305664062,218.31689453125,0.19625701010227203 | 4.751078463982594e-08,-3.698035211385786e-09,0.0010601007379591465 | 359.1 | -7.499466391891474e-06,-2.090455927827861e-05,4.936653308362793e-09 | 2.609659759400529e-06,-2.6428213573126413e-07,0.0038407447282224894 | 1,3
2610 | 32.77274349704385 | 132.29263305664062,218.31689453125,0.19619914889335632 | 2.2811804001321434e-08,-6.7482730514711875e-09,0.0020306799560785294 | 359.1 | -1.2220121789141558e-05,-2.7183246857021004e-05,4.216588467276239e-10 | 6.920875534888182e-07,-3.954124849769869e-07,0.01719437912106514 | 1,3
2620 | 32.90037629753351 | 132.29263305664062,218.31689453125,0.19627444446086884 | -5.963031401989838e-09,-5.032065431009869e-09,-0.00022035525762476027 | 359.1 | -9.372158274345566e-06,8.931847332860343e-06,1.6749308606733848e-09 | 2.1939154066785704e-06,-4.378427433948673e-07,0.034356739372015 | 1,3
2630 | 33.02521250024438 | 132.29263305664062,218.31689453125,0.19633033871650696 | 1.993371334663152e-08,-2.5591162522431432e-09,7.213645585579798e-05 | 359.1 | -3.986167939729057e-06,-2.09398476727074e-05,4.642442430480287e-09 | 3.587768787838286e-06,1.0141066297819634e-07,-0.07253877073526382 | 1,3
2640 | 33.15578920021653 | 132.29263305664062,218.31689453125,0.196293443441391 | -1.863240584043524e-08,1.3338284921005084e-09,7.03054538462311e-05 | 359.1 | 2.757970378297614e-06,-1.5390090993605554e-05,-1.7050443279487126e-09 | 1.0140208814846119e-06,1.0111852333238858e-07,-0.04031705483794212 | 1,3
2650 | 33.29139719903469 | 132.29263305664062,218.31689453125,0.19627833366394043 | 1.3880192106796585e-08,-7.571490101554446e-09,0.0011296906741335988 | 359.1 | -1.2286140190553851e-05,-1.1774363883887418e-05,3.5454739144569203e-09 | 6.726134529344563e-07,2.753892935913882e-08,-0.04870108515024185 | 1,3
2660 | 33.42016199976206 | 132.29263305664062,218.31689453125,0.1963481456041336 | -7.462344520092756e-09,-1.026295493034013e-09,0.0006668313289992511 | 359.1 | -2.2762314983992837e-06,1.413315567333484e-05,1.3797245464186592e-11 | 5.520026746808071e-08,-1.8127262535472255e-07,-0.07087726145982742 | 1,3
2670 | 33.54957979917526 | 132.29263305664062,218.31689453125,0.1963253766298294 | -2.1312221321068137e-08,-6.02515759506872e-10,0.00039924393058754504 | 359.1 | -1.666134494371363e-06,1.81261984835146e-05,-2.5884854260027623e-09 | -7.718315941929177e-07,-3.218792414827476e-07,0.15528827905654907 | 1,3
2680 | 33.67594650015235 | 132.29263305664062,218.31689453125,0.1963120549917221 | -1.1552093504008099e-08,3.830564337947706e-11,-0.00028090731939300895 | 359.1 | 1.5097617733772495e-06,1.888052224785497e-06,1.3666620057861678e-09 | -2.4606546844552213e-07,4.6595488356615533e-07,-0.0656849816441536 | 1,3
2690 | 33.80566629767418 | 132.29263305664062,218.31689453125,0.19625510275363922 | -1.9850215693395512e-08,-1.0761405100367938e-08,0.0012942280154675245 | 359.1 | -1.8987853763974272e-05,8.061804692260921e-06,-2.352751604650649e-10 | -4.558534527632219e-08,-5.817630608362379e-07,0.13351966440677643 | 1,3
2700 | 33.93847719952464 | 132.29263305664062,218.31689453125,0.1962498426437378 | -2.379458230450382e-08,1.2840936092217703e-09,-0.000119460528367199 | 359.1 | 3.646546701929765e-06,1.3103071978548542e-05,-1.7193123313941072e-10 | -1.1301267477392685e-06,4.089658034445165e-07,-0.08139122277498245 | 1,3
2710 | 34.06982949748635 | 132.29263305664062,218.31689453125,0.19624663889408112 | 1.1573734193248697e-09,2.359412665242644e-09,-0.001195954973809421 | 359.1 | 4.355259079602547e-06,-2.163659019061015e-06,2.0310862713923683e-10 | 9.036966019948522e-08,1.8422690573061118e-07,-0.09338217228651047 | 1,3
2720 | 34.19416959956288 | 132.29263305664062,218.31689453125,0.19634437561035156 | 1.4157557792771058e-08,-5.374403005964368e-11,0.0008347079856321216 | 359.1 | -1.356867187496391e-07,-1.3105545804137364e-05,1.9138690632303224e-09 | 1.1074729400206706e-06,7.188830153381787e-08,0.010755326598882675 | 1,3
2730 | 34.32363069802523 | 132.29263305664062,218.31689453125,0.19632308185100555 | -6.064355240198438e-09,2.3972301921304506e-09,0.0004801063914783299 | 359.1 | 4.300818545743823e-06,3.265286795794964e-05,3.323437747226876e-09 | 4.6021074240343296e-07,2.731541997036402e-07,-0.08856859803199768 | 1,3
2740 | 34.45098049938679 | 132.29263305664062,218.31689453125,0.19631481170654297 | 4.051830426732295e-09,-2.9332747342181165e-09,0.0008116889512166381 | 359.1 | -4.040043222630629e-06,3.875042966683395e-05,1.781110481324788e-09 | -4.436095423443476e-06,3.2652272352606815e-07,-0.04074123129248619 | 1,3
2750 | 34.57847809791565 | 132.29263305664062,218.31689453125,0.1963059902191162 | -4.0927542244162396e-08,8.666982687088876e-09,-0.0019462115596979856 | 359.1 | 1.5414829249493778e-05,3.536517033353448e-05,-3.1869575867204958e-09 | -2.3099062218534527e-06,4.3965707163806655e-07,-0.20721358060836792 | 1,3
2760 | 34.70687859877944 | 132.29263305664062,218.31689453125,0.19630683958530426 | -3.127104131195324e-09,9.227022479407765e-10,-0.0008854158222675323 | 359.1 | 2.930318714788882e-06,4.236158201820217e-05,3.292382810826666e-09 | -2.768464582914021e-06,6.528437666020181e-07,-0.15953770279884338 | 1,3
2770 | 34.840929199010134 | 132.29263305664062,218.31689453125,0.19624797999858856 | 1.716716191424439e-08,-2.3774587853964135e-10,-9.164541552308947e-05 | 359.1 | 1.2504044661909575e-06,-6.893637328175828e-05,3.4246683267014078e-09 | 4.129263743379852e-06,5.25490065683698e-07,-0.07138504087924957 | 1,3
2780 | 34.967699497938156 | 132.29263305664062,218.31689453125,0.19630023837089539 | -5.3272195543740963e-08,-6.304683441982206e-09,0.0006504784105345607 | 359.1 | -1.0679964361770544e-05,3.7854180845897645e-05,-3.9910394988851294e-09 | -3.0150065413181437e-06,-4.0310118265551864e-07,-0.04178042337298393 | 1,3
2790 | 35.097440999001265 | 132.29263305664062,218.31689453125,0.196292906999588 | 1.4845131346419294e-08,3.3628526630025135e-09,0.0005422300891950727 | 359.1 | 6.937441412446788e-06,-2.365435466344934e-05,4.267878050967511e-09 | 2.5714612092997413e-06,5.3862362392465e-07,-0.07923153042793274 | 1,3
2800 | 35.22533229738474 | 132.29263305664062,218.31689453125,0.19629161059856415 | 1.2841968377586e-08,5.363892663368119e-10,-5.784246968687512e-05 | 359.1 | 1.382392724735837e-06,-9.541737199469935e-06,9.680415496982064e-11 | -7.452023282894515e-07,1.5520981833105907e-07,-0.1307334005832672 | 1,3
2810 | 35.3583993986249 | 132.29263305664062,218.31689453125,0.1962481290102005 | -5.648697865012764e-08,3.3370632923634957e-09,0.00012759397213812917 | 359.1 | 7.527053639933001e-06,3.9117741835070774e-05,-1.340985433806452e-09 | -2.27998202717572e-06,5.926592621108284e-07,-0.14347483217716217 | 1,3
2820 | 35.48521899804473 | 132.29263305664062,218.31689453125,0.19633227586746216 | 5.4211739097809186e-08,3.096955802917023e-09,0.0012636318570002913 | 359.1 | 5.018520369048929e-06,-2.6718720619101077e-05,5.5072573168502e-09 | 2.713929688979988e-06,2.7241182465331804e-07,0.10632336139678955 | 1,3
2830 | 35.61366229876876 | 132.29263305664062,218.31689453125,0.1963135153055191 | -6.9082828346722636e-09,-4.411487619648824e-09,0.0008258683956228197 | 359.1 | -1.6480312297062483e-06,-6.913377728778869e-05,5.4186979348003206e-09 | 4.584385806083446e-06,2.380360655251934e-07,0.031011546030640602 | 1,3
2840 | 35.747730396687984 | 132.29263305664062,218.31689453125,0.1962488442659378 | 0.0,0.0,0.0 | 359.1 | 0.0,0.0,0.0 | 8.94774302651058e-07,3.0567309750040295e-07,-0.14310114085674286 | 1,3
2850 | 35.87819330021739 | 132.29263305664062,218.31689453125,0.19621658325195312 | 7.352768616186722e-09,-3.1028752900397194e-09,0.0019314789678901434 | 359.1 | -6.908368959557265e-06,-8.34860259146808e-07,6.946171970945159e-10 | 2.0134773421887076e-06,-5.802203872917744e-07,0.16517792642116547 | 1,3
2860 | 36.00232919678092 | 132.29263305664062,218.31689453125,0.19629894196987152 | -1.5059333335898373e-08,-5.674658520860021e-10,0.0005206241621635854 | 359.1 | -2.0015950212837197e-06,5.003145633963868e-05,-2.244962549191598e-10 | -1.124668074226065e-06,-3.502275660594023e-07,-0.015645071864128113 | 1,3
2870 | 36.130350299179554 | 132.29263305664062,218.31689453125,0.19627711176872253 | -6.1118408112292855e-09,1.0727875254801233e-09,-7.921161159174517e-05 | 359.1 | 1.4735674085386563e-06,4.004080255981535e-05,-2.874483318038301e-09 | -4.477201400732156e-06,-3.422991667889619e-08,0.012640499509871006 | 1,3
2880 | 36.258672297000885 | 132.29263305664062,218.31689453125,0.19638557732105255 | -5.9439642541292415e-08,-8.433194143009359e-10,0.0008437730721198022 | 359.1 | -8.343124022758275e-07,4.6553981519537047e-05,-1.1068734817598624e-09 | -4.061039931002597e-07,2.9438250948032874e-08,-0.008798480965197086 | 1,3
2890 | 36.39304629713297 | 132.29263305664062,218.31689453125,0.19631576538085938 | 9.525820132694207e-09,-2.51986653765357e-09,0.0006218110793270171 | 359.1 | -4.650255505112e-06,-5.894449714105576e-05,-3.012392335577374e-09 | 1.4135735000309069e-06,-3.172797562456253e-07,-0.019685843959450722 | 1,3
2900 | 36.520927499979734 | 132.29263305664062,218.31689453125,0.196354478597641 | 2.795622044970969e-08,4.598227132390775e-09,-6.326827133307233e-05 | 359.1 | 7.91859747550916e-06,2.4487662813044153e-05,5.314401363420984e-09 | 9.709584674055804e-07,3.3672233712422894e-07,0.0038528479635715485 | 1,3
2910 | 36.65103289857507 | 132.29263305664062,218.31689453125,0.1963907927274704 | 5.4333003873807684e-08,-2.763435258401614e-09,0.001304637873545289 | 359.1 | -5.7636029850982595e-06,-5.612348468275741e-05,2.7760007625943217e-09 | 3.7746410725958413e-06,-3.3270083577008336e-07,-0.010090930387377739 | 1,3
2920 | 36.776786997914314 | 132.29263305664062,218.31689453125,0.19641181826591492 | -1.789941173058196e-08,4.8254729101415705e-09,-0.0010988693684339523 | 359.1 | 8.949011316872202e-06,1.6994785255519673e-05,-1.5969803257576132e-09 | -1.5892796909611207e-06,3.026902959391009e-07,-0.18896937370300293 | 1,3
2930 | 36.912011098116636 | 132.29263305664062,218.31689453125,0.19630195200443268 | 9.266072353852906e-09,-5.795171453826242e-09,0.0008972763898782432 | 359.1 | -8.836683264235035e-06,1.3195834071666468e-05,5.529839253171076e-09 | 3.089596987138066e-07,2.4161695932889415e-07,0.006350943818688393 | 1,3
2940 | 37.04002450034022 | 132.29263305664062,218.31689453125,0.1963586062192917 | 8.877202972712439e-09,-2.0275385814727542e-09,0.001195664401166141 | 359.1 | -4.03816102334531e-06,9.412494250682357e-07,4.012905563399727e-10 | 8.230141901321986e-08,-1.973522927301019e-07,-0.06471476703882217 | 1,3
2950 | 37.173095997422934 | 132.29263305664062,218.31689453125,0.1963249146938324 | 3.002654480610545e-08,-4.45817827099404e-09,-0.00028000911697745323 | 359.1 | -7.044759058771888e-06,-5.592879460891709e-05,2.916644925576861e-09 | 3.0095395686657866e-06,4.891232308068538e-08,-0.05005183070898056 | 1,3
2960 | 37.30201390013099 | 132.29263305664062,218.31689453125,0.1963299959897995 | 1.775407021398223e-08,-3.918434465788323e-09,-0.0002383494284003973 | 359.1 | -7.592536803713301e-06,-5.109911580802873e-05,-3.0237403692012776e-09 | 4.5381378299680364e-07,-4.71882884767183e-07,0.07783623784780502 | 1,3
2970 | 37.437277998775244 | 132.29263305664062,218.31689453125,0.19626262784004211 | 0.0,0.0,0.0 | 359.1 | 0.0,0.0,0.0 | -5.114819146001537e-07,2.4173135670935153e-07,-0.0895882174372673 | 1,3
2980 | 37.56951919943094 | 132.29263305664062,218.31689453125,0.19625194370746613 | 1.2094997892120318e-08,-3.93787313868188e-09,-0.0005185188492760062 | 359.1 | -8.198521754820831e-06,-3.684125476866029e-05,-4.540674058972627e-09 | -8.50388119033596e-07,-6.139227366475097e-07,-0.010252553038299084 | 1,3
2990 | 37.698490899056196 | 132.29263305664062,218.31689453125,0.19628356397151947 | 1.5318960322474595e-08,-3.160300687810036e-09,0.00023224721371661872 | 359.1 | -4.186926616966957e-06,9.748302545631304e-06,4.637757289316369e-09 | -7.395009333777125e-07,4.41221601477082e-07,-0.06819125264883041 | 1,3
3000 | 37.8276501968503 | 132.29263305664062,218.31689453125,0.196297749876976 | 1.517224212932433e-08,7.764844878188626e-10,0.0002822234819177538 | 359.1 | 1.950348405443947e-06,2.829660297720693e-05,2.7297044624674527e-09 | -2.4251862669188995e-06,3.7378151773737045e-07,-0.030321795493364334 | 1,3
3010 | 37.957808297127485 | 132.29263305664062,218.31689453125,0.1963205635547638 | 5.490236265615067e-09,-3.660127756432985e-10,-9.824428707361221e-05 | 359.1 | 3.073892074212381e-08,-2.1297613784554414e-05,1.164381924212421e-09 | 1.0745457075245213e-06,1.7401782770321006e-07,-0.09664537012577057 | 1,3
3020 | 38.088229298591614 | 132.29263305664062,218.31689453125,0.1962917298078537 | -7.478815788886095e-09,7.739320295740981e-09,-0.0015542039182037115 | 359.1 | 1.3437526831694413e-05,5.31000205228338e-06,-4.143880794060806e-10 | 7.268112085512257e-07,3.4311582908230776e-07,-0.14223209023475647 | 1,3
3030 | 38.21949980035424 | 132.29263305664062,218.31689453125,0.19628989696502686 | 1.061096721599597e-08,-2.271034693634988e-09,0.0006556930020451546 | 359.1 | -3.820975962298689e-06,2.0534351278911345e-05,2.971566548382043e-09 | -4.823019139621465e-07,8.90770834871546e-08,-0.031530968844890594 | 1,3
3040 | 38.351429399102926 | 132.29263305664062,218.31689453125,0.19634093344211578 | 2.1732307065036593e-09,-1.4914861568016136e-09,-0.0008790052961558104 | 359.1 | -3.644265007096692e-06,1.74703400261933e-05,-1.6971184457759136e-09 | -1.8769308098853799e-06,-2.589423218068987e-07,-0.1278117299079895 | 1,3
3050 | 38.48460889980197 | 132.29263305664062,218.31689453125,0.19635452330112457 | -1.8713278038262615e-08,-2.6900692784437297e-09,0.0004868195974268019 | 359.1 | -5.342994882084895e-06,2.3300810426007956e-05,-1.337925659150585e-09 | -5.897227879358979e-07,-3.876998277974053e-07,0.012684619054198265 | 1,3
3060 | 38.61785999685526 | 132.29263305664062,218.31689453125,0.1962708681821823 | 1.6866510410551427e-09,-2.834754209146695e-09,0.0007973996107466519 | 359.1 | -4.7950488806236535e-06,-3.1896739528747275e-05,-1.0233116576330303e-09 | 1.6212928812819882e-06,-1.9052961874876928e-07,0.06422248482704163 | 1,3
3070 | 38.743812300264835 | 132.29263305664062,218.31689453125,0.19629855453968048 | -5.796378044209405e-09,-3.155946684541e-11,0.0001239431876456365 | 359.1 | 1.1864532325489563e-06,9.878608580038417e-07,-1.01707775534976e-09 | -2.909496970460168e-06,4.0195268979914545e-07,-0.031250134110450745 | 1,3
3080 | 38.873623199760914 | 132.29263305664062,218.31689453125,0.1962680071592331 | -1.8569592086237208e-08,-1.0335660105553757e-09,-1.6305743884004187e-06 | 359.1 | -1.9141880329698324e-06,1.4147388355922885e-05,-7.203415086642906e-10 | -8.162811582224094e-08,-1.0737075228917092e-07,0.07777021825313568 | 1,3
3090 | 39.00408609956503 | 132.29263305664062,218.31689453125,0.19624538719654083 | 4.176328172178501e-09,8.103828719185913e-09,-0.001304997131228447 | 359.1 | 1.5525271010119468e-05,-2.4540106096537784e-05,9.645094722898762e-10 | 5.988088105368661e-07,7.994746624717664e-07,-0.23056335747241974 | 1,3
3100 | 39.133970096707344 | 132.29263305664062,218.31689453125,0.1962553709745407 | 2.597676740379029e-08,5.105054601273196e-09,0.0005341239739209414 | 359.1 | 7.162313977460144e-06,-1.3054302144155372e-05,-1.3558258959989189e-09 | 8.666643225296866e-07,-2.8238605409569573e-07,0.011010327376425266 | 1,3
3110 | 39.26615319773555 | 132.29263305664062,218.31689453125,0.19625110924243927 | -1.0268338179741932e-08,3.7642990946551436e-09,0.0007313956739380956 | 359.1 | 7.4151680564682465e-06,5.096060249343282e-07,3.4934893866633843e-10 | 1.9163789488629845e-07,3.8693278270329756e-07,-0.02215738222002983 | 1,3
3120 | 39.394203796982765 | 132.29263305664062,218.31689453125,0.19628620147705078 | 1.8562499093377482e-08,-1.064790033922236e-09,0.000681907229591161 | 359.1 | -1.3165578138796263e-06,2.2744943635188974e-05,5.2006390305336936e-09 | -2.57061799402436e-07,3.570610545011732e-07,0.02622375637292862 | 1,3
3130 | 39.51943250000477 | 132.29263305664062,218.31689453125,0.19631706178188324 | -9.818021950991351e-09,8.398066686510219e-10,0.00017400494834873825 | 359.1 | 8.155352588801179e-07,9.437978292226035e-07,-2.6546784770431486e-09 | -4.0544418311583286e-07,-2.269078009931036e-07,-0.050551772117614746 | 1,3
3140 | 39.650555197149515 | 132.29263305664062,218.31689453125,0.19623340666294098 | -2.808935839482274e-08,-7.582572791875464e-09,0.0012737843208014965 | 359.1 | -1.2991277799301315e-05,2.2318345145322382e-05,7.144461688923798e-10 | -3.649337187994206e-08,-2.76984479796738e-07,0.15515734255313873 | 1,3
3150 | 39.776972498744726 | 132.29263305664062,218.31689453125,0.19626948237419128 | -1.3945141041915576e-08,5.473303144043484e-09,-0.0001894135057227686 | 359.1 | 1.1761830137402285e-05,-6.608590865653241e-06,2.905792717555755e-09 | 1.1960383972109412e-06,9.7814779564942e-07,-0.12268912047147751 | 1,3
3160 | 39.903915498405695 | 132.29263305664062,218.31689453125,0.19626106321811676 | -1.9201602086127423e-08,-5.095586175229982e-10,-0.0001486013934481889 | 359.1 | -2.4392884370172396e-06,2.2651847757515498e-05,-2.4575603774223964e-09 | 4.333487524377233e-08,-5.589898819380323e-07,0.1568009853363037 | 0,0
3170 | 40.029760397970676 | 132.29261779785156,218.317138671875,0.19630862772464752 | -0.000704067584592849,0.017389507964253426,0.0006821092683821917 | 359.1 | -0.01306547224521637,-0.001964760711416602,0.017915863543748856 | -0.07960915565490723,1.092334508895874,-0.02542741596698761 | 0,0
3180 | 40.15407259762287 | 132.29261779785156,218.32191467285156,0.19634555280208588 | -0.0019849452655762434,0.10150300711393356,0.0009399742702953517 | 359.1 | -0.05336688831448555,0.0037709546741098166,0.45823395252227783 | -0.10263431817293167,3.194091320037842,0.1259167343378067 | 0,0
3190 | 40.2844038978219 | 132.2918701171875,218.36900329589844,0.19651637971401215 | -0.011309642344713211,0.6130367517471313,-0.0005916951922699809 | 359.1 | -0.16651098430156708,0.00500474264845252,0.926887035369873 | -0.06679458916187286,2.4381303787231445,-0.0006733185728080571 | 0,0
3200 | 40.41362959891558 | 132.29051208496094,218.47518920898438,0.19675464928150177 | -0.019430315122008324,1.070814609527588,0.00022028008243069053 | 359.0 | -0.17849771678447723,-0.0036027252208441496,0.5696459412574768 | -0.09168815612792969,4.413643836975098,-0.005820967722684145 | 0,0
3210 | 40.540901098400354 | 132.28768920898438,218.6682586669922,0.19701620936393738 | -0.031007692217826843,1.6346895694732666,-0.0010748752392828465 | 358.9 | -0.11330360174179077,-0.005187201779335737,0.5577879548072815 | -0.07792436331510544,3.707249164581299,-0.17501398921012878 | 0,0
3220 | 40.67657610028982 | 132.2843475341797,218.8961639404297,0.19703933596611023 | -0.039050329476594925,2.0412847995758057,0.0010251078056171536 | 358.9 | -0.02932640351355076,-0.0036756095942109823,0.6564689874649048 | -0.060619618743658066,2.8950023651123047,0.10219012200832367 | 0,0
3230 | 40.804585199803114 | 132.27987670898438,219.1878662109375,0.19710570573806763 | -0.04576875641942024,2.423114061355591,0.0013188120210543275 | 358.9 | 0.01888587512075901,-0.0005372629966586828,0.6743971109390259 | -0.14177341759204865,2.8181538581848145,0.03256753832101822 | 0,0
3240 | 40.94124049693346 | 132.2735595703125,219.5824737548828,0.19702106714248657 | -0.053544316440820694,2.8391964435577393,0.001997537910938263 | 358.9 | 0.031148912385106087,-0.00034988345578312874,0.658584713935852 | -0.138547882437706,2.5708799362182617,0.09119367599487305 | 0,0
3250 | 41.06796909868717 | 132.26788330078125,219.92837524414062,0.1970251053571701 | -0.06020251289010048,3.150357246398926,-0.00030250404961407185 | 358.9 | 0.02817569300532341,-0.0021970767993479967,0.6435272693634033 | -0.16748955845832825,2.9395768642425537,-0.13996486365795135 | 0,0
3260 | 41.19728669896722 | 132.26048278808594,220.35850524902344,0.19697825610637665 | -0.06921212375164032,3.4912447929382324,-9.652796143200248e-05 | 358.9 | 0.02188485488295555,-0.0022664342541247606,0.6505938172340393 | -0.09312580525875092,2.7272353172302246,0.0583760067820549 | 0,0
3270 | 41.3286770991981 | 132.2511444091797,220.88986206054688,0.19691912829875946 | -0.07657968997955322,3.8622450828552246,-0.0018905794713646173 | 358.9 | 0.016140129417181015,-0.002062421990558505,0.5724608898162842 | -0.0983782559633255,2.7377965450286865,-0.11922059208154678 | 0,0
3280 | 41.45417569950223 | 132.2420654296875,221.39645385742188,0.19695499539375305 | -0.08080044388771057,4.177358150482178,0.0003912445099558681 | 358.9 | 0.01316530629992485,0.0026556712109595537,0.45457765460014343 | 0.028295839205384254,2.2572531700134277,0.0007731412188149989 | 0,0
3290 | 41.58079759776592 | 132.2329864501953,221.89273071289062,0.19692550599575043 | -0.0857921615242958,4.454472064971924,0.0003644493408501148 | 358.9 | 0.013221491128206253,0.0036485865712165833,0.3749697506427765 | 0.008808547630906105,2.4281601905822754,-0.007786060217767954 | 0,0
3300 | 41.71140639856458 | 132.22076416015625,222.55406188964844,0.19686256349086761 | -0.09285018593072891,4.781019687652588,-0.0009269792353734374 | 358.9 | 0.016613081097602844,-0.00019477200112305582,0.30312255024909973 | -0.07799655944108963,2.2579967975616455,-0.10008013993501663 | 0,0
3310 | 41.84209789708257 | 132.20994567871094,223.13494873046875,0.1968059539794922 | -0.09639886021614075,5.0048604011535645,-0.0017343235667794943 | 358.9 | 0.03402285277843475,0.0009553678683005273,0.22309459745883942 | -0.07734157890081406,1.877064824104309,-0.24147889018058777 | 0,0
3320 | 41.97377239912748 | 132.1963653564453,223.87106323242188,0.19727778434753418 | -0.09497124701738358,5.177906513214111,0.0006962051847949624 | 358.9 | 0.06754946708679199,0.0024599600583314896,0.046694301068782806 | -0.022160563617944717,0.7736493945121765,-0.02486872300505638 | 0,0
3330 | 42.099155496805906 | 132.1857147216797,224.454345703125,0.19715449213981628 | -0.0962596982717514,5.238585472106934,-0.0005990191712044179 | 358.9 | 0.08313841372728348,0.0007174750789999962,0.035845573991537094 | -0.007899779826402664,0.280599981546402,-0.003226345404982567 | 0,0
3340 | 42.22581319883466 | 132.17343139648438,225.12513732910156,0.19694335758686066 | -0.09672543406486511,5.253045558929443,-0.0006285757408477366 | 358.9 | 0.08305591344833374,0.0027399270329624414,0.11496298760175705 | 0.0021417979151010513,-0.03051629476249218,0.0019488043617457151 | 0,0
3350 | 42.3540606983006 | 132.15980529785156,225.8628692626953,0.19675010442733765 | -0.09611997753381729,5.22578763961792,-0.00038605681038461626 | 358.9 | 0.06926547735929489,-0.009079188108444214,-0.5295898914337158 | -0.0013300192076712847,-0.2783580422401428,0.0015953402034938335 | 0,0
3360 | 42.482170298695564 | 132.14877319335938,226.46902465820312,0.19663432240486145 | -0.09450679272413254,5.183929920196533,-0.00022746263130102307 | 359.0 | 0.04966248944401741,0.013241094537079334,0.5515202283859253 | 0.0119789345189929,-0.24773433804512024,0.001265901606529951 | 0,0
