Simulation Frame | Timestamp | Position | Velocity | Heading | Angular Velocity | Acceleration | Stopped at Red Light + Light ID 
10 | 0.12864269688725471 | 132.02992248535156,211.00184631347656,0.24940629303455353 | 0.00016093344311229885,0.00356787396594882,0.024784240871667862 | 0.0 | 2.9002509117126465,5.63429594039917,0.006118581630289555 | -0.0175847839564085,0.08623126149177551,103.6109619140625 | 0,0
20 | 0.26164359971880913 | 132.03028869628906,211.00233459472656,0.27428510785102844 | -0.0008332625729963183,-3.90438835893292e-05,0.25147292017936707 | 0.0 | -0.03748710826039314,-0.2601108253002167,4.3641412048600614e-05 | -0.05725483223795891,-0.010358469560742378,0.24300388991832733 | 0,0
30 | 0.391372200101614 | 132.03021240234375,211.0022430419922,0.3045681118965149 | -0.0023252624087035656,-0.0003720565000548959,0.20071090757846832 | 0.0 | -0.2957514822483063,-0.4677374064922333,0.0005720480112358928 | 0.002594631165266037,0.00014230764645617455,-0.6654715538024902 | 0,0
40 | 0.5170723982155323 | 132.03012084960938,211.0021209716797,0.3248390257358551 | -0.0016019419999793172,-0.0002649762318469584,0.12415970861911774 | 0.0 | -0.20756888389587402,-0.29702824354171753,0.00023548518947791308 | 0.0060523380525410175,0.001025587203912437,-0.6200366616249084 | 0,0
50 | 0.6419118978083134 | 132.0300750732422,211.00205993652344,0.3364557921886444 | -0.00099282490555197,-0.0001606010046089068,0.06970159709453583 | 0.0 | -0.12485842406749725,-0.17683756351470947,8.203873585443944e-05 | 0.004115482792258263,0.000714025751221925,-0.3465113043785095 | 0,0
60 | 0.767425999045372 | 132.030029296875,211.0020294189453,0.34278029203414917 | -0.0005952927167527378,-9.308377048000693e-05,0.03600989654660225 | 0.0 | -0.07207851111888885,-0.1038910523056984,2.6653815439203754e-05 | 0.0026337604504078627,0.000449449842562899,-0.26179835200309753 | 0,0
70 | 0.8914107978343964 | 132.03001403808594,211.00201416015625,0.34602415561676025 | -0.00035280591691844165,-5.339870403986424e-05,0.01910332962870598 | 0.0 | -0.04127483069896698,-0.06100001558661461,8.626100679975934e-06 | 0.0014211769448593259,0.00023181737924460322,-0.12881150841712952 | 0,0
80 | 1.0144592002034187 | 132.030029296875,211.00198364257812,0.3476335406303406 | -0.00021069766080472618,-3.08635899273213e-05,0.009680506773293018 | 0.0 | -0.023819977417588234,-0.03619246929883957,2.7531245905265678e-06 | 0.0009954092092812061,0.00014635040133725852,0.07520633190870285 | 0,0
90 | 1.1382973976433277 | 132.030029296875,211.00196838378906,0.34842199087142944 | 4.4025950046489015e-05,-1.7789827325032093e-05,0.005298623815178871 | 0.0 | -0.013635044917464256,-0.021584149450063705,-7.350400892391917e-07 | -0.00017782575741875917,7.677973917452618e-05,-0.008016809821128845 | 0,0
100 | 1.2662250995635986 | 132.03004455566406,211.00196838378906,0.34877917170524597 | 2.58084819506621e-05,-9.956142093869857e-06,0.003001746255904436 | 0.0 | -0.007625576574355364,-0.012562764808535576,-1.5910345041447727e-07 | -0.0001319927250733599,5.074389628134668e-05,0.1553587019443512 | 0,0
110 | 1.3922079987823963 | 132.03004455566406,211.00196838378906,0.34893089532852173 | 1.039189282892039e-05,-3.7384347706392873e-06,0.001135480240918696 | 0.0 | -0.0028956180904060602,-0.005436556413769722,-2.6907105166174006e-07 | 9.27569781197235e-05,-3.3740943763405085e-05,-0.04878422990441322 | 0,0
120 | 1.51475889980793 | 132.03004455566406,211.00196838378906,0.3490299880504608 | 1.0333485079172533e-05,-3.888947958330391e-06,0.0011185281910002232 | 0.0 | -0.0029851479921489954,-0.005088102538138628,-1.690172091173281e-08 | -3.0077260817051865e-05,7.872030437283684e-06,-0.013043941929936409 | 0,0
130 | 1.6378159001469612 | 132.03004455566406,211.00196838378906,0.3490791916847229 | 6.4758087319205515e-06,-2.472388359819888e-06,0.0003856089897453785 | 0.0 | -0.0018917628331109881,-0.003173207398504019,2.036806812100167e-08 | -2.960969322884921e-05,1.425319533154834e-05,-0.01090494729578495 | 0,0
140 | 1.7675898000597954 | 132.03005981445312,211.00196838378906,0.3490670621395111 | 0.0,0.0,0.0 | 0.0 | 0.0,0.0,0.0 | -0.0003153133438900113,0.00011978137627011165,-0.0199776329100132 | 0,0
150 | 1.892069198191166 | 132.03005981445312,211.00196838378906,0.349099725484848 | 2.343131654924946e-06,-8.657561352265475e-07,-0.00013734026288148016 | 0.0 | -0.0006639051716774702,-0.0011825526598840952,-5.2174833342633065e-09 | -7.34402078705898e-07,2.650974010975915e-06,-0.03468373045325279 | 0,0
160 | 2.0266033969819546 | 132.03005981445312,211.00196838378906,0.34910109639167786 | 1.562102170282742e-06,-5.783591063845961e-07,0.0009687108104117215 | 0.0 | -0.0004429011605679989,-0.000752840714994818,1.1932702825845354e-08 | -9.340799806523137e-06,2.945768301287899e-06,0.09517737478017807 | 0,0
170 | 2.154604498296976 | 132.03009033203125,211.0105438232422,0.34925001859664917 | 0.0010180022800341249,0.46221956610679626,0.00119046401232481 | 0.0 | -0.7980750203132629,0.004006841219961643,0.14586177468299866 | 0.035722121596336365,15.930514335632324,0.08451958745718002 | 0,0
180 | 2.282364599406719 | 132.03074645996094,211.21731567382812,0.350553423166275 | 0.003269917331635952,2.4243695735931396,0.00048447231529280543 | 0.1 | -1.1102641820907593,-0.04006807878613472,0.341002881526947 | 0.0012719524092972279,13.114119529724121,0.09293656051158905 | 0,0
190 | 2.403513800352812 | 132.03135681152344,211.59890747070312,0.3512769341468811 | 0.002551119774580002,3.652217388153076,0.00027277509798295796 | 0.0 | -0.31950104236602783,-0.028875967487692833,0.17584124207496643 | -0.005644494667649269,8.479103088378906,0.0069487630389630795 | 0,0
200 | 2.5262091979384422 | 132.03175354003906,212.1062469482422,0.3512880206108093 | 0.0033885447774082422,4.44834566116333,0.000936810509301722 | 0.0 | 0.18753528594970703,0.004646023735404015,-0.03574905917048454 | 0.016749341040849686,5.208275318145752,0.0850251242518425 | 0,0
210 | 2.6499598994851112 | 132.0322265625,212.6903839111328,0.3509564995765686 | 0.006884888280183077,4.946043014526367,-0.0012504359474405646 | 0.1 | 0.3789081275463104,0.023842109367251396,-0.214371457695961 | 0.05312834680080414,3.625272750854492,-0.11352819949388504 | 0,0
220 | 2.7773217000067234 | 132.03311157226562,213.34112548828125,0.3509677052497864 | 0.007305137813091278,5.284031867980957,0.001984616043046117 | 0.1 | 0.3690031170845032,-0.005082904361188412,-0.18396130204200745 | 0.031012721359729767,2.015488624572754,-0.04135366529226303 | 0,0
230 | 2.9035894982516766 | 132.03416442871094,214.02749633789062,0.3506712317466736 | 0.012399520725011826,5.52669095993042,-0.0004262117436155677 | 0.1 | 0.28668272495269775,0.017107175663113594,-0.2908315360546112 | 0.03415265679359436,1.6504218578338623,-0.006324165500700474 | 0,0
240 | 3.0299137979745865 | 132.03565979003906,214.7425994873047,0.35034114122390747 | 0.015538327395915985,5.713248252868652,-0.0006268484867177904 | 0.2 | 0.21603184938430786,0.009762173518538475,-0.29504573345184326 | 0.00839975569397211,1.3003126382827759,0.0009620917844586074 | 0,0
250 | 3.153799597173929 | 132.03744506835938,215.45350646972656,0.3500806391239166 | 0.01762090064585209,5.828925609588623,-0.00043960983748547733 | 0.2 | 0.18438832461833954,-0.0007122122915461659,-0.2673608958721161 | -0.06397683918476105,0.6366206407546997,0.0020712073892354965 | 0,0
260 | 3.2806533984839916 | 132.03965759277344,216.20118713378906,0.3498576283454895 | 0.021153390407562256,5.87795352935791,-0.0002566491311881691 | 0.2 | 0.16485711932182312,0.009191002696752548,-0.29693320393562317 | 0.05922335386276245,0.16880574822425842,0.0014276617439463735 | 0,0
270 | 3.403763599693775 | 132.04212951660156,216.92840576171875,0.34968459606170654 | 0.023589052259922028,5.875085830688477,-0.0001430534612154588 | 0.2 | 0.13411776721477509,0.0067992727272212505,-0.27958330512046814 | 0.04506154730916023,-0.14732201397418976,0.0008753566653467715 | 0,0
280 | 3.526996798813343 | 132.0448455810547,217.64382934570312,0.3495575189590454 | 0.025145748630166054,5.84820032119751,-7.956534682307392e-05 | 0.2 | 0.09779486060142517,0.0021162244956940413,-0.23796597123146057 | 0.036536071449518204,-0.23285488784313202,0.00028726598247885704 | 0,0
290 | 3.6535379998385906 | 132.04794311523438,218.38095092773438,0.34947237372398376 | 0.027203911915421486,5.820300102233887,-4.124131010030396e-05 | 0.3 | 0.0504247210919857,0.0018985236529260874,-0.20616428554058075 | 0.006155829876661301,0.08883354812860489,0.0003036685520783067 | 0,0
300 | 3.7804990969598293 | 132.05128479003906,219.125732421875,0.34943610429763794 | 0.028380943462252617,5.812544345855713,-2.0749534087372012e-05 | 0.3 | 0.007904552854597569,0.00025427277432754636,-0.15478092432022095 | 0.03777178004384041,0.8619205355644226,0.00018146412912756205 | 0,0
310 | 3.9023490995168686 | 132.0546875,219.83425903320312,0.34941884875297546 | 0.02961457334458828,5.8029303550720215,-9.116030923905782e-06 | 0.3 | -0.0077937887981534,-0.0006389823975041509,-0.1320972740650177 | 0.032855480909347534,1.1755375862121582,0.00016375967243220657 | 0,0
320 | 4.0343532003462315 | 132.0585174560547,220.5970916748047,0.3494087755680084 | 0.030665971338748932,5.798102855682373,-4.8059391701826826e-06 | 0.3 | -0.03606022149324417,0.0005717283929698169,-0.10152572393417358 | 0.01948370411992073,2.6558327674865723,6.614592712139711e-05 | 0,0
330 | 4.159455098211765 | 132.06224060058594,221.3152313232422,0.3494192361831665 | 0.03146406263113022,5.841134071350098,-1.9642955066956347e-06 | 0.3 | -0.15701788663864136,0.002045099623501301,-0.0033512613736093044 | 0.052087802439928055,6.344829082489014,3.1046027288539335e-05 | 0,0
340 | 4.28503679856658 | 132.06642150878906,222.084228515625,0.34973230957984924 | 0.03152398020029068,6.290469169616699,1.0737147931649815e-05 | 0.3 | -0.24446187913417816,-0.025314342230558395,0.11821705102920532 | -0.00859023816883564,2.3809330463409424,2.3280931600311305e-06 | 0,0
350 | 4.407804500311613 | 132.0703125,222.86985778808594,0.34982481598854065 | 0.030791547149419785,6.475076675415039,4.891755452263169e-06 | 0.3 | 0.027057992294430733,-0.005700534675270319,0.019789887592196465 | -0.00044597426312975585,0.6913697719573975,-0.00014759651094209403 | 0,0
360 | 4.530062098056078 | 132.0740509033203,223.66464233398438,0.3497127890586853 | 0.03049893118441105,6.477270126342773,-5.730925295210909e-06 | 0.3 | 0.1576046645641327,0.005115596577525139,-0.04294838756322861 | -0.0018068912904709578,-0.40405988693237305,-6.750161992385983e-05 | 0,0
370 | 4.662241097539663 | 132.07797241210938,224.5076904296875,0.3495309054851532 | 0.030575590208172798,6.383362770080566,-9.230286195816007e-06 | 0.3 | 0.163969486951828,0.008015050552785397,-0.06695197522640228 | 0.0008781314245425165,-0.8868227005004883,-5.352106018108316e-05 | 0,0
380 | 4.790055397897959 | 132.08184814453125,225.31845092773438,0.3493955135345459 | 0.03071884997189045,6.273997783660889,-6.741678589605726e-06 | 0.3 | 0.09962721168994904,0.005495095159858465,-0.06014825776219368 | 0.0010912239085882902,-0.7318482398986816,0.0001177953599835746 | 0,0
390 | 4.916204698383808 | 132.085693359375,226.10647583007812,0.3493272364139557 | 0.030906634405255318,6.189090251922607,-2.9274169719428755e-06 | 0.3 | 0.03859866037964821,0.002495311899110675,-0.04346238821744919 | 0.002656026976183057,-0.548568606376648,7.09239102434367e-05 | 0,0
4950 | 62.853646498173475 | 169.06732177734375,187.59141540527344,0.3494192361831665 | -5.619040012359619,0.1875009685754776,4.6724193225600175e-07 | 271.9 | 0.011360915377736092,-0.004750592168420553,-0.5875771045684814 | -0.2705422341823578,0.03813707455992699,9.574067007633857e-06 | 0,0
4960 | 62.98036029934883 | 168.28253173828125,187.61721801757812,0.3494216501712799 | -5.620503902435303,0.18907256424427032,4.767767904922948e-07 | 271.9 | 0.017320293933153152,0.0010037230094894767,-0.4211499094963074 | 0.16323743760585785,-0.006715110968798399,-1.1239992090850137e-05 | 0,0
4970 | 63.107133597135544 | 167.6422882080078,187.6383819580078,0.3494231402873993 | -5.624634742736816,0.18691536784172058,1.2777767324223532e-06 | 271.9 | 0.020907314494252205,-0.004616529680788517,-0.2184654176235199 | -0.22736838459968567,-0.023090656846761703,1.0359817679272965e-05 | 0,0
4980 | 63.23528189957142 | 166.9221649169922,187.661865234375,0.34942740201950073 | -5.629533767700195,0.18138034641742706,1.6210374553793372e-07 | 271.8 | 0.023216761648654938,-0.00460739154368639,0.013761362992227077 | -0.22970016300678253,-0.06214764341711998,3.4349770430708304e-05 | 0,0
4990 | 63.36250689998269 | 166.19960021972656,187.68463134765625,0.34942740201950073 | -5.626036167144775,0.16916564106941223,-7.247064672810666e-07 | 271.7 | 0.027690038084983826,0.0031657221261411905,0.31805145740509033 | 0.19230172038078308,-0.08261124044656754,3.695526538649574e-05 | 0,0
5000 | 63.488497499376535 | 165.49810791015625,187.70545959472656,0.3494310677051544 | -5.632719039916992,0.15832850337028503,5.530620228455518e-07 | 271.6 | 0.019535120576620102,-0.006222814321517944,0.5312592387199402 | -0.22159957885742188,-0.0798337459564209,5.761703960160958e-06 | 0,0
5010 | 63.61827899888158 | 164.69284057617188,187.7274627685547,0.34943076968193054 | -5.62900447845459,0.1402566283941269,1.1824220109701855e-06 | 271.4 | 0.01668478548526764,0.0009862101869657636,0.7901994585990906 | 0.10438981652259827,-0.08308793604373932,3.3203286875505e-05 | 0,0
5020 | 63.74325359985232 | 164.0636444091797,187.7429656982422,0.3494371771812439 | -5.6386237144470215,0.12499555945396423,-1.5352337641161284e-06 | 271.3 | 0.01672196388244629,-0.007839576341211796,0.981792151927948 | -0.20250649750232697,-0.08955082297325134,-0.0002548475458752364 | 0,0
5030 | 63.86952259764075 | 163.35096740722656,187.7586669921875,0.3494408428668976 | -5.64340877532959,0.10792481899261475,1.1919468079213402e-06 | 271.1 | 0.010279015637934208,-0.003597772680222988,1.1149588823318481 | -0.19957394897937775,-0.1367034763097763,3.165176894981414e-05 | 0,0
5040 | 64.0053387992084 | 162.57772827148438,187.77322387695312,0.34943702816963196 | -5.638124942779541,0.08738912642002106,-1.2396225201882771e-06 | 270.9 | 0.008782091550529003,0.00580923818051815,1.2626738548278809 | -0.26579615473747253,-0.10883263498544693,-3.493372423690744e-05 | 0,0
5050 | 64.13337099924684 | 161.85301208496094,187.7845458984375,0.34944042563438416 | -5.646732807159424,0.069691501557827,5.816724524265737e-07 | 270.7 | 0.00543687678873539,-0.006562490016222,1.3040615320205688 | -0.016440248116850853,-0.07667642086744308,0.00019314947712700814 | 0,0
5060 | 64.26280719786882 | 161.1265869140625,187.7937469482422,0.34944427013397217 | -5.652113437652588,0.0542624332010746,1.9357007658982184e-06 | 270.6 | -0.008289280347526073,0.002507258905097842,1.2647660970687866 | 0.13221979141235352,-0.05984213948249817,9.372270142193884e-05 | 0,0
5070 | 64.38864599913359 | 160.41217041015625,187.80078125,0.3494406044483185 | -5.651162624359131,0.03806581348180771,1.6878049109436688e-06 | 270.4 | -0.0023332706186920404,0.006031326483935118,1.2748615741729736 | 0.1718389391899109,-0.04436717554926872,0.0002203414187533781 | 0,0
5080 | 64.5150814987719 | 159.69960021972656,187.8059844970703,0.34943777322769165 | -5.652375221252441,0.026362203061580658,-1.0012319080487941e-06 | 270.3 | -0.017757976427674294,0.004769402090460062,1.1533538103103638 | 0.21087682247161865,-0.023781534284353256,1.6155898265424185e-05 | 0,0
5090 | 64.64703889936209 | 158.95468139648438,187.80958557128906,0.34943804144859314 | -5.658560276031494,0.013443267904222012,-1.4589245438401122e-06 | 270.1 | -0.019209038466215134,-0.002513299696147442,1.084488868713379 | -0.10603069514036179,-0.02399590238928795,-0.00017456276691518724 | 0,0
5100 | 64.771843098104 | 158.24215698242188,187.81149291992188,0.3494366407394409 | -5.660078525543213,0.00245095556601882,-5.7213558335433845e-08 | 270.0 | -0.016618365421891212,-0.0009376718662679195,1.0098307132720947 | -0.14829882979393005,-0.012112347409129143,-4.281250585336238e-05 | 0,0
5110 | 64.89698699861765 | 157.5377960205078,187.8122100830078,0.3494340479373932 | -5.66095495223999,-0.007353771012276411,-1.4303242323876475e-07 | 269.9 | 0.008839510381221771,-0.0013926561223343015,0.9705080389976501 | -0.15411877632141113,-0.24583904445171356,-4.6544089855160564e-05 | 0,0
5120 | 65.03043469786644 | 156.7128448486328,187.8113250732422,0.34943097829818726 | -5.656965255737305,-0.016313422471284866,1.0202659268543357e-06 | 269.8 | -0.01906704530119896,0.008416630327701569,0.8046318292617798 | 0.3481287956237793,0.05953836813569069,-1.8399357941234484e-05 | 0,0
5130 | 65.15613159909844 | 156.07080078125,187.80984497070312,0.34942716360092163 | -5.658048629760742,-0.021803177893161774,-1.5542977962468285e-06 | 269.8 | -0.011501776985824108,-0.004553205333650112,0.7304726243019104 | -0.26551932096481323,0.035703759640455246,-2.6560888727544807e-05 | 1,7
5140 | 65.28227979689837 | 155.31405639648438,187.8049774169922,0.3491747975349426 | -5.167287349700928,-0.04957613721489906,-1.0651233424141537e-05 | 269.5 | -0.02421579696238041,0.4900684356689453,0.8815014958381653 | 6.354456424713135,0.06043369695544243,-0.00015457299014087766 | 1,7
5150 | 65.41033469885588 | 154.77471923828125,187.79962158203125,0.34816840291023254 | -4.136706352233887,-0.0677848532795906,-0.003068322781473398 | 269.1 | 0.0645831897854805,0.7572433948516846,1.1695563793182373 | 11.736041069030762,0.1619601845741272,0.05375038459897041 | 1,7
5160 | 65.5414469987154 | 154.336669921875,187.79275512695312,0.3473195433616638 | -2.7493159770965576,-0.0492309145629406,0.0016676061786711216 | 269.0 | -0.09461300820112228,0.5958171486854553,0.5903497338294983 | 9.556108474731445,0.11883271485567093,0.0373305007815361 | 1,7
5170 | 65.67133549973369 | 154.06222534179688,187.78814697265625,0.3468969762325287 | -1.2203558683395386,-0.021066252142190933,0.0013026156229898334 | 269.0 | -0.07444560527801514,0.3339477479457855,0.13188357651233673 | 10.33942985534668,0.31701716780662537,-0.06012508645653725 | 1,7
5180 | 65.80768469721079 | 154.0045623779297,187.7870635986328,0.34658852219581604 | 0.0003312643675599247,0.00016509636770933867,-0.00208905222825706 | 269.0 | -0.015153887681663036,-0.2968530058860779,-8.333838923135772e-05 | 0.022582918405532837,-0.004800001159310341,0.10198888182640076 | 1,7
5190 | 65.93808199837804 | 154.00491333007812,187.7870635986328,0.3473837673664093 | 0.0009472609381191432,-7.620337419211864e-05,-0.00021736988855991513 | 269.0 | 0.03486581891775131,-0.7722421884536743,-0.00010251598723698407 | -0.0002110258355969563,-0.0007802437758073211,-0.12542738020420074 | 1,7
5200 | 66.07054399698973 | 154.0053253173828,187.78707885742188,0.34810829162597656 | 0.000672355352435261,-8.56753540574573e-05,-0.0016861374024301767 | 269.0 | 0.028057275339961052,-0.5336341261863708,-7.553301111329347e-05 | -0.0024191110860556364,0.0002610231167636812,-0.23406754434108734 | 1,7
5210 | 66.1989234983921 | 154.00558471679688,187.78707885742188,0.3485852777957916 | 0.0003992851125076413,2.8207698051119223e-05,-0.0005719085456803441 | 269.0 | 0.016061583533883095,-0.31224554777145386,6.403199950000271e-05 | -0.001718578627333045,-9.274146577809006e-05,-0.1687985062599182 | 1,7
5220 | 66.32640289887786 | 154.00570678710938,187.787109375,0.34885501861572266 | 0.00023022487584967166,1.5717199858045205e-05,0.0002478099486324936 | 269.0 | 0.008889812976121902,-0.17834323644638062,3.7471265386557207e-05 | -0.000999949872493744,-7.799334707669914e-05,0.011144381947815418 | 1,7
5230 | 66.45526769757271 | 154.0057373046875,187.787109375,0.34890976548194885 | 0.00011907263979082927,5.507047717401292e-06,-0.0009475204278714955 | 269.0 | 0.003454948775470257,-0.09248373657464981,1.7304237189819105e-05 | 0.00023621198488399386,3.088289304287173e-05,-0.09836573898792267 | 1,7
5240 | 66.59132319688797 | 154.0057830810547,187.787109375,0.3488768935203552 | 9.093192784348503e-05,5.7117581491183955e-06,-0.0017159853596240282 | 269.0 | 0.0032878511119633913,-0.07005120813846588,1.5456394976354204e-05 | -0.00041759005398489535,-1.8059652575175278e-05,0.2598801553249359 | 1,7
5250 | 66.71568669751287 | 154.00579833984375,187.787109375,0.34907668828964233 | 5.476134174386971e-05,3.4232455163873965e-06,0.000496325665153563 | 269.0 | 0.001957107800990343,-0.042100440710783005,8.858878572937101e-06 | -0.00023432058515027165,-1.5077608622959815e-05,-0.00107694196049124 | 1,7
5260 | 66.84080090001225 | 154.0058135986328,187.787109375,0.34910085797309875 | 2.1816451408085413e-05,6.608001399399654e-07,-0.00047886400716379285 | 269.0 | 0.0004890184500254691,-0.016924329102039337,2.6106019959115656e-06 | 0.00017655394913163036,1.5374405847978778e-05,-0.03250565379858017 | 1,7
5270 | 66.96918389946222 | 154.0058135986328,187.787109375,0.34908750653266907 | 2.1586567527265288e-05,1.1119583405161393e-06,0.00011148936027893797 | 269.0 | 0.0006316027138382196,-0.016594966873526573,3.4079948818543926e-06 | -5.848876389791258e-05,-1.0204986210737843e-05,-0.019478043541312218 | 1,7
5280 | 67.1013322994113 | 154.00582885742188,187.787109375,0.34906500577926636 | 1.2601827620528638e-05,6.973112931518699e-07,0.0014937286032363772 | 269.0 | 0.00038325716741383076,-0.009667273610830307,2.055877757811686e-06 | -5.57441744604148e-05,-8.943305147113279e-06,0.10054052621126175 | 1,7
5290 | 67.23411099985242 | 154.00582885742188,187.787109375,0.3490695059299469 | 3.694763790917932e-06,1.2429950402292889e-07,0.0011851267190650105 | 269.0 | 0.00011650399392237887,-0.0028842713218182325,2.519138604384352e-07 | 6.452413072111085e-05,7.705555617576465e-06,0.19118763506412506 | 1,7
5300 | 67.36172419786453 | 154.00582885742188,187.787109375,0.34911713004112244 | 4.899992745777126e-06,2.5880234488795395e-07,0.0008096548262983561 | 269.0 | 0.00014274677960202098,-0.0037654025945812464,7.570905040665821e-07 | -1.1272432857367676e-05,-3.844705588562647e-06,0.07992787659168243 | 1,7
5310 | 67.48935899883509 | 154.00582885742188,187.787109375,0.3491566777229309 | 3.2043915325630223e-06,1.7854870293376734e-07,0.001365969772450626 | 269.0 | 0.00011411745072109625,-0.0024589616805315018,4.974437501914508e-07 | -1.0797542927321047e-05,1.0700558732423815e-06,0.06152259558439255 | 1,7
5320 | 67.62144059687853 | 154.00582885742188,187.787109375,0.3490898907184601 | 0.0,0.0,0.0 | 269.0 | 0.0,0.0,0.0 | -0.00015962138422764838,-5.17857915838249e-06,-0.022253545001149178 | 1,7
5330 | 67.74826809763908 | 154.00582885742188,187.787109375,0.34904152154922485 | 1.0387681186330155e-06,-2.2206409155955953e-08,-0.0021437739487737417 | 269.0 | -4.803921456186799e-06,-0.0007944978424347937,1.8097716747433878e-07 | -7.217609436338535e-06,-9.151425501841004e-07,-0.1560424268245697 | 1,7
5340 | 67.87582779675722 | 154.00582885742188,187.787109375,0.349080890417099 | 7.453192552020482e-07,8.640499515877309e-08,0.0005001397803425789 | 269.0 | 5.661883915308863e-05,-0.0005697280867025256,1.2974335561466432e-07 | -5.920664534642128e-06,-2.3242485269747704e-07,-0.028745874762535095 | 1,7
5350 | 68.00130399689078 | 154.00582885742188,187.787109375,0.34911006689071655 | 4.6117892793517967e-07,5.956110271654325e-09,0.0004007601528428495 | 269.0 | -3.5532393667381257e-06,-0.0003535121213644743,7.864920803513087e-08 | -2.655302068887977e-06,-2.062957491943962e-06,0.012961217202246189 | 1,7
5360 | 68.1308251991868 | 154.00582885742188,187.787109375,0.3491598069667816 | 2.599983872642042e-07,-7.947832614263461e-09,0.001986532239243388 | 269.0 | -8.399082616961095e-06,-0.0002003979025175795,3.77411843999198e-08 | 5.469370876198809e-07,-2.39064183915616e-06,0.07683965563774109 | 1,7
5370 | 68.25752079859376 | 154.00582885742188,187.787109375,0.34917905926704407 | 1.461018825921201e-07,1.1610367112169229e-09,-0.0007555633783340454 | 269.0 | 5.137979314895347e-06,-0.0001093216342269443,3.5391558128594625e-08 | -4.724262453237316e-06,4.116087950478686e-07,-0.14092224836349487 | 1,7
5380 | 68.37924059852958 | 154.00582885742188,187.787109375,0.3492242395877838 | 1.1521677123482732e-07,-3.0078059154448056e-08,0.0008492360939271748 | 269.0 | -2.3135078663472086e-05,-8.691544644534588e-05,2.6235287720055567e-08 | -2.4394253159698565e-06,-9.210467624143348e-07,-0.0073865121230483055 | 1,7
5390 | 68.50188779830933 | 154.00582885742188,187.787109375,0.3491654098033905 | 3.572824169850719e-08,-1.0441064901556274e-08,-0.001376403379254043 | 269.0 | -2.486062271600531e-07,-2.5359193386975676e-05,1.204348798466981e-08 | -2.9395541787380353e-06,1.0719577403506264e-06,-0.10407529026269913 | 1,7
5400 | 68.62841369956732 | 154.00582885742188,187.787109375,0.34910640120506287 | 7.836363380420153e-08,2.7724803786099983e-08,-0.0001811178372008726 | 269.0 | 3.757518425118178e-05,-6.225289689609781e-05,-3.6638461153870594e-09 | 3.2554860354139237e-06,3.2294810807798058e-06,-0.008719717152416706 | 1,7
5410 | 68.75230479985476 | 154.00582885742188,187.787109375,0.349141001701355 | 1.9150201424622537e-08,-3.254179148370895e-08,3.2783253118395805e-05 | 269.0 | -2.010889511439018e-05,-1.365211937809363e-05,1.1630896246117572e-08 | -1.5449745660589542e-06,-3.7503361909330124e-06,-0.10579255223274231 | 1,7
5420 | 68.87824329733849 | 154.00582885742188,187.787109375,0.34912481904029846 | 0.0,0.0,0.0 | 269.0 | 0.0,0.0,0.0 | -1.3366782241064357e-06,4.064217591803754e-06,0.013392050750553608 | 1,7
5430 | 69.00494769960642 | 154.00582885742188,187.787109375,0.34908512234687805 | -1.7181713829472756e-08,7.551564351615525e-08,-0.000635511998552829 | 269.0 | 4.937696212437004e-05,1.505228010501014e-05,2.226032025376412e-09 | -3.0632520520157414e-06,4.649651600630023e-06,-0.09038341045379639 | 1,7
5440 | 69.13148500025272 | 154.00582885742188,187.787109375,0.3491048812866211 | 1.0327974031554277e-08,3.7156219434564264e-08,0.0005471888580359519 | 269.0 | 8.135565622069407e-06,-6.49490675641573e-06,8.086521674499636e-09 | -2.6551417704467895e-06,2.612827984194155e-06,-0.06752479076385498 | 1,7
5450 | 69.25657729804516 | 154.00582885742188,187.787109375,0.34912818670272827 | -3.1563359925712575e-08,-5.054960006134479e-09,-0.0004949690192006528 | 269.0 | 1.9345656255609356e-05,2.788805250020232e-05,7.080881214704959e-09 | -5.162895376997767e-06,2.4910905267461203e-06,-0.13740800321102142 | 1,7
5460 | 69.38140909746289 | 154.00582885742188,187.787109375,0.34911471605300903 | 1.9610592261187776e-08,9.754861807209636e-09,0.0005285583902150393 | 269.0 | 6.536808996315813e-06,-1.486324254074134e-05,5.054139884386188e-10 | -1.3250331676317728e-07,1.2615057585207978e-06,-0.025559095665812492 | 1,7
5470 | 69.50709699839354 | 154.00582885742188,187.787109375,0.3491257131099701 | 9.946524492931985e-09,1.8126211642766066e-08,0.0012571979314088821 | 269.0 | 1.3638458767673e-05,-6.7470687099557836e-06,6.723552381515674e-09 | -1.396937250319752e-06,-4.479162498682854e-07,0.05827626585960388 | 1,7
5480 | 69.63787239789963 | 154.00582885742188,187.787109375,0.3490818440914154 | 3.7048941692319204e-08,1.5383077922592747e-08,0.0005772717413492501 | 269.0 | 1.3058244803687558e-05,-2.9297822038643062e-05,2.113732938680002e-10 | 1.2823775250581093e-06,4.920272544950421e-07,0.0467585064470768 | 1,7
5490 | 69.76293589919806 | 154.00582885742188,187.787109375,0.3490856885910034 | -8.540355089792229e-09,7.165358084648688e-08,-0.00037629198050126433 | 269.0 | 5.8867590269073844e-05,6.930492872925242e-06,-4.337131542797579e-09 | -4.877081778431602e-07,3.3443989195802715e-06,-0.023328525945544243 | 1,7
5500 | 69.88552999868989 | 154.00582885742188,187.787109375,0.3491056263446808 | 7.728256257166777e-09,-9.2297156584209e-09,0.0006210067076608539 | 269.0 | -3.256535637774505e-05,-6.452435627579689e-06,6.285131970429347e-09 | 2.7490438014865504e-07,-3.419906761337188e-06,0.027585774660110474 | 1,7
5510 | 70.01139099895954 | 154.00582885742188,187.787109375,0.34908878803253174 | 3.6920361878856056e-08,5.929695134909707e-08,0.0004896989557892084 | 269.0 | 2.7120178856421262e-05,-2.973905975522939e-05,-3.782480995084825e-09 | 1.8982898382091662e-06,2.5598451429686975e-06,-0.047487158328294754 | 1,7
5520 | 70.13834830000997 | 154.00582885742188,187.787109375,0.3491034507751465 | 0.0,0.0,0.0 | 269.0 | 0.0,0.0,0.0 | -1.4545156545864302e-06,6.708698947477387e-06,-0.09226574748754501 | 1,7
5530 | 70.26451689749956 | 154.00582885742188,187.787109375,0.3491131365299225 | 1.6300907290656141e-09,1.1410668854239248e-08,0.00013413648412097245 | 269.0 | 5.131126727064839e-06,-2.9820972713423544e-07,4.473259096471338e-09 | -1.4429067505261628e-06,1.3458324232829e-08,-0.08225275576114655 | 1,7
5540 | 70.38745779916644 | 154.00582885742188,187.787109375,0.34916457533836365 | -2.2918698050489184e-08,-5.89061386335743e-08,-6.092273542890325e-05 | 269.0 | -2.4774013581918553e-05,1.9416855138842948e-05,6.820495723758313e-09 | -2.3049428818922024e-06,-3.002545099661802e-06,-0.04582061618566513 | 1,7
5550 | 70.51147549971938 | 154.00582885742188,187.787109375,0.34916797280311584 | 1.681049743851304e-09,2.467261950300781e-08,0.0006494710687547922 | 269.0 | 1.7993992514675483e-05,-1.6918677374633262e-06,-2.7152902148941394e-09 | 5.061669980932493e-07,1.1331026144034695e-06,0.024630265310406685 | 1,7
5560 | 70.6419358998537 | 154.00582885742188,187.787109375,0.3490693271160126 | -2.6539790809465558e-08,-1.0178761833401495e-08,-0.0013887281529605389 | 269.0 | -1.0736453987192363e-05,2.385319021414034e-05,1.3696848100153147e-08 | -5.46999854122987e-06,-1.477432874708029e-06,-0.14056254923343658 | 1,7
5570 | 70.77010099962354 | 154.00582885742188,187.787109375,0.3491121828556061 | 8.121233463498356e-09,-6.1791730843197e-08,0.0006097990553826094 | 269.0 | -5.337233596947044e-05,-6.55150461170706e-06,7.729536122269565e-09 | 4.460469540390477e-07,-6.489560291811358e-06,0.004266656469553709 | 1,7
5580 | 70.89707999676466 | 154.00582885742188,187.787109375,0.3491365611553192 | 1.9046812127498924e-08,-5.044872963821945e-08,0.0013647672021761537 | 269.0 | -6.252347520785406e-05,-1.5749708836665377e-05,6.573773525531124e-09 | 1.264461957362073e-06,-4.941981842421228e-06,-0.002268776763230562 | 1,7
5590 | 71.02795289829373 | 154.00582885742188,187.787109375,0.3490524888038635 | -3.3661762266490314e-09,7.075923402766193e-09,-0.0003154056321363896 | 269.0 | -1.0387590009486303e-05,3.0467708711512387e-06,3.8759129239451795e-09 | -6.958416065572237e-07,-1.7753251313479268e-06,0.010286172851920128 | 1,7
5600 | 71.15543239936233 | 154.00582885742188,187.787109375,0.3490937054157257 | 4.10144345153185e-08,2.353077199757081e-08,0.0013113662134855986 | 269.0 | 1.257978510693647e-05,-3.1796065741218626e-05,4.035827227966138e-09 | 3.56446520299869e-07,4.7159949190245243e-07,0.00774009944871068 | 1,7
5610 | 71.28263459727168 | 154.00582885742188,187.787109375,0.3491189181804657 | 3.9415208874515884e-08,9.539705914107799e-09,0.0012367024319246411 | 269.0 | 3.5345482274351525e-07,-3.2630669011268765e-05,-4.831319344589247e-09 | 3.247221002311562e-06,-3.2573205999142374e-07,0.038982756435871124 | 1,7
5620 | 71.40538819879293 | 154.00582885742188,187.787109375,0.34916412830352783 | 0.0,0.0,0.0 | 269.0 | 0.0,0.0,0.0 | -2.132464231863196e-07,4.8611127567710355e-06,-0.05182766541838646 | 1,7
5630 | 71.53200449794531 | 154.00582885742188,187.787109375,0.3491094410419464 | 1.7673832175546522e-08,-2.6882478465495296e-08,-5.091981620353181e-06 | 269.0 | -1.4074539649300277e-05,-1.1734662621165626e-05,1.1154400070267911e-08 | -2.5230704068235354e-06,-1.3789559716315125e-06,-0.008066370151937008 | 1,7
5640 | 71.66162749752402 | 154.00582885742188,187.787109375,0.34908416867256165 | 1.4564636607872217e-08,4.891316507382726e-08,0.0011348769767209888 | 269.0 | 2.649131420184858e-05,-1.1003269719367381e-05,2.6143713860449225e-09 | -4.047076913593628e-07,5.382023573474726e-07,0.11482245475053787 | 1,7
5650 | 71.78586779907346 | 154.00582885742188,187.787109375,0.3491280674934387 | -1.889339884542096e-08,2.4407940557580332e-08,-0.0008687772206030786 | 269.0 | 4.9846530600916594e-06,1.3620515346701723e-05,-6.446106315394218e-09 | 1.1841898412967566e-06,8.94437789611402e-07,-0.01377213653177023 | 1,7
5660 | 71.91119089722633 | 154.00582885742188,187.787109375,0.3491080403327942 | 1.741529764842653e-08,5.547740755673658e-08,-0.0002350319264223799 | 269.0 | 4.32974447903689e-05,-1.3535600373870693e-05,-3.5048692836880946e-09 | 3.212342960523529e-07,3.8887415030330885e-06,-0.07079242169857025 | 1,7
5670 | 72.04003429785371 | 154.00582885742188,187.787109375,0.34910106658935547 | 3.999777220542455e-08,3.8175471672730055e-08,0.0012112706899642944 | 269.0 | 2.3085753127816133e-05,-3.188631308148615e-05,-3.0567022246685838e-09 | 1.3606381799036171e-06,3.085236130573321e-06,0.06964773684740067 | 1,7
5680 | 72.16819939762354 | 154.00582885742188,187.787109375,0.3491033911705017 | 1.1657693477218345e-08,-3.958407646109663e-08,0.00037527098902501166 | 269.0 | -7.608400210301625e-06,-9.578692697687075e-06,-3.4481155708476763e-09 | 1.3405480103756418e-06,1.3113994157265552e-07,-0.0034243541304022074 | 1,7
5690 | 72.29289479926229 | 154.00582885742188,187.787109375,0.3491212725639343 | 1.2321090814282343e-08,1.9516619431669824e-09,0.000708945095539093 | 269.0 | 1.912669404191547e-06,-1.0579271474853158e-05,-2.3543902383238446e-09 | 1.4748484318261035e-06,1.226454884317718e-07,0.09351546317338943 | 1,7
5700 | 72.42081649973989 | 154.00582885742188,187.787109375,0.3491099774837494 | 1.595497245432398e-08,3.734668396759844e-08,0.0011587879853323102 | 269.0 | 5.564333605434513e-06,-1.418753254256444e-05,-1.3248154795419964e-09 | 2.0839922854065662e-06,-1.234157593898999e-06,0.06559988856315613 | 1,7
5710 | 72.54603399708867 | 154.00582885742188,187.787109375,0.34913623332977295 | 2.2310629788080405e-08,6.67398225573379e-08,0.00161353952717036 | 269.0 | 2.5507117243250832e-05,-2.070125992759131e-05,-8.328269629487295e-09 | 4.189908850094071e-06,-1.2711319641312002e-06,0.16885550320148468 | 1,7
5720 | 72.67604319751263 | 154.00582885742188,187.787109375,0.3491005301475525 | -9.12184905388358e-09,4.38884084630331e-09,0.0012153815478086472 | 269.0 | 3.707341875269776e-06,7.5200914579909295e-06,6.686670661615324e-10 | -7.091321663210692e-07,3.411882971704472e-07,0.09448371082544327 | 1,7
5730 | 72.79972549900413 | 154.00582885742188,187.787109375,0.3491295576095581 | 1.4469858200527597e-08,-5.852291540264787e-09,0.0003365960728842765 | 269.0 | 3.116588459306513e-06,-1.0793922228913289e-05,-1.002657068482904e-09 | -3.1568686154059833e-07,3.19570790452417e-06,-0.08246511965990067 | 1,7
5740 | 72.92668649926782 | 154.00582885742188,187.787109375,0.3491259217262268 | 8.138393958745382e-09,-1.387128989449593e-08,0.0003317801165394485 | 269.0 | -1.1581292710616253e-05,-6.229473001440056e-06,3.0558766628274725e-09 | -6.054668233446137e-08,-1.4425647805182962e-06,0.051408279687166214 | 1,7
5750 | 73.05593269690871 | 154.00582885742188,187.787109375,0.3491167426109314 | 6.655645279352029e-08,2.1228283131335957e-08,0.002059197286143899 | 269.0 | 1.8361561160418205e-05,-5.171990051167086e-05,1.6091061816325691e-09 | 9.05988429167337e-07,2.8055203529220307e-06,0.023800747469067574 | 1,7
5760 | 73.18297999724746 | 154.00582885742188,187.787109375,0.3492862582206726 | -1.1590897130986377e-08,2.6325714941322076e-08,0.0016710805939510465 | 269.0 | 1.5404053556267172e-05,1.0480652235855814e-05,3.6723286633844054e-09 | -2.3714771941740764e-06,1.5685652670072159e-06,0.016263216733932495 | 1,7
5770 | 73.30781249701977 | 154.00582885742188,187.787109375,0.34929028153419495 | -2.2117752962458326e-08,-2.563820089562796e-08,-3.4947875974467024e-05 | 269.0 | -3.907077552867122e-05,1.814765164454002e-05,1.184092468520248e-08 | -2.2425977022066945e-06,-6.3482875702902675e-06,-0.10836300998926163 | 1,7
5780 | 73.43559029698372 | 154.00582885742188,187.787109375,0.34922489523887634 | -2.3506341761958538e-08,-3.657805081047627e-08,-0.0010713314404711127 | 269.0 | -5.45929760846775e-05,1.868498293333687e-05,1.0640812675433153e-08 | -1.412300548508938e-06,-7.1573176683159545e-06,-0.14560945332050323 | 1,7
5790 | 73.5618217997253 | 154.00582885742188,187.787109375,0.34916773438453674 | -1.8846852967158156e-08,-7.168289073433698e-08,-0.0010422593913972378 | 269.0 | -6.200001371325925e-05,1.7229536751983687e-05,1.728343868023785e-08 | -3.7844233702344354e-06,-5.548468834604137e-06,-0.08015593141317368 | 1,7
5800 | 73.69076919928193 | 154.00582885742188,187.787109375,0.34912413358688354 | 4.771530726088713e-09,-9.360965336213667e-09,0.0006539113819599152 | 269.0 | 2.081522688968107e-05,-3.32975491801335e-06,-6.463675372714306e-09 | 3.5335336434627607e-08,4.497946974879596e-06,0.0014047129079699516 | 1,7
5810 | 73.81530779972672 | 154.00582885742188,187.787109375,0.34915870428085327 | -7.334335916375778e-11,9.852055837811236e-10,0.0008607512572780252 | 269.0 | 3.3209224056918174e-05,9.727031056172564e-07,-4.4890091643878804e-09 | -7.182665626714879e-07,3.641622697614366e-06,0.03419211506843567 | 1,7
5820 | 73.9448409974575 | 154.00582885742188,187.787109375,0.3491014838218689 | 2.6828789856381263e-08,-1.704574970062822e-08,-0.0003111445694230497 | 269.0 | -1.386943222314585e-05,-2.0504183339653537e-05,5.398316904603462e-09 | -1.0893757007579552e-07,-1.2714592685370008e-06,-0.0074702980928123 | 1,7
5830 | 74.0738362967968 | 154.00582885742188,187.787109375,0.34906458854675293 | -1.2050026754195642e-08,-2.740993743088893e-08,0.00016053029685281217 | 269.0 | -3.028201899724081e-05,1.2720104678010102e-05,1.836015783851508e-08 | -5.425416475191014e-06,-5.028890427638544e-06,-0.089808389544487 | 1,7
5840 | 74.20510219782591 | 154.00582885742188,187.787109375,0.34909021854400635 | -1.6350217180161053e-08,-1.1479728279084611e-08,0.00023273320402950048 | 269.0 | -2.241928996227216e-05,1.383025482937228e-05,9.214689455916414e-09 | -1.934753072418971e-06,-4.282176632841583e-06,-0.03721673786640167 | 1,7
5850 | 74.33209509775043 | 154.00582885742188,187.787109375,0.3491092324256897 | 0.0,0.0,0.0 | 269.0 | 0.0,0.0,0.0 | 1.1063099236707785e-06,-2.5554663807270117e-06,0.015665631741285324 | 1,7
5860 | 74.45708309859037 | 154.00582885742188,187.787109375,0.3491498529911041 | 3.975247508947177e-08,-1.3435373924508554e-09,0.0003559436881914735 | 269.0 | -2.4486412257829215e-06,-3.241741796955466e-05,-1.2240459756895916e-09 | 2.7513233362697065e-06,-1.9421254364715423e-06,0.004550351295620203 | 1,7
5870 | 74.58504369854927 | 154.00582885742188,187.787109375,0.3491334319114685 | -1.9578156873478747e-09,-3.058039510506205e-08,0.00016925582895055413 | 269.0 | 3.666744305519387e-06,8.41332280288043e-07,-8.17903789140928e-09 | 1.2997638805245515e-06,1.8795003597915638e-06,0.08487530797719955 | 1,7
5880 | 74.71253589913249 | 154.00582885742188,187.787109375,0.34914878010749817 | -7.722280592759034e-10,2.4876872117829407e-08,0.0010033174185082316 | 269.0 | 4.668597102863714e-05,1.496353206675849e-06,-5.78214631730134e-09 | -9.015510613608058e-07,5.455242899188306e-06,0.032436612993478775 | 1,7
5890 | 74.8407716974616 | 154.00582885742188,187.787109375,0.34913232922554016 | -1.0369617386984942e-09,2.571444390753186e-08,-0.0001189841641462408 | 269.0 | 1.2722383871732745e-05,6.052272851775342e-07,4.078933857343259e-10 | 6.393750595634629e-08,-1.5582951107262488e-07,0.012376373633742332 | 1,7
5900 | 74.96801099926233 | 154.00582885742188,187.787109375,0.34914058446884155 | 1.4386196234283943e-08,-3.5354325689240795e-08,-7.883970101829618e-05 | 269.0 | -3.560182813089341e-05,-9.673671229393221e-06,1.03794981498595e-08 | -2.065921080429689e-06,-1.7018066955643008e-06,-0.03889625519514084 | 1,7
5910 | 75.10527359694242 | 154.00582885742188,187.787109375,0.34901881217956543 | -7.19719039921074e-08,1.561598850230439e-08,-0.0038140362594276667 | 269.0 | 8.367008376808371e-06,6.0499427490867674e-05,1.250322068102605e-08 | -8.281586815428454e-06,3.557208572146919e-08,-0.4462069869041443 | 1,7
5920 | 75.23334949836135 | 154.00582885742188,187.787109375,0.34917888045310974 | -1.3828309608499012e-09,1.8745549112964e-08,0.0009109798702411354 | 269.0 | 3.1297720852307975e-05,1.9632791463664034e-06,-7.963344983430432e-10 | -1.030481485031487e-06,2.4272521841339767e-06,-0.05057581886649132 | 1,7
5930 | 75.36209779977798 | 154.00582885742188,187.787109375,0.34918275475502014 | 2.3055463316268288e-08,-2.7441950933848602e-08,0.0015346637228503823 | 269.0 | -9.663967830420006e-06,-1.9616762074292637e-05,-6.125792317845935e-09 | 3.0425344448303804e-06,-1.0228853852822795e-06,0.14738166332244873 | 1,7
5940 | 75.48935459926724 | 154.00582885742188,187.787109375,0.3491962254047394 | 1.7533933416302716e-08,-2.979214031029187e-08,0.0014696732396259904 | 269.0 | -3.930298407794908e-05,-1.531066300231032e-05,3.045826257874751e-09 | 2.16346415982116e-06,-4.656275450543035e-06,0.12569856643676758 | 1,7
5950 | 75.62058739736676 | 154.00582885742188,187.787109375,0.34915682673454285 | -2.9129632039825992e-08,-7.592880280071768e-08,-0.0016145083354786038 | 269.0 | -7.159340748330578e-05,2.4726716219447553e-05,1.4507297585453216e-08 | -3.5440589272184297e-06,-7.0028604568506125e-06,-0.18578004837036133 | 1,7
5960 | 75.74641050025821 | 154.00582885742188,187.787109375,0.34921950101852417 | 1.2429748785791617e-08,2.8382256545000928e-08,0.0009219685452990234 | 269.0 | 3.060221160922083e-06,-1.1418404938012827e-05,-5.494738886113737e-09 | 2.5174717848130967e-06,4.0246993648906937e-07,0.06822243332862854 | 1,7
5970 | 75.88196909800172 | 154.00582885742188,187.787109375,0.3490971326828003 | 1.728391829658449e-08,-2.8607164637151072e-08,0.0003081960021518171 | 269.0 | -2.1262601876514964e-05,-1.646001146582421e-05,-1.319427589407951e-08 | 4.719469870906323e-06,1.470480128773488e-07,0.1676749587059021 | 1,7
5980 | 76.01035159826279 | 154.00582885742188,187.787109375,0.34915030002593994 | 0.0,0.0,0.0 | 269.0 | 0.0,0.0,0.0 | -3.6070200621907134e-06,-1.410381969435548e-06,-0.15669113397598267 | 1,7
5990 | 76.14026049897075 | 154.00582885742188,187.787109375,0.3490857481956482 | 2.9683137725555753e-08,-4.4252086439655614e-08,0.0006377192330546677 | 269.0 | -3.619512062869035e-05,-2.3070917450240813e-05,5.315902384950277e-09 | 3.011548699305422e-07,-1.252613969882077e-06,-0.04718150570988655 | 1,7
6000 | 76.2662015967071 | 154.00582885742188,187.787109375,0.34912192821502686 | -4.443925671893112e-09,5.6264443770714934e-08,0.0007879444747231901 | 269.0 | 4.240600173943676e-05,4.120396624784917e-06,3.040355744943213e-10 | -1.1216310440431698e-06,1.8918087789643323e-06,0.01290707103908062 | 1,7
6010 | 76.39082759991288 | 154.00582885742188,187.787109375,0.3491481840610504 | -2.847901114932938e-08,7.343078367583189e-10,-0.00019151174637954682 | 269.0 | 3.655534965218976e-05,2.3935075660119765e-05,-7.432472415302982e-09 | -2.5038973490154603e-06,8.670243005326483e-06,-0.04750868305563927 | 1,7
6020 | 76.51819640025496 | 154.00582885742188,187.787109375,0.34913715720176697 | 1.8294985526523533e-09,1.1540077782257185e-09,-6.446016868721927e-06 | 269.0 | 5.614711881207768e-06,5.427355631582031e-07,7.375120514296896e-09 | -2.59458101936616e-06,5.923708386035287e-07,-0.026124604046344757 | 1,7
6030 | 76.65082990005612 | 154.00582885742188,187.787109375,0.34909331798553467 | 1.560630380481598e-08,6.725358048242924e-10,0.000996846123598516 | 269.0 | 1.0565926231720368e-06,-1.319853345194133e-05,-3.024974493115451e-09 | 1.7775648757378804e-06,-7.2612614587797e-08,0.09877953678369522 | 1,7
6040 | 76.77774420008063 | 154.00582885742188,187.787109375,0.349154531955719 | 1.0933542959890019e-08,1.3427731815340849e-08,0.0008434702758677304 | 269.0 | 5.123844402987743e-06,-7.959225513332058e-06,5.362754240678669e-09 | -6.93296044573799e-07,-1.761763087415602e-06,-0.042050641030073166 | 1,7
6050 | 76.9047005996108 | 154.00582885742188,187.787109375,0.3491528332233429 | -1.2204752763977922e-08,8.128970563348048e-08,0.00016615727508906275 | 269.0 | 4.330232695792802e-05,1.1417356290621683e-05,6.816675668375183e-09 | -3.2560631098021986e-06,2.237790113213123e-06,-0.03889364004135132 | 1,7
6060 | 77.03249069675803 | 154.00582885742188,187.787109375,0.3491683602333069 | -2.8536337737250506e-08,-2.75261378135383e-08,-0.0011909172171726823 | 269.0 | 1.3352733731153421e-05,2.290122938575223e-05,-5.450986773070099e-09 | -9.512789347354556e-07,3.012896740983706e-06,-0.05227050930261612 | 1,7
6070 | 77.16337599977851 | 154.00582885742188,187.787109375,0.3490966260433197 | 1.4197882869382283e-08,-4.890107163646462e-08,0.0007143366965465248 | 269.0 | -4.972635360900313e-05,-1.1414802429499105e-05,7.68864705236183e-09 | 5.514453960131505e-07,-5.876575869478984e-06,0.027056612074375153 | 1,7
6080 | 77.29201509803534 | 154.00582885742188,187.787109375,0.3490625023841858 | -6.048626488563968e-08,-3.268377213316853e-08,-0.002157359616830945 | 269.0 | -2.697738636925351e-05,4.6442266466328874e-05,-5.122804846990903e-09 | -8.120971273228861e-08,-2.4679702619323507e-06,-0.0613081268966198 | 1,7
6090 | 77.41662279888988 | 154.00582885742188,187.787109375,0.34908124804496765 | 2.8524882011993213e-08,4.372286532827729e-09,0.0004923691740259528 | 269.0 | -7.244079824886285e-06,-2.416457573417574e-05,-3.312802032695572e-09 | 3.1815939109947067e-06,-1.0904203691097791e-06,-0.04685080796480179 | 1,7
6100 | 77.54154409840703 | 154.00582885742188,187.787109375,0.34910571575164795 | -2.8695239517873006e-09,-2.05145909148996e-08,-0.0009483317262493074 | 269.0 | -1.0448171451571397e-05,7.93336823790014e-07,-6.70680044834171e-09 | 2.1410060071502812e-06,-8.411135610231213e-08,-0.013194373808801174 | 1,7
6110 | 77.669752497226 | 154.00582885742188,187.787109375,0.3491123914718628 | 0.0,0.0,0.0 | 269.0 | 0.0,0.0,0.0 | -6.219848387445381e-07,3.818271579802968e-06,-0.06779047846794128 | 1,7
6120 | 77.79749299958348 | 154.00582885742188,187.787109375,0.34908705949783325 | -3.841795326309239e-09,5.97397047386039e-08,0.0008249615202657878 | 269.0 | 4.570196324493736e-05,2.3238030735228676e-06,-7.365197340902796e-09 | 9.503677347311168e-07,2.318132146683638e-06,0.1099776104092598 | 1,7
6130 | 77.92571089789271 | 154.00582885742188,187.787109375,0.34909772872924805 | 8.442414767273476e-09,1.9479807988886932e-08,0.0004558562068268657 | 269.0 | 1.8041588191408664e-05,-6.396774551831186e-06,-3.1319302706833696e-09 | -1.2470935928377003e-07,4.5824745029676706e-06,-0.013932628557085991 | 1,7
6140 | 78.05099899694324 | 154.00582885742188,187.787109375,0.34913355112075806 | 2.959289924220343e-09,3.771491208226507e-08,0.001154114492237568 | 269.0 | 4.3007752537960187e-05,-1.2410373528837226e-06,-6.183277889704186e-09 | -1.2284979220567038e-06,7.86066084401682e-06,0.08484116941690445 | 1,7
6150 | 78.18128589913249 | 154.00582885742188,187.787109375,0.34916868805885315 | -2.6824491072829915e-08,7.751080488560547e-08,-0.00040214916225522757 | 269.0 | 4.028628609376028e-05,2.2606984202866443e-05,3.6476650588923576e-09 | -3.2640384688420454e-06,3.086239530603052e-06,-0.16562695801258087 | 1,7
6160 | 78.30739609897137 | 154.00582885742188,187.787109375,0.3492050766944885 | 7.952041802816723e-10,-4.6844661483191885e-08,0.0004027446557302028 | 269.0 | -6.285020208451897e-05,-6.488839972007554e-07,1.0193295096883048e-08 | -3.899937439655332e-07,-5.681461516360287e-06,-0.08455665409564972 | 1,7
6170 | 78.4336529970169 | 154.00582885742188,187.787109375,0.34919092059135437 | 4.076897397453649e-08,2.0243659193397434e-08,0.0009300376987084746 | 269.0 | 5.3982416829967406e-06,-3.45769731211476e-05,-7.4643482506076e-09 | 4.518003606790444e-06,-1.0249236765957903e-06,0.10783552378416061 | 1,7
6180 | 78.55624289810658 | 154.00582885742188,187.787109375,0.34919264912605286 | 3.2227433166553965e-08,2.5754159915791774e-10,-4.363484913483262e-05 | 269.0 | -1.290647787755006e-06,-2.6008621716755442e-05,-5.816248038748029e-10 | 1.822041440391331e-06,-8.148065262503223e-07,-0.045594144612550735 | 1,7
6190 | 78.68022219836712 | 154.00582885742188,187.787109375,0.34917616844177246 | 2.6630038174602078e-09,-6.557707621368536e-08,0.000938593817409128 | 269.0 | -2.5436534997425042e-05,-9.60856482379313e-07,3.919257363094175e-09 | -1.1108127182524186e-06,-9.860046930043609e-07,0.012489900924265385 | 1,7
6200 | 78.80715470016003 | 154.00582885742188,187.787109375,0.34914344549179077 | 2.9184414884753096e-08,3.6475646947309315e-09,0.0009445787873119116 | 269.0 | 4.256113606970757e-05,-2.402254904154688e-05,-1.6859738494190424e-08 | 2.93273637907987e-06,7.5739549174613785e-06,0.09068746864795685 | 1,7
6210 | 78.93120439723134 | 154.00582885742188,187.787109375,0.3491457402706146 | -8.532440531894281e-09,-2.8004933483316563e-08,9.952259279089049e-05 | 269.0 | 8.882550901034847e-06,5.864110335096484e-06,-8.947077745347087e-09 | 1.4912536698830081e-06,1.881303319350991e-06,0.08975168317556381 | 1,7
6220 | 79.05915829911828 | 154.00582885742188,187.787109375,0.34911593794822693 | 1.2999852749828733e-08,-1.2731861787074195e-08,0.0014952195342630148 | 269.0 | 3.387096512597054e-05,-1.0987180758093018e-05,-1.5104733463999764e-08 | 1.8373474404143053e-06,5.353063897928223e-06,0.1659049391746521 | 1,7
6230 | 79.18859289959073 | 154.00582885742188,187.787109375,0.34908175468444824 | 4.935601083388974e-08,-1.4416202454015092e-08,0.0007585050771012902 | 269.0 | -3.223409976271796e-06,-4.036808240925893e-05,-4.420379173808442e-09 | 3.993543032265734e-06,-1.244352461071685e-06,0.14527131617069244 | 1,7
6240 | 79.32443199679255 | 154.00582885742188,187.787109375,0.34906256198883057 | -1.1026493051957686e-09,8.016084507289634e-08,0.0007493286393582821 | 269.0 | 4.29544088547118e-05,4.810318614545395e-07,-1.8459755946054202e-09 | 4.709806944447337e-08,2.4094965738186147e-06,0.019962500780820847 | 1,7
6250 | 79.47091919928789 | 154.00582885742188,187.787109375,0.3491385281085968 | -4.4701810253400254e-08,2.8932937823356042e-08,-0.0012720234226435423 | 269.0 | 3.779424514505081e-05,3.71170426660683e-05,7.818312108831549e-10 | -2.3875809347373433e-06,2.985596438520588e-06,-0.11771414428949356 | 1,7
6260 | 79.69395479932427 | 154.00582885742188,187.787109375,0.34926867485046387 | -1.2639668511837954e-07,-7.751136621436672e-08,-0.0051980577409267426 | 269.0 | -3.5650882637128234e-05,0.00010581157403066754,1.9710773457859432e-08 | -1.0650474905560259e-05,2.2272629962571955e-07,-0.4909914433956146 | 1,7
6270 | 79.83615519851446 | 154.00582885742188,187.787109375,0.3491394817829132 | 6.78519862518101e-09,3.1457211946417374e-08,-2.8606358682736754e-05 | 269.0 | 1.9414785583649063e-06,-3.4965219128935132e-06,9.75547287396239e-09 | -2.4862279133230913e-06,-8.061772973633197e-07,-0.0925707146525383 | 1,7
6280 | 79.9811098985374 | 154.00582885742188,187.787109375,0.34906354546546936 | 3.692585437420348e-08,-1.0918142834270839e-08,0.0005996735999360681 | 269.0 | 1.7628277419134974e-05,-2.7552681785891764e-05,3.0424929242656162e-09 | -6.168610298118438e-07,2.6282673388777766e-06,-0.04304496571421623 | 1,7
6290 | 80.12812109664083 | 154.00582885742188,187.787109375,0.3490946888923645 | -2.6438291556019067e-08,-3.178834973027733e-08,-0.0005425252020359039 | 269.0 | 4.94880032420042e-06,1.624246760911774e-05,-2.4004027210366985e-08 | 5.349279490474146e-06,3.4381914701953065e-06,0.225697860121727 | 1,7
6300 | 80.28909189999104 | 154.00582885742188,187.787109375,0.3492247760295868 | -6.329144497385641e-08,-1.749674893858355e-08,-0.0019215364009141922 | 269.0 | -4.145137791056186e-05,4.5730077545158565e-05,-1.1839550673187205e-08 | 2.8539957384055015e-06,-3.9359642869385425e-06,0.13672342896461487 | 1,7
6310 | 80.428989097476 | 154.00582885742188,187.787109375,0.34924185276031494 | 4.4218786854344216e-08,3.0134594819486438e-09,0.0019155597547069192 | 269.0 | -1.595618959981948e-05,-3.469397415756248e-05,7.432141568841644e-09 | 6.317813472378475e-07,-1.5224017033688142e-06,0.027469269931316376 | 1,7
6320 | 80.56073039770126 | 154.00582885742188,187.787109375,0.349251925945282 | 3.3900693363619894e-09,1.2357413758934399e-08,-0.0005482034757733345 | 269.0 | -6.28482666797936e-06,-3.130277036689222e-06,3.667001147178439e-09 | 4.935012611895218e-07,-3.76078196495655e-06,-0.04446689784526825 | 1,7
6330 | 80.6957988999784 | 154.00582885742188,187.787109375,0.3492749333381653 | 3.792838043636948e-08,1.2296644058551465e-07,0.002289749449118972 | 269.0 | 5.133827653480694e-05,-3.235037002013996e-05,-5.8336713237849835e-09 | 3.737625547728385e-06,1.4914789971953724e-06,0.14982038736343384 | 1,7
6340 | 80.84003679826856 | 154.00582885742188,187.787109375,0.34925809502601624 | -1.2765764267896884e-07,-1.302653203083537e-07,-0.0055184257216751575 | 269.0 | -7.476353493984789e-05,0.00010645122529240325,2.096153295383374e-08 | -8.981028258858714e-06,-2.5620361157052685e-06,-0.46263137459754944 | 1,7
6350 | 80.99094629660249 | 154.00582885742188,187.787109375,0.3492043614387512 | -1.7781067285227437e-08,-4.45245476043965e-08,-0.00197304948233068 | 269.0 | -4.6188732085283846e-05,1.0785953236336354e-05,-8.76115535675126e-09 | 2.577518444013549e-06,-2.524963065297925e-06,0.05793429911136627 | 1,7
6360 | 81.17264639958739 | 154.00582885742188,187.787109375,0.34908297657966614 | -1.1878748296112462e-07,-5.467616581711354e-09,-0.006035742815583944 | 269.0 | 4.942723990097875e-06,9.350787149742246e-05,-6.761566417878839e-09 | -2.6791929030878237e-06,2.777266843168036e-07,-0.06472386419773102 | 1,7
6370 | 81.32225799933076 | 154.00582885742188,187.787109375,0.3489668667316437 | 6.333389990231808e-08,1.642919045252711e-08,0.0012321972753852606 | 269.0 | 8.206206985050812e-06,-5.165973925613798e-05,-3.6850760221085466e-09 | 3.959417426813161e-06,-8.87286603301618e-07,0.08101826161146164 | 1,7
6380 | 81.45336439833045 | 154.00582885742188,187.787109375,0.34906768798828125 | 7.587207306869459e-09,-1.1396968924159978e-09,0.0010050073033198714 | 269.0 | 4.4407326640794054e-05,-4.554852239380125e-06,-3.0017819341310314e-09 | -1.1361437373125227e-06,4.836092102777911e-06,-0.05236652493476868 | 1,7
6390 | 81.59687529876828 | 154.00582885742188,187.787109375,0.3491177558898926 | -2.4517218477626557e-08,3.3876734750748483e-09,-0.0005881401593796909 | 269.0 | -1.1658868061203975e-05,1.851262823038269e-05,-4.326011993072143e-09 | 3.345263621667982e-07,2.9580991167676984e-07,-0.04323853179812431 | 1,7
6400 | 81.7261859998107 | 154.00582885742188,187.787109375,0.34911662340164185 | 7.426943060551139e-09,5.3440661673676004e-08,0.0004368330119177699 | 269.0 | 1.404660906700883e-05,-6.1021646615699865e-06,1.7760216630691161e-09 | 6.10767969533299e-08,6.545864152940339e-07,-0.05300132557749748 | 1,7
6410 | 81.85513489693403 | 154.00582885742188,187.787109375,0.34910640120506287 | 3.834121997670081e-08,-6.698121501891308e-10,0.0021549430675804615 | 269.0 | 5.948606030869996e-06,-2.9615857783937827e-05,-8.724706512808211e-10 | 6.360975817187864e-07,1.496197569395008e-06,0.0870913565158844 | 1,7
6420 | 81.98035119846463 | 154.00582885742188,187.787109375,0.349200040102005 | 2.2915337183349038e-08,-2.6901815886049008e-08,0.0013480144552886486 | 269.0 | -4.77882131235674e-05,-1.926947334141005e-05,7.341279584238691e-09 | 1.96327482626657e-06,-6.7729033617069945e-06,0.03260279446840286 | 1,7
6430 | 82.11677349731326 | 154.00582885742188,187.787109375,0.34911325573921204 | 5.5723017311493095e-09,7.91851650916442e-09,0.0005774133605882525 | 269.0 | 5.027468887419673e-06,-3.7559457268798724e-06,3.211816146375668e-09 | -6.805093448747357e-07,-3.120414646673453e-07,0.08174571394920349 | 1,7
6440 | 82.24892289936543 | 154.00582885742188,187.787109375,0.34908804297447205 | -8.005561369373027e-08,-3.8292878201673375e-08,-0.0031683524139225483 | 269.0 | -2.8388421924319118e-05,6.624840170843527e-05,1.192187593090921e-08 | -7.002453003224218e-06,-3.861775439872872e-06,-0.23967760801315308 | 1,7
6450 | 82.38541439920664 | 154.00582885742188,187.787109375,0.3490962088108063 | -4.6400533193491356e-08,-1.807374694351438e-08,-0.0009637509356252849 | 269.0 | -1.0218164788966533e-05,3.963720519095659e-05,1.037106134305077e-08 | -5.588922704191646e-06,-2.8368461357786146e-07,-0.18033194541931152 | 1,7
6460 | 82.52091989666224 | 154.00582885742188,187.787109375,0.3490942716598511 | -5.4934137239115444e-08,1.4188064945130918e-08,-0.001826369552873075 | 269.0 | 6.272336577239912e-06,4.3077216105302796e-05,-2.2440735936157807e-09 | -1.4959356349208974e-06,-1.8750469621409138e-07,-0.062466174364089966 | 1,7
6470 | 82.66406510025263 | 154.00582885742188,187.787109375,0.3490088880062103 | 2.8574485000376626e-08,2.7381366507484017e-08,3.652045961644035e-06 | 269.0 | 5.340038569556782e-06,-2.132894042006228e-05,6.177476308266705e-09 | -8.02808813205047e-07,-1.7352394365843793e-07,-0.017552509903907776 | 1,7
6480 | 82.79756600037217 | 154.00582885742188,187.787109375,0.34909167885780334 | 8.747956137256097e-09,5.557185378535223e-09,0.001186802750453353 | 269.0 | 3.1932329875417054e-05,-3.7587974475172814e-06,5.928451951575653e-09 | -3.778424797928892e-06,4.938965957990149e-06,-0.07782399654388428 | 1,7
6490 | 82.93453829735518 | 154.00582885742188,187.787109375,0.3491330146789551 | -6.223628279400373e-09,2.270957288885711e-08,0.0001761971361702308 | 269.0 | 4.321953905872533e-09,4.219097263558069e-06,-2.643371521671156e-09 | 4.898639076600375e-07,1.3868691439711256e-06,-0.03127468004822731 | 1,7
6500 | 83.065773896873 | 154.00582885742188,187.787109375,0.34908804297447205 | -5.957955240276647e-10,1.8058024409128848e-08,0.0005217060097493231 | 269.0 | 7.608352916577132e-06,6.850477234365826e-07,-1.031333018985947e-09 | 4.785466245493808e-08,-1.266773438146629e-06,-0.04086579009890556 | 1,7
6510 | 83.19723599776626 | 154.00582885742188,187.787109375,0.3491327464580536 | 1.3959634559412848e-09,2.6944748654500472e-08,0.0015841140411794186 | 269.0 | 1.8864917365135625e-05,-8.23530911020498e-07,-1.697188389826465e-09 | -2.4292239686474204e-07,1.5491505109821446e-06,-0.038845244795084 | 1,7
