Simulation Frame | Timestamp | Position | Velocity | Heading | Angular Velocity | Acceleration | Stopped at Red Light + Light ID 
2670 | 33.54957979917526 | 168.92726135253906,187.7279052734375,0.20712295174598694 | -5.628201961517334,-0.2569288909435272,-7.056307254060812e-07 | 267.4 | -0.0060126157477498055,-0.01843438483774662,0.36530613899230957 | -1.7101328372955322,-0.15648649632930756,-0.00013962019875179976 | 0,0
2680 | 33.67594650015235 | 168.21038818359375,187.69573974609375,0.2071249783039093 | -5.632713317871094,-0.2655874490737915,8.772692012826155e-07 | 267.3 | -0.006925057619810104,-0.01506604440510273,0.33219113945961 | -1.5572601556777954,-0.14432865381240845,0.0001294773246627301 | 0,0
2690 | 33.80566629767418 | 167.48155212402344,187.66212463378906,0.2071256935596466 | -5.637990474700928,-0.2691003084182739,-2.0978306736196828e-07 | 267.3 | -0.010539413429796696,-0.015226571820676327,-0.015403143130242825 | -1.8943194150924683,-0.13533322513103485,-6.0128073528176174e-05 | 0,0
2700 | 33.93847719952464 | 166.74171447753906,187.62754821777344,0.2071235179901123 | -5.635380744934082,-0.2675647735595703,-1.8117545153018e-07 | 267.3 | -0.01289455872029066,-0.014050872065126896,-0.332973837852478 | -1.6229958534240723,-0.05471773445606232,1.5877007172093727e-05 | 0,0
2710 | 34.06982949748635 | 166.00933837890625,187.59347534179688,0.20712344348430634 | -5.637513160705566,-0.2610301971435547,4.672370437219797e-07 | 267.3 | -0.014709405601024628,-0.017513304948806763,-0.6885235905647278 | -1.5052133798599243,-0.008028512820601463,-1.127810355683323e-05 | 0,0
2720 | 34.19416959956288 | 165.2993927001953,187.561279296875,0.2071242481470108 | -5.637336730957031,-0.24858050048351288,-1.8117631839231763e-07 | 267.5 | -0.01386385876685381,-0.013934580609202385,-0.7847445011138916 | -1.316472053527832,0.011703068390488625,9.133909043157473e-05 | 0,0
2730 | 34.32363069802523 | 164.5690155029297,187.52952575683594,0.2071262001991272 | -5.640102863311768,-0.23322491347789764,-6.961021199458628e-07 | 267.6 | -0.011623656377196312,-0.01210452988743782,-1.1619105339050293 | -1.5464792251586914,0.046085797250270844,4.649632501241285e-06 | 0,0
2740 | 34.45098049938679 | 163.85153198242188,187.50021362304688,0.20712798833847046 | -5.6444268226623535,-0.2132778912782669,-1.2873052810391528e-06 | 267.8 | -0.010693845339119434,-0.011856568977236748,-1.4465211629867554 | -1.4394097328186035,0.05737542733550072,-5.9521960793063045e-05 | 0,0
2750 | 34.57847809791565 | 163.12843322753906,187.4730682373047,0.20712962746620178 | -5.651853084564209,-0.19214636087417603,6.960835889913142e-07 | 268.1 | -0.009376498870551586,-0.01614317297935486,-1.8062976598739624 | -1.5807209014892578,0.08453553915023804,0.00016240274999290705 | 0,0
2760 | 34.70687859877944 | 162.40573120117188,187.44834899902344,0.20712989568710327 | -5.65385627746582,-0.17052195966243744,-6.770181357751426e-07 | 268.3 | -0.003918053116649389,-0.013640321791172028,-1.9526736736297607 | -1.5577776432037354,0.04713030159473419,-7.954602551762946e-06 | 0,0
2770 | 34.840929199010134 | 161.6524658203125,187.425537109375,0.2071281373500824 | -5.653484344482422,-0.1459892988204956,1.0775082728287089e-06 | 268.5 | -0.005366414785385132,-0.015725666657090187,-2.3625986576080322 | -1.8802646398544312,0.06782076507806778,1.8174205251852982e-05 | 0,0
2780 | 34.967699497938156 | 160.93228149414062,187.40673828125,0.20712679624557495 | -5.651358127593994,-0.1210433766245842,9.249502568309254e-07 | 268.8 | -0.004527653101831675,-0.013210329227149487,-2.1570913791656494 | -1.4859975576400757,0.10034195333719254,0.00017083031707443297 | 0,0
2790 | 35.097440999001265 | 160.20338439941406,187.3905029296875,0.20712882280349731 | -5.657146453857422,-0.0992475375533104,-6.67494077788433e-08 | 269.0 | -0.005842918995767832,-0.01392475888133049,-2.229569911956787 | -1.6043624877929688,0.2558770775794983,3.0754767976759467e-06 | 0,0
2800 | 35.22533229738474 | 159.47914123535156,187.3771209716797,0.20712992548942566 | -5.661357402801514,-0.08061836659908295,-6.007378487993265e-07 | 269.2 | 0.0016944271046668291,-0.01361281331628561,-2.1429874897003174 | -1.4558104276657104,0.08761578798294067,1.1769668162742164e-05 | 0,0
2810 | 35.3583993986249 | 158.72499084472656,187.36585998535156,0.20712943375110626 | -5.664549827575684,-0.061867933720350266,-7.151593877097184e-07 | 269.4 | 0.002998359501361847,-0.0170728862285614,-2.3301620483398438 | -2.036760091781616,0.000632797775324434,-5.157384293852374e-05 | 0,0
2820 | 35.48521899804473 | 158.01266479492188,187.35752868652344,0.2071276754140854 | -5.661441326141357,-0.04243440926074982,7.628496234701743e-08 | 269.6 | -0.004808501340448856,-0.011400076560676098,-1.970902681350708 | -1.2680739164352417,0.26120075583457947,2.5603005269658752e-05 | 0,0
2830 | 35.61366229876876 | 157.28265380859375,187.35121154785156,0.20712752640247345 | -5.663975715637207,-0.027574650943279266,-9.91697902463784e-07 | 269.7 | -0.0030903436709195375,-0.012487867847084999,-1.888965129852295 | -1.335792064666748,0.2082889974117279,-3.327364902361296e-05 | 0,0
2840 | 35.747730396687984 | 156.52561950683594,187.3466796875,0.20712608098983765 | -5.662510871887207,-0.01381569355726242,1.8117546574103471e-07 | 269.9 | -0.0032446973491460085,-0.012809921987354755,-1.9388190507888794 | -1.7125324010849,0.1053919866681099,8.477043593302369e-05 | 0,0
2850 | 35.87819330021739 | 155.78636169433594,187.34423828125,0.2071254700422287 | -5.664859294891357,-0.00218430464155972,8.009924954421876e-07 | 270.0 | -0.0004713122034445405,-0.015270786359906197,-1.7899093627929688 | -1.92824387550354,-0.019339365884661674,0.00012313167098909616 | 0,0
2860 | 36.00232919678092 | 155.1002197265625,187.34429931640625,0.20703570544719696 | -5.317597389221191,0.035996485501527786,8.486675255880982e-07 | 270.4 | -0.028372330591082573,0.27270519733428955,-2.263613700866699 | 8.093158721923828,0.14719222486019135,6.29431233392097e-05 | 1,7
2870 | 36.130350299179554 | 154.53187561035156,187.3477325439453,0.20592685043811798 | -3.539182662963867,0.05768818408250809,-0.002997908741235733 | 270.9 | -0.010754525661468506,0.7183166742324829,-2.1886396408081055 | 16.22422981262207,-0.11474112421274185,0.0019069240661337972 | 1,7
2880 | 36.258672297000885 | 154.22300720214844,187.35169982910156,0.20500129461288452 | -1.4707903861999512,0.030689673498272896,0.0006608047988265753 | 271.2 | 0.034964464604854584,0.5491011142730713,-0.9238171577453613 | 15.684728622436523,-0.24842073023319244,0.011073426343500614 | 1,7
2890 | 36.39304629713297 | 154.1656494140625,187.35256958007812,0.20461615920066833 | 5.231879549683072e-05,-8.85605622897856e-05,0.001480989740230143 | 271.2 | 0.01027966383844614,-0.17682938277721405,1.6756219338276424e-05 | 0.003812377108260989,0.0008869813173078001,-0.018165545538067818 | 1,7
2900 | 36.520927499979734 | 154.16600036621094,187.35256958007812,0.20533554255962372 | 0.00019493975560180843,-8.66997434059158e-05,0.0006146506639197469 | 271.2 | 0.0028809881769120693,-0.5340519547462463,9.888015483738855e-05 | 8.301829075207934e-05,-3.15478682750836e-05,-0.045270662754774094 | 1,7
2910 | 36.65103289857507 | 154.16636657714844,187.35256958007812,0.20596717298030853 | 0.00014950094919186085,-6.696897617075592e-05,0.00123948126565665 | 271.2 | 0.0030727707780897617,-0.3844146728515625,7.917770562926307e-05 | -0.0005111292703077197,0.0002601817832328379,-0.00039119579014368355 | 1,7
2920 | 36.776786997914314 | 154.16656494140625,187.35260009765625,0.20630191266536713 | 2.145349390048068e-05,-2.6462969344720477e-06,-0.0019104439998045564 | 271.2 | -0.0006477824645116925,-0.06391371786594391,4.892158358416054e-06 | 0.0017079177778214216,-0.0002106723259203136,-0.1520909070968628 | 1,7
2930 | 36.912011098116636 | 154.16665649414062,187.35260009765625,0.2063579112291336 | 5.478614184539765e-05,-1.9369945221114904e-05,0.0012673130258917809 | 271.2 | 0.0005882941768504679,-0.13521577417850494,2.7304209652356803e-05 | -4.949218055116944e-05,-2.7289246645523235e-05,0.009071198292076588 | 1,7
2940 | 37.04002450034022 | 154.166748046875,187.35260009765625,0.2065832018852234 | 3.9368984289467335e-05,1.9764547687373124e-06,0.0009654187015257776 | 271.2 | 0.0007431844715029001,-0.09493053704500198,-2.399269214947708e-05 | -0.00012280253577046096,-7.840812031645328e-06,-0.05507143959403038 | 1,7
2950 | 37.173095997422934 | 154.16680908203125,187.35260009765625,0.20666731894016266 | 2.294956721016206e-05,1.0943617780867498e-06,5.8290337619837373e-05 | 271.2 | 0.0003930394886992872,-0.05448351055383682,-1.4097723578743171e-05 | -0.00010442936763865873,-7.889351763878949e-06,-0.048860762268304825 | 1,7
2960 | 37.30201390013099 | 154.1668243408203,187.35260009765625,0.20668715238571167 | 1.203437386720907e-05,3.863801509851328e-07,5.091958882985637e-06 | 271.2 | 2.8732078135362826e-05,-0.02882159873843193,-7.488366918551037e-06 | 1.9702815734490287e-06,6.8465092226688284e-06,0.08098847419023514 | 1,7
2970 | 37.437277998775244 | 154.16683959960938,187.35260009765625,0.20670299232006073 | 9.038165444508195e-06,4.187514832665329e-07,0.0007000581244938076 | 271.2 | 0.00016179124941118062,-0.021428139880299568,-5.413590770331211e-06 | -2.875676000257954e-05,1.2657482102440554e-06,-0.060159698128700256 | 1,7
2980 | 37.56951919943094 | 154.16685485839844,187.35260009765625,0.20676414668560028 | 5.383736606745515e-06,2.3816953387267858e-07,-0.0002819538349285722 | 271.2 | 5.608017454505898e-05,-0.01267208531498909,-3.363179303050856e-06 | -2.3165825041360222e-05,-2.4135758849297417e-06,-0.012054081074893475 | 1,7
2990 | 37.698490899056196 | 154.16685485839844,187.35260009765625,0.20685812830924988 | 2.421876615699148e-06,3.293557071515352e-08,0.00043622159864753485 | 271.2 | -7.882668433012441e-05,-0.005804324522614479,-1.6922862187129795e-06 | 7.157695563364541e-06,-1.1249824183323653e-06,-0.0726737305521965 | 1,7
3000 | 37.8276501968503 | 154.16685485839844,187.35260009765625,0.2068794220685959 | 2.0681252408394357e-06,1.0404393435692327e-07,0.0006341057014651597 | 271.2 | 6.066754394851159e-06,-0.004908571019768715,-1.3027093928030808e-06 | -6.173640031192917e-06,-3.004248867455317e-07,0.012203955091536045 | 1,7
3010 | 37.957808297127485 | 154.16685485839844,187.35260009765625,0.20686152577400208 | 1.2731301239909953e-06,1.5777487760715303e-08,0.001052957959473133 | 271.2 | -1.8911861843662336e-05,-0.0030222088098526,-8.805787956589484e-07 | -4.918443664791994e-06,-2.0770086450738745e-07,0.0872175544500351 | 1,7
3020 | 38.088229298591614 | 154.16685485839844,187.35260009765625,0.20676662027835846 | 4.797422548108443e-07,5.133710678784098e-10,-0.0019409025553613901 | 271.2 | 3.742111221072264e-05,-0.0011559544363990426,-1.8305485127712018e-07 | 4.5354881876846775e-06,9.71672875493823e-07,-0.1305793672800064 | 1,7
3030 | 38.21949980035424 | 154.16685485839844,187.35260009765625,0.20676028728485107 | 4.646166757993342e-07,1.3520617514473088e-08,0.0012783673591911793 | 271.2 | 1.306887497776188e-05,-0.0011048757005482912,-2.6486949877835286e-07 | -1.2575092114275321e-06,-1.5848806356189016e-07,0.08397601544857025 | 1,7
3040 | 38.351429399102926 | 154.16685485839844,187.35260009765625,0.20679675042629242 | 3.0516906690536416e-07,2.5827839422731813e-08,-0.0009025006438605487 | 271.2 | 2.12031645787647e-05,-0.000716082751750946,-1.3938041831806913e-07 | -9.683893722467474e-07,8.726625537747168e-07,-0.12222449481487274 | 1,7
3050 | 38.48460889980197 | 154.16685485839844,187.35260009765625,0.2068137377500534 | 7.934838919254616e-08,-1.533235938211419e-08,0.00043389713391661644 | 271.2 | -6.216928886715323e-05,-0.0001925098622450605,-2.0600560901584686e-07 | 7.67984943195188e-07,-3.5976484014099697e-06,0.01888970099389553 | 1,7
3060 | 38.61785999685526 | 154.16685485839844,187.35260009765625,0.20675383508205414 | 1.039773991351467e-07,-1.3318153690988765e-08,0.001060170354321599 | 271.2 | -1.1871714377775788e-05,-0.0002476696390658617,-1.01535000851527e-07 | -1.780545346719009e-07,-2.7459707325760974e-06,0.06463028490543365 | 1,7
3070 | 38.743812300264835 | 154.16685485839844,187.35260009765625,0.20683401823043823 | 6.130721885710955e-08,1.995139831123538e-09,0.0009613299043849111 | 271.2 | -3.366026794537902e-05,-0.00014269551320467144,-1.257135977539292e-07 | -6.218006092240103e-07,7.94907464296557e-07,0.011268284171819687 | 1,7
3080 | 38.873623199760914 | 154.1668701171875,187.35260009765625,0.20683176815509796 | 0.0,0.0,0.0 | 271.2 | 0.0,0.0,0.0 | -3.2900813948799623e-06,-2.676621591035655e-07,0.06953594088554382 | 1,7
3090 | 39.00408609956503 | 154.1668701171875,187.35260009765625,0.2068103700876236 | 2.6225720262118557e-08,3.86022023235455e-08,-0.0013009065296500921 | 271.2 | 4.472408181754872e-05,-6.51983282295987e-05,1.1679563272082305e-07 | 6.71575037358707e-07,3.1870008569967467e-06,-0.2306545227766037 | 1,7
3100 | 39.133970096707344 | 154.1668701171875,187.35260009765625,0.2068282663822174 | 1.7219205616925137e-08,1.9668581430209997e-08,0.0006845948519185185 | 271.2 | 1.8084372641169466e-05,-4.173793422523886e-05,4.312337509304598e-08 | 1.2156617401615222e-07,-5.315973226061033e-07,0.00833712238818407 | 1,7
3110 | 39.26615319773555 | 154.1668701171875,187.35260009765625,0.2068294882774353 | 5.4618700673358944e-09,2.545329813585795e-08,0.0010309945791959763 | 271.2 | 2.9310287573025562e-05,-1.3826337635691743e-05,8.043212318398218e-08 | 1.9063024581100763e-07,1.7971518673220999e-06,-0.07187090814113617 | 1,7
3120 | 39.394203796982765 | 154.1668701171875,187.35260009765625,0.20692409574985504 | 6.8173400258331185e-09,-2.3371386603798783e-08,0.0007768719224259257 | 271.2 | 1.0075782483909279e-05,-1.962616079254076e-05,1.4271332560156225e-08 | 3.914192063803057e-07,-1.1929976153624011e-06,0.020737256854772568 | 1,7
3130 | 39.51943250000477 | 154.1668701171875,187.35260009765625,0.20694305002689362 | 9.073247042579169e-09,-1.0041158127194194e-08,6.2934719835539e-07 | 271.2 | 3.9818958612158895e-05,-2.7851374397869222e-05,9.515355259281932e-08 | 9.470841746406222e-07,1.471813106945774e-06,-0.05130941420793533 | 1,7
3140 | 39.650555197149515 | 154.1668701171875,187.35260009765625,0.20686839520931244 | -3.7324865420629294e-10,9.200777029150231e-09,0.0011478762608021498 | 271.2 | 3.281072713434696e-05,5.896387847315054e-06,7.935143031545522e-08 | -9.28582551296131e-07,-8.245152116614918e-07,0.1534958779811859 | 1,7
3150 | 39.776972498744726 | 154.1668701171875,187.35260009765625,0.20680804550647736 | 1.9952890450980476e-09,-4.317157298316943e-09,-0.0009130447870120406 | 271.2 | -5.637068625219399e-06,-5.495794084708905e-06,-1.6285317983033565e-08 | 1.249741643505331e-07,-9.37098647568746e-08,-0.110562264919281 | 1,7
3160 | 39.903915498405695 | 154.1668701171875,187.35260009765625,0.20677073299884796 | 3.761559064230369e-09,3.975215889795436e-08,-0.00012947314826305956 | 271.2 | 8.997624536277726e-05,-8.717999662621878e-06,2.3900008727650857e-07 | -6.135847030463992e-08,1.0543596999923466e-06,0.15962886810302734 | 1,7
3170 | 40.029760397970676 | 154.1668701171875,187.35260009765625,0.20681919157505035 | -1.9983876775597764e-09,-1.2064855781090955e-09,0.0007669378537684679 | 271.2 | 1.4779937373532448e-05,6.605039743590169e-06,3.4729083608908695e-08 | -3.0144630613904155e-07,2.4034068246692186e-06,-0.023947780951857567 | 1,7
3180 | 40.15407259762287 | 154.1668701171875,187.35260009765625,0.2068205177783966 | -8.646187654726134e-10,-4.491294092190401e-08,0.0005392110324464738 | 271.2 | -3.604237008403288e-06,1.7849064306574292e-06,-2.700804735411566e-08 | -1.8429155090871063e-07,-1.8794645484376815e-06,0.1342918425798416 | 1,7
3190 | 40.2844038978219 | 154.1668701171875,187.35260009765625,0.20676875114440918 | 2.943424670664996e-10,2.4354298133744123e-08,-0.0004557387437671423 | 271.2 | -1.3527310329664033e-05,-4.4911053009855095e-07,-2.433600876372566e-08 | 1.479912299373609e-07,4.248965979058994e-06,-0.0788986086845398 | 1,7
3200 | 40.41362959891558 | 154.1668701171875,187.35260009765625,0.20678679645061493 | 7.193477757905242e-11,-3.386341873579113e-08,0.0003926251083612442 | 271.2 | -9.079642040887848e-05,5.159153602107835e-07,-2.4090689976219437e-07 | -5.850327511325304e-08,-3.981168902100762e-06,-0.006084616295993328 | 1,7
3210 | 40.540901098400354 | 154.1668701171875,187.35260009765625,0.20684599876403809 | -6.397394614054974e-09,2.120519759785111e-09,0.0014489875175058842 | 271.2 | 3.554073555278592e-05,1.7460755771026015e-05,8.94236649173763e-08 | -4.6487519966831314e-07,-1.1947639677600819e-06,0.05222945660352707 | 1,7
3220 | 40.67657610028982 | 154.1668701171875,187.35260009765625,0.2068251371383667 | -5.559701143909024e-09,2.3351114819547547e-08,0.0011321536730974913 | 271.2 | -1.8005377569352277e-05,1.926854565681424e-05,-3.772641576915703e-08 | -6.671954224657384e-07,1.7081734995372244e-06,0.09905093163251877 | 1,7
3230 | 40.804585199803114 | 154.1668701171875,187.35260009765625,0.20688964426517487 | 2.7883320097288333e-09,-5.925423707253685e-09,0.0012347843730822206 | 271.2 | -2.3303296984522603e-05,-8.690455615578685e-06,-5.8729124674528066e-08 | 4.782169753525523e-07,-2.3564928142150166e-06,0.03217644989490509 | 1,7
3240 | 40.94124049693346 | 154.1668701171875,187.35260009765625,0.20681650936603546 | -1.9104446913331685e-09,-1.848458275333087e-08,0.0007501200889237225 | 271.2 | -7.647799066035077e-05,5.053594577475451e-06,-1.9733214173811575e-07 | 4.192744285091976e-08,-5.227802830631845e-06,-0.06138264760375023 | 1,7
3250 | 41.06796909868717 | 154.1668701171875,187.35260009765625,0.20684100687503815 | 2.3351389710768444e-09,-2.3009352201341926e-09,-0.0004321677261032164 | 271.2 | 8.676893230585847e-06,-4.293884558137506e-06,1.7916852002031192e-08 | -2.226598923016354e-07,-5.089908654554165e-07,-0.1365140974521637 | 1,7
3260 | 41.19728669896722 | 154.1668701171875,187.35260009765625,0.20683029294013977 | 7.461951057052829e-09,2.2350785666702677e-09,-4.814478597836569e-05 | 271.2 | -4.08002597396262e-06,-1.9776824046857655e-05,-1.1775446395745348e-08 | 4.3325647425263014e-07,2.553752665335196e-06,0.05883282795548439 | 1,7
3270 | 41.3286770991981 | 154.1668701171875,187.35260009765625,0.20683611929416656 | -2.325186043705685e-09,2.0091124319776554e-09,-0.00023805364617146552 | 271.2 | -2.9203725716797635e-05,8.262617484433576e-06,-7.390264045170625e-08 | -2.877166309644963e-07,1.514058112661587e-06,-0.008814471773803234 | 1,7
3280 | 41.45417569950223 | 154.1668701171875,187.35260009765625,0.20685969293117523 | 4.687131793801314e-10,5.534496416714774e-09,0.00038591388147324324 | 271.2 | -3.043224205612205e-05,-2.9777761483273935e-06,-7.092793197216452e-08 | 4.1252522464674257e-07,-5.015247666051437e-07,-0.024068884551525116 | 1,7
3290 | 41.58079759776592 | 154.1668701171875,187.35260009765625,0.20685634016990662 | 1.3060173775780726e-10,-2.7374154498716052e-08,0.0004087992710992694 | 271.2 | -4.498878843151033e-05,1.8352588995185215e-06,-1.2480971633976878e-07 | -3.514087723033299e-07,-3.059426489926409e-06,-0.007552293129265308 | 1,7
3300 | 41.71140639856458 | 154.1668701171875,187.35260009765625,0.20683486759662628 | 2.123360376415917e-09,-4.2868286698194424e-09,0.00041059101931750774 | 271.2 | -7.800608000252396e-05,-3.785816488743876e-06,-1.9763818670526234e-07 | 3.078035604175966e-08,-1.015459588415979e-06,0.004311753902584314 | 1,7
3310 | 41.84209789708257 | 154.1668701171875,187.35260009765625,0.20679278671741486 | 2.1487385204466136e-09,2.9611271212814927e-09,-0.0018438088009133935 | 271.2 | 2.65361086349003e-06,-6.545880296471296e-06,8.778291871180954e-09 | 3.2684428674656374e-07,-6.90013905568776e-07,-0.23883770406246185 | 1,7
3320 | 41.97377239912748 | 154.1668701171875,187.35260009765625,0.20684795081615448 | 1.324031884131216e-09,-4.605957570902319e-08,0.0006509750382974744 | 271.2 | -0.00010113569442182779,-2.2692181573802372e-06,-2.6985750878338877e-07 | 8.552527930305587e-08,-3.672500042739557e-06,0.10047630220651627 | 1,7
3330 | 42.099155496805906 | 154.1668701171875,187.35260009765625,0.20687812566757202 | -3.0496365432952643e-09,-2.000204002428063e-09,0.001010520034469664 | 271.2 | -3.544092396623455e-05,1.0435082003823482e-05,-8.869962186963676e-08 | -3.2493076673745236e-07,9.3028711489751e-07,0.03264395147562027 | 1,7
3340 | 42.22581319883466 | 154.1668701171875,187.35260009765625,0.20684631168842316 | 0.0,0.0,0.0 | 271.2 | 0.0,0.0,0.0 | 1.790488681763236e-07,-1.1114482276752824e-06,0.022424109280109406 | 1,7
3350 | 42.3540606983006 | 154.1668701171875,187.35260009765625,0.2068079262971878 | -2.44296249896081e-09,-4.760286831384519e-09,0.000562817498575896 | 271.2 | -2.723712896113284e-05,7.0313180913217366e-06,-6.918759254403994e-08 | -1.2278020733447192e-07,6.122893978499633e-07,0.10886641591787338 | 1,7
3360 | 42.482170298695564 | 154.1668701171875,187.35260009765625,0.20681804418563843 | -9.842749948418827e-10,1.9631352543569847e-08,0.001469066715799272 | 271.2 | 3.866015686071478e-05,3.880845724779647e-07,1.0538256844938587e-07 | 4.368267241261492e-07,3.2711884614400333e-06,0.08549357950687408 | 1,7
3370 | 42.611107498407364 | 154.1668701171875,187.35260009765625,0.20683662593364716 | -5.054726859299308e-09,2.6560835308941932e-08,-8.510448969900608e-05 | 271.2 | 2.9147404347895645e-05,1.1701714356604498e-05,8.724060052145433e-08 | -3.991177521811551e-08,3.9588388744959957e-07,-0.1064143106341362 | 1,7
3380 | 42.7435665987432 | 154.1668701171875,187.35260009765625,0.20691639184951782 | 7.456724127052894e-09,2.0896067098874482e-08,-0.0005352801526896656 | 271.2 | -2.630923336255364e-05,-1.6926947864703834e-05,-6.249562289895039e-08 | 1.4787570989938104e-07,4.834118385588226e-07,-0.02682507410645485 | 1,7
3390 | 42.873547699302435 | 154.1668701171875,187.35260009765625,0.206948921084404 | 4.6679478060696056e-09,1.535858018542058e-08,0.001102057402022183 | 271.2 | -3.0523275199811906e-05,-1.0491807188373059e-05,-7.207125207742138e-08 | 1.230380064498604e-07,4.836676339436963e-07,-0.02493380382657051 | 1,7
3400 | 43.00284289941192 | 154.1668701171875,187.35260009765625,0.2069336324930191 | -6.045429934431468e-09,-2.8122860484813827e-08,0.0010241152485832572 | 271.2 | -3.520920654409565e-05,1.9446539226919413e-05,-9.902685604856742e-08 | -7.697688602092967e-07,-3.339997647344717e-06,0.08278784155845642 | 1,7
3410 | 43.1283371001482 | 154.1668701171875,187.35260009765625,0.20688983798027039 | 7.866729490046964e-10,3.1794705535048706e-08,-0.00043599348282441497 | 271.2 | -7.193883902800735e-06,-1.12789473405428e-06,-6.081195547125162e-09 | 9.454813465481493e-08,4.532129878498381e-06,-0.02416708692908287 | 1,7
3420 | 43.25654339790344 | 154.1668701171875,187.35260009765625,0.20684650540351868 | -1.9632073744446643e-09,-1.5565468913791847e-08,-0.0003563610662240535 | 271.2 | 4.9843627493828535e-05,6.406083343790669e-07,1.2271308946765203e-07 | 4.312566090902692e-07,4.415849161887309e-06,-0.10596685856580734 | 1,7
3430 | 43.38594380021095 | 154.1668701171875,187.35260009765625,0.20682726800441742 | -1.8411041580179699e-09,2.418968847450742e-08,0.000912048970349133 | 271.2 | 4.499486749409698e-05,6.424331786547555e-06,1.1978532654666196e-07 | -2.7375347144698026e-07,3.900174760929076e-06,-0.018927007913589478 | 1,7
3440 | 43.51612379774451 | 154.1668701171875,187.35260009765625,0.20682105422019958 | 5.363918198497686e-09,-1.3878622695528975e-08,-0.0004535946936812252 | 271.2 | -5.136428080732003e-05,-1.4565468518412672e-05,-1.3508972074305348e-07 | 4.055164879446238e-07,-1.0840727782124304e-06,-0.024997979402542114 | 1,7
3450 | 43.644414599984884 | 154.1668701171875,187.35260009765625,0.20682433247566223 | 2.083790473506042e-09,-4.342609383201079e-09,0.0001513575844001025 | 271.2 | 2.9697299396502785e-05,-8.054654244915582e-06,7.402550750157388e-08 | 3.1477583206651616e-07,-9.989757927542087e-07,-0.041001953184604645 | 1,7
3460 | 43.774095598608255 | 154.1668701171875,187.35260009765625,0.20680980384349823 | -1.0853903331664583e-09,-1.9551215757473983e-08,0.0006425908068194985 | 271.2 | 1.862476096903265e-06,-1.9895248897228157e-06,1.7260217699544e-09 | 5.01434385569155e-07,-1.3839712664776016e-06,0.0728977844119072 | 1,7
3470 | 43.9025032967329 | 154.1668701171875,187.35260009765625,0.20681411027908325 | 0.0,0.0,0.0 | 271.2 | 0.0,0.0,0.0 | -1.876204613893151e-08,-2.6750772708084014e-09,-0.006701685022562742 | 1,7
3480 | 44.032560899853706 | 154.1668701171875,187.35260009765625,0.20680491626262665 | -2.455035286175189e-09,-2.5867908703958165e-08,0.0008993477094918489 | 271.2 | -1.1506359442137182e-05,4.161116066825343e-06,-3.671554438255953e-08 | 1.596508099055427e-07,2.2363592506735586e-06,0.14164525270462036 | 1,7
3490 | 44.163585897535086 | 154.1668701171875,187.35260009765625,0.20680110156536102 | 2.0137627121386004e-09,4.5992689656770835e-09,0.0011249580420553684 | 271.2 | -3.68435175914783e-05,-8.398778845730703e-06,-8.672425622080482e-08 | 7.93478932337166e-07,3.516899369060411e-06,0.0520942285656929 | 1,7
3500 | 44.295209396630526 | 154.1668701171875,187.35260009765625,0.20680655539035797 | 3.1459421734325588e-09,4.9621347031347796e-09,0.0002663360210135579 | 271.2 | 3.753250712179579e-05,-1.04866985566332e-05,9.762066355278876e-08 | 4.4530270315590315e-07,-1.870384380708856e-06,-0.02106534130871296 | 1,7
3510 | 44.43341949954629 | 154.1668701171875,187.35260009765625,0.20684489607810974 | 1.2241525570999556e-09,1.7534411256292515e-08,0.000319313578074798 | 271.2 | -1.3718701666221023e-05,-1.0193289199378341e-06,-3.012677041169809e-08 | -9.423570901390121e-08,2.9408543014142197e-06,-0.14637960493564606 | 1,7
3520 | 44.56149919703603 | 154.1668701171875,187.35260009765625,0.20692725479602814 | 1.5200239955603934e-09,8.343990387515987e-09,0.0010803068289533257 | 271.2 | 5.666602373821661e-05,-4.3456243474793155e-06,1.425308511215917e-07 | -2.9744381180307755e-08,1.2519821268597298e-07,0.012147173285484314 | 1,7
3530 | 44.692415699362755 | 154.1668701171875,187.35260009765625,0.2068735808134079 | 2.9892701647327158e-09,-3.616737132006165e-08,0.0014034209307283163 | 271.2 | -2.0537008822429925e-05,-6.763040346413618e-06,-6.768744498231172e-08 | -1.1536084087993004e-07,-3.828411990980385e-06,0.21218010783195496 | 1,7
3540 | 44.82066049799323 | 154.1668701171875,187.35260009765625,0.20692920684814453 | 3.7860630186514754e-09,-2.3959774164694636e-09,0.0009627898107282817 | 271.2 | -1.0517861483094748e-05,-1.0882004971790593e-05,-2.7586562367787337e-08 | 3.031964013189281e-07,1.6986515447570127e-06,0.05495985224843025 | 1,7
3550 | 44.95075849816203 | 154.1668701171875,187.35260009765625,0.20688208937644958 | -4.033164913153087e-09,1.5951044929352065e-08,0.0016524954698979855 | 271.2 | 1.8086640920955688e-05,1.0786919119709637e-05,5.200225317025797e-08 | -3.34461304873912e-07,3.848903702419193e-07,0.14069868624210358 | 1,7
3560 | 45.07639639824629 | 154.1668701171875,187.35260009765625,0.20690959692001343 | -3.781514212874981e-09,3.411178539636239e-08,8.570562931708992e-05 | 271.2 | 2.598493119876366e-05,1.1200203516636975e-05,7.865192941380883e-08 | -2.5133346071015694e-07,7.469676575055928e-07,-0.08845680207014084 | 1,7
3570 | 45.20527769997716 | 154.1668701171875,187.35260009765625,0.20685233175754547 | -5.094329846855317e-09,-2.0766625752344225e-08,-0.0013039486948400736 | 271.2 | -1.673355836828705e-05,1.1062101293646265e-05,-4.687284160809213e-08 | 5.434009509031057e-08,1.862033855104528e-06,-0.13380099833011627 | 1,7
3580 | 45.335497196763754 | 154.1668701171875,187.35260009765625,0.206791490316391 | -2.6170721145746256e-09,1.4977370454971606e-08,0.0017275008140131831 | 271.2 | 1.7485934222349897e-05,7.699107300140895e-06,4.9316430050794224e-08 | -2.2827539680747577e-07,2.756696630967781e-07,0.21437807381153107 | 1,7
3590 | 45.476550698280334 | 154.1668701171875,187.35260009765625,0.2067790925502777 | -2.3423958328550043e-09,9.915165577467633e-09,0.0012645478127524257 | 271.2 | -3.740792453754693e-05,7.10449785401579e-06,-8.835872478130113e-08 | -1.2306432495279296e-07,-7.106668249434733e-07,0.07624401152133942 | 1,7
3600 | 45.60506599768996 | 154.1668701171875,187.35260009765625,0.20677180588245392 | 6.166612553926143e-09,-1.4219521560221438e-08,-0.001113128731958568 | 271.2 | -5.235699427430518e-05,-1.6597510693827644e-05,-1.3790383945888607e-07 | 4.682208896156226e-07,-1.2024867146465112e-06,-0.0479198656976223 | 1,7
3610 | 45.75922479853034 | 154.1668701171875,187.35260009765625,0.20663481950759888 | -6.853948519847108e-09,-6.8338317227301104e-09,0.0027974708937108517 | 271.2 | -5.687113662133925e-05,1.7136981114163063e-05,-1.3937055598489678e-07 | -2.9291035730238946e-07,-2.2236777112993877e-06,0.11184057593345642 | 1,7
3620 | 45.88619579747319 | 154.1668701171875,187.35260009765625,0.2067950814962387 | 5.232625888140774e-09,1.1266493515904585e-08,0.00189410790335387 | 271.2 | 1.6167490684892982e-05,-1.2470340152503923e-05,4.0791451993982264e-08 | 9.560547198361746e-08,2.275168299092911e-06,0.03178524225950241 | 1,7
3630 | 46.01298559829593 | 154.1668701171875,187.35260009765625,0.2068312019109726 | 3.851822416578443e-09,-4.920434282240649e-09,0.0013363126199692488 | 271.2 | -1.6960691937129013e-05,-1.0825967365235556e-05,-4.417176313609161e-08 | 3.293084773758892e-07,-4.2066861283274193e-07,0.11424697935581207 | 1,7
3640 | 46.13921619951725 | 154.1668701171875,187.35260009765625,0.20686472952365875 | 4.916379747754718e-09,-2.855318759209524e-10,0.001246995059773326 | 271.2 | -2.0981012482934602e-07,-1.1349298802088015e-05,-3.965925365889689e-09 | -1.0588490084728619e-08,-5.467564960781601e-07,0.08305266499519348 | 1,7
3650 | 46.2662869989872 | 154.1668701171875,187.35260009765625,0.20683223009109497 | -5.437484906778423e-10,-2.12440873781361e-08,-0.0001347654324490577 | 271.2 | 3.1660065680227945e-09,7.834130997252942e-07,-7.961351577989717e-09 | 2.6043396772479355e-08,-1.776450972101884e-06,0.024816371500492096 | 1,7
3660 | 46.39547269791365 | 154.1668701171875,187.35260009765625,0.20683158934116364 | 1.335951571590499e-09,2.465775139626203e-08,0.0014433967880904675 | 271.2 | 3.1980311177903786e-05,-6.897746516187908e-06,9.138021539456531e-08 | 5.873765758224181e-07,3.0678993425681256e-06,0.1355089396238327 | 1,7
3670 | 46.52330679818988 | 154.1668701171875,187.35260009765625,0.20692341029644012 | -2.869870729949042e-10,1.621783241034791e-08,0.0005465112044475973 | 271.2 | 7.436246960423887e-06,-1.4233914953365456e-06,2.774776497460607e-08 | 3.7507464867303497e-07,8.111743454719544e-07,0.019017182290554047 | 1,7
3680 | 46.65123539790511 | 154.1668701171875,187.35260009765625,0.20691382884979248 | 3.3046552161408727e-09,1.776366964634235e-08,-0.0010614314815029502 | 271.2 | 1.2909528777527157e-05,-1.080484980775509e-05,4.112778384524063e-08 | 5.479844276123913e-07,2.6675850222090958e-06,-0.11188844591379166 | 1,7
3690 | 46.78184859827161 | 154.1668701171875,187.35260009765625,0.20686843991279602 | 5.743994169193911e-09,-2.053698366921708e-08,0.0013002173509448767 | 271.2 | 4.351004463387653e-06,-1.880141098808963e-05,3.703213513617243e-09 | 8.056685487645154e-07,6.348749366225093e-07,0.06820613145828247 | 1,7
3700 | 46.90977579727769 | 154.1668701171875,187.35260009765625,0.20686385035514832 | 3.7461753144008014e-10,-4.1533212424837984e-08,0.0002763404918368906 | 271.2 | 3.319210918562021e-06,-2.2334854747896316e-06,-8.43754843771194e-09 | -8.708988730177225e-08,-9.280411745749007e-07,-0.03345801308751106 | 1,7
3710 | 47.04263789951801 | 154.1668701171875,187.35260009765625,0.20682425796985626 | 7.356294684512932e-09,7.701374649116133e-09,0.0003415624669287354 | 271.2 | -5.073049123893725e-06,-2.03037398023298e-05,-1.0498236946432371e-08 | 5.722859555135074e-07,-6.37301241113164e-07,-0.08044961839914322 | 1,7
3720 | 47.170471999794245 | 154.1668701171875,187.35260009765625,0.20684589445590973 | -2.7965769699989096e-09,-4.1922451288201046e-08,0.0003121075569652021 | 271.2 | 3.598556941142306e-05,7.456252205884084e-06,7.207270869002969e-08 | -5.334957222657977e-07,-2.2898409497429384e-06,0.04615761712193489 | 1,7
3730 | 47.298264898359776 | 154.1668701171875,187.35260009765625,0.20683978497982025 | 3.692295358348474e-10,7.989667594188177e-09,0.00021867883333470672 | 271.2 | 2.9345917482714867e-06,1.5596376670146128e-06,7.158846848653866e-09 | -3.9602127799298614e-07,3.2095742881210754e-06,0.0043236445635557175 | 1,7
3740 | 47.42471889778972 | 154.1668701171875,187.35260009765625,0.20684638619422913 | 2.1131649763361793e-09,-2.849115254832668e-08,0.00033459338010288775 | 271.2 | 2.595828118501231e-05,-8.363645974895917e-06,5.4406598337664036e-08 | 3.0437567488661443e-07,-1.4031934369995724e-06,-0.0013618683442473412 | 1,7
3750 | 47.55512519925833 | 154.1668701171875,187.35260009765625,0.2068302035331726 | -4.2164671754107985e-09,-3.534293213647288e-08,0.0012229980202391744 | 271.2 | -5.466501897899434e-05,1.3029188266955316e-05,-1.4931876535229094e-07 | -5.095666324450576e-07,-3.5197506349504692e-06,0.0876048356294632 | 1,7
3760 | 47.68382729962468 | 154.1668701171875,187.35260009765625,0.2068158984184265 | -2.387810218648645e-12,2.702595647274819e-10,-0.00017690345703158528 | 271.2 | 9.318247293776949e-07,-3.758847899604234e-09,2.4336437309813164e-09 | -1.909376962094811e-10,2.1610905065472252e-08,-0.014145822264254093 | 1,7
3770 | 47.81536789983511 | 154.1668701171875,187.35260009765625,0.20678557455539703 | 2.2777331132317613e-09,2.6474321401792622e-08,0.0011421049712225795 | 271.2 | 3.265526538598351e-05,-4.890993295703083e-06,8.957362496175847e-08 | 2.0521026655728747e-08,2.4585608571214834e-06,0.06731107085943222 | 1,7
3780 | 47.95351639762521 | 154.1668701171875,187.35260009765625,0.2068038135766983 | 6.762355120315533e-09,-1.8948206559343816e-08,-0.0010346994968131185 | 271.2 | 2.4653250875417143e-05,-2.242169102828484e-05,5.763909172173953e-08 | 9.531196383250062e-07,-1.5022091020000516e-06,-0.16723549365997314 | 1,7
3790 | 48.082708198577166 | 154.1668701171875,187.35260009765625,0.20682430267333984 | -2.0519559384979402e-09,5.151727933139227e-09,0.0005005205166526139 | 271.2 | 5.044552744948305e-05,-3.914146518013695e-08,1.3412469002105354e-07 | 5.770011739514302e-07,-1.3032756669417722e-06,0.04684780165553093 | 1,7
3800 | 48.21280199661851 | 154.1668701171875,187.35260009765625,0.20681777596473694 | -2.9660149891697074e-09,-2.1179914710955927e-08,0.001012670574709773 | 271.2 | 6.379310798365623e-05,8.005020390555728e-06,1.4807947934514232e-07 | -4.437146969848982e-07,1.880867557702004e-06,0.0291974525898695 | 1,7
3810 | 48.34532879665494 | 154.1668701171875,187.35260009765625,0.20679374039173126 | 2.651159847211204e-10,-9.581660798119174e-09,0.00046891847159713507 | 271.2 | -2.763641077763168e-06,-2.7519408831722103e-06,-8.319497091235917e-09 | 3.6555883298206027e-07,-1.8336861558054807e-06,0.045595064759254456 | 1,7
3820 | 48.47846530005336 | 154.1668701171875,187.35260009765625,0.20680400729179382 | -1.361223245233134e-09,2.1865178112534522e-08,0.0008572156657464802 | 271.2 | 6.832629151176661e-05,2.1849909899174236e-06,1.8140421786938532e-07 | 9.690551650010093e-08,-5.521807793229527e-07,-0.07955021411180496 | 1,7
3830 | 48.60497899726033 | 154.1668701171875,187.35260009765625,0.20699065923690796 | -1.9735381384666795e-10,-5.017487314518121e-09,0.00035536056384444237 | 271.2 | 8.766925020609051e-06,1.731013639982848e-06,1.8190039696719396e-08 | -2.616838230551366e-07,6.079995955587947e-07,-0.1288319230079651 | 1,7
3840 | 48.7339504994452 | 154.1668701171875,187.35260009765625,0.20693431794643402 | 3.9723038747219164e-10,1.2450020570042852e-08,-0.0006318300729617476 | 271.2 | -8.879042979970109e-06,5.224723054197966e-07,-1.8349618713386917e-08 | -6.815238862145634e-08,1.8924075106951932e-07,0.21706458926200867 | 1,7
3850 | 48.86178109794855 | 154.1668701171875,187.35260009765625,0.20692336559295654 | -2.2152826240073864e-09,4.130874753371927e-09,3.88096532333293e-06 | 271.2 | -3.559949982445687e-05,3.8100026813481236e-06,-8.305969600996832e-08 | 3.621417761223711e-07,-2.2180577161634574e-06,0.0010127994464710355 | 1,7
3860 | 48.995600797235966 | 154.1668701171875,187.35260009765625,0.2068793773651123 | -5.64136959368966e-10,-1.2702957796761893e-08,0.0009082318865694106 | 271.2 | -6.389879126800224e-05,2.2880510641698493e-06,-1.6394298540944874e-07 | 6.124223261849693e-08,-2.295008698638412e-06,0.049119435250759125 | 1,7
3870 | 49.1214758977294 | 154.1668701171875,187.35260009765625,0.20692290365695953 | 1.7944068453346063e-09,-1.3010114763289948e-08,-0.0006993431597948074 | 271.2 | -9.456841507926583e-05,-6.0707252487191e-06,-2.408181387636432e-07 | 5.435299499367829e-07,7.605098062413163e-07,-0.12457072734832764 | 1,7
3880 | 49.251513697206974 | 154.1668701171875,187.35260009765625,0.20685073733329773 | 6.364163640526499e-10,5.768516775361832e-09,-0.0016037407331168652 | 271.2 | -3.1972507713362575e-05,1.4651348010374932e-06,-8.213201851958729e-08 | -3.877973995258799e-07,-1.1857073332066648e-06,-0.004327062517404556 | 1,7
3890 | 49.377100098878145 | 154.1668701171875,187.35260009765625,0.20686809718608856 | 6.110351669086356e-10,-2.169169843746488e-10,-0.00040748302126303315 | 271.2 | -7.394735348498216e-07,-1.7278573523071827e-06,-1.9980352927717604e-09 | 5.048124407380783e-08,-1.792079906692834e-08,-0.03366459161043167 | 1,7
3900 | 49.50722609832883 | 154.1668701171875,187.35260009765625,0.2068684697151184 | -8.00775357134853e-09,1.3276432397901772e-08,-0.00023322099877987057 | 271.2 | 1.3407507140072994e-05,2.402851532679051e-05,3.859780761672482e-08 | -7.194258273557352e-07,-6.098676408328174e-07,0.02587689459323883 | 1,7
3910 | 49.63444979861379 | 154.1668701171875,187.35260009765625,0.20682628452777863 | 2.191562042952455e-09,1.3678598698163569e-08,0.00011460770474513993 | 271.2 | 1.8470242139301263e-05,-5.714516191801522e-06,5.066698705036288e-08 | 1.8376417187937477e-07,2.3433033220499055e-06,-0.06212892010807991 | 1,7
3920 | 49.76264359802008 | 154.1668701171875,187.35260009765625,0.20681388676166534 | -3.470241649594641e-09,3.034845619254156e-08,0.0016144963447004557 | 271.2 | 4.504065873334184e-05,1.250147761311382e-05,1.2060553444825928e-07 | -6.752089802830596e-07,8.333732353094092e-07,0.2668142020702362 | 1,7
3930 | 49.890808299183846 | 154.1668701171875,187.35260009765625,0.20682623982429504 | 6.43386810494917e-09,-7.416019798256457e-09,-0.0001469707058276981 | 271.2 | -6.607346676901216e-06,-1.5428613551193848e-05,-2.3340550825423634e-08 | 1.5267103492533352e-07,8.875576895661652e-08,0.013427390716969967 | 1,7
3940 | 50.0197809971869 | 154.1668701171875,187.35260009765625,0.20683254301548004 | -4.921197227503171e-09,9.553612123625044e-09,-1.1089798135799356e-05 | 271.2 | 1.0851281331270002e-05,1.635664921195712e-05,2.9212177565796082e-08 | -6.613930736421025e-07,3.5634728501321433e-10,0.012848014943301678 | 1,7
3950 | 50.14418959990144 | 154.1668701171875,187.35260009765625,0.20687423646450043 | -7.199536966595588e-09,2.7482633058184547e-08,0.0002233229170087725 | 271.2 | 2.032695738307666e-05,1.971332312677987e-05,6.351211823130143e-08 | -3.772152581404953e-07,1.3119356481183786e-06,-0.01850387081503868 | 1,7
3960 | 50.271554198116064 | 154.1668701171875,187.35260009765625,0.20682811737060547 | 4.858401236873533e-09,7.030982018818577e-09,0.0009053389658220112 | 271.2 | -1.6220088582485914e-05,-1.4900965652486775e-05,-3.6182630225312096e-08 | 6.768255502720422e-07,-6.863496992970397e-10,0.19842660427093506 | 1,7
3970 | 50.401151698082685 | 154.1668701171875,187.35260009765625,0.2068130075931549 | 1.105410096791104e-09,8.07072364494843e-09,0.0002124134625773877 | 271.2 | 8.415697266173083e-06,-4.909463314106688e-06,2.540469346001828e-08 | 3.8502670918205695e-07,5.170538315724116e-06,0.008468301966786385 | 1,7
3980 | 50.532577097415924 | 154.1668701171875,187.35260009765625,0.206816166639328 | 6.384768269640517e-10,1.3016554945011194e-08,0.00215353025123477 | 271.2 | 1.7778675100998953e-05,-1.4233870615498745e-06,4.80140656122785e-08 | 6.755979597983242e-08,2.3180568859970663e-06,0.03298123553395271 | 1,7
3990 | 50.65798529982567 | 154.1668701171875,187.35260009765625,0.20685607194900513 | -3.6478877696310974e-09,-2.565679935173648e-08,-0.0015384812140837312 | 271.2 | 5.6274071539519355e-05,8.503912795276847e-06,1.324812615166593e-07 | -2.865804731300159e-07,-3.600738125442149e-07,-0.11093267798423767 | 1,7
4000 | 50.78637569770217 | 154.1668701171875,187.35260009765625,0.20681685209274292 | 6.460776358352405e-09,2.507092489167917e-08,0.000838129548355937 | 271.2 | 2.340860191907268e-05,-1.7654101611697115e-05,6.619001879926145e-08 | 4.930100772071455e-07,4.577590061671799e-06,0.019305763766169548 | 1,7
4010 | 50.9156483002007 | 154.1668701171875,187.35260009765625,0.2068146914243698 | -4.118191121449399e-09,3.30359650746459e-09,0.0015942694153636694 | 271.2 | 6.15382959949784e-05,1.2232231711095665e-05,1.5171767131505476e-07 | -7.198726166279812e-07,-3.581206726721575e-07,0.13423998653888702 | 1,7
4020 | 51.04554259777069 | 154.1668701171875,187.35260009765625,0.2068190723657608 | 0.0,0.0,0.0 | 271.2 | 0.0,0.0,0.0 | 1.8924785649687692e-07,2.385790367043228e-06,0.02523467317223549 | 1,7
4030 | 51.170808497816324 | 154.1668701171875,187.35260009765625,0.2068072408437729 | 6.055295820317497e-09,1.6727416674022777e-10,-0.0007176686194725335 | 271.2 | 8.314383421748062e-07,-1.8727938368101604e-05,3.609053944586549e-09 | 8.683084047333978e-07,2.5189059726926644e-08,0.0539495088160038 | 1,7
4040 | 51.29731319844723 | 154.1668701171875,187.35260009765625,0.20683714747428894 | -5.170905925666602e-09,1.5377338513644645e-08,0.0017196324188262224 | 271.2 | 1.5294499462470412e-05,1.820597390178591e-05,4.1100037151409197e-08 | -9.104411446969607e-07,-6.561232339663547e-07,0.14742766320705414 | 1,7
4050 | 51.42446829751134 | 154.1668701171875,187.35260009765625,0.2068491280078888 | 2.2607948846342651e-10,-6.43931796773245e-09,0.00020811354625038803 | 271.2 | -0.00010683452273951843,1.2247091945027933e-06,-2.6833197352971183e-07 | 8.333559975426397e-08,-2.404955239398987e-06,0.028574755415320396 | 1,7
4060 | 51.55467079952359 | 154.1668701171875,187.35260009765625,0.20686160027980804 | -3.34873462293217e-09,-3.781792212720347e-09,0.0021127949003130198 | 271.2 | -4.658126272261143e-06,8.16458214103477e-06,-1.1083636231035143e-08 | -1.7820723030581576e-07,-3.7336582181524136e-07,-0.004097008146345615 | 1,7
4070 | 51.68166349828243 | 154.1668701171875,187.35260009765625,0.2068839967250824 | -2.715750735404754e-09,-1.6966305693699724e-08,-5.3284544264897704e-05 | 271.2 | 6.017971827532165e-05,7.318697498703841e-06,1.433590028909748e-07 | -4.607212531482219e-07,-3.1526590191788273e-06,-0.020912475883960724 | 1,7
4080 | 51.80733849853277 | 154.1668701171875,187.35260009765625,0.20689064264297485 | 5.262392951954631e-11,3.420980121404682e-08,0.0001581663964316249 | 271.2 | 4.573502337734681e-06,-1.9910698938474525e-06,2.7696840376734144e-08 | 5.361627586353279e-07,2.1914488570473623e-06,-0.07404299825429916 | 1,7
4090 | 51.93896909803152 | 154.1668701171875,187.35260009765625,0.20681296288967133 | -5.103154343544247e-09,2.1135521777182475e-08,-0.00015814734797459096 | 271.2 | -1.8317936337552965e-05,1.5253374840540346e-05,-3.5904339057424295e-08 | -2.662903568761976e-07,-1.7248786434720387e-06,-0.023452844470739365 | 1,7
4100 | 52.06200749799609 | 154.1668701171875,187.35260009765625,0.20681308209896088 | -7.780280864011502e-10,2.3304680851765625e-08,0.00035527622094377875 | 271.2 | -8.731050002097618e-06,4.743399586004671e-06,-1.4363258138416768e-08 | -2.749455632056197e-07,1.5488809594899067e-06,-0.022698044776916504 | 1,7
4110 | 52.185165997594595 | 154.1668701171875,187.35260009765625,0.2068426012992859 | -2.34581487568164e-09,-7.0749361924526966e-09,2.7824768039863557e-05 | 271.2 | -4.889974206889747e-06,5.274187060422264e-06,-1.3293758094334862e-08 | 9.810877799054651e-08,8.169647003342106e-07,-0.037020593881607056 | 1,7
4120 | 52.31521339714527 | 154.1668701171875,187.35260009765625,0.20677317678928375 | -1.801521820610219e-09,-1.5867161806681906e-08,-0.0030211745761334896 | 271.2 | -5.448445517686196e-05,5.688126293534879e-06,-1.4552584559623938e-07 | -1.3386554087446711e-07,-1.1790399412348052e-06,-0.22449418902397156 | 1,7
4130 | 52.444622699171305 | 154.1668701171875,187.35260009765625,0.2067633420228958 | -7.0976682309265016e-09,-1.4954569138581064e-08,0.0006816983222961426 | 271.2 | 3.140344051644206e-05,1.5906216503935866e-05,7.665452272931361e-08 | -7.926642808797624e-08,-6.296868377830833e-07,-0.02670111320912838 | 1,7
4140 | 52.574948597699404 | 154.1668701171875,187.35260009765625,0.2067582607269287 | -4.334951952955635e-09,-6.609903735466105e-09,0.0010651876218616962 | 271.2 | -0.0001032733780448325,1.1779507985920645e-05,-2.574363691110193e-07 | -5.535375890985961e-08,-1.676724195931456e-06,-0.03496118634939194 | 1,7
4150 | 52.70045519992709 | 154.1668701171875,187.35260009765625,0.20683836936950684 | -7.16256698396478e-09,1.4105256518348597e-08,0.0013661500997841358 | 271.2 | 3.2063697290141135e-05,2.4453391233691946e-05,8.082550095878105e-08 | -1.179492073788424e-06,2.4473647499689832e-06,0.09919106215238571 | 1,7
4160 | 52.831536296755075 | 154.1668701171875,187.35260009765625,0.20679156482219696 | -2.2624193629638967e-09,-7.750497466041395e-10,0.0012412398355081677 | 271.2 | 1.2926437193527818e-05,3.369951173226582e-06,3.471301823765316e-08 | 1.6767133104167442e-07,4.239289808083413e-07,0.04591169208288193 | 1,7
4170 | 52.96361289918423 | 154.1668701171875,187.35260009765625,0.20679675042629242 | 5.010770465219139e-09,-4.099524719691772e-09,0.0002238557644886896 | 271.2 | 1.192951367556816e-05,-1.5166142475209199e-05,2.8224611980931513e-08 | 4.1182860854860337e-07,1.5515597624471411e-06,-0.09812494367361069 | 1,7
4180 | 53.0865994989872 | 154.1668701171875,187.35260009765625,0.20685744285583496 | -1.7811737640371916e-09,3.423462757723428e-08,0.0011958815157413483 | 271.2 | 4.177578375674784e-05,4.264105427864706e-06,1.1723631132554146e-07 | 6.131760699190636e-08,3.2901984923228156e-06,-0.03930116444826126 | 1,7
4190 | 53.21131789684296 | 154.1668701171875,187.35260009765625,0.20685335993766785 | -5.081097320669414e-09,1.2668096793788663e-08,0.00046014119288884103 | 271.2 | 2.711456545512192e-05,1.4284286407928448e-05,7.250775979628088e-08 | -3.720832353337755e-07,5.584565769822802e-07,-0.01970715820789337 | 1,7
4200 | 53.33608079701662 | 154.1668701171875,187.35260009765625,0.20682868361473083 | -5.062370078690037e-09,-2.0356059948767324e-08,0.0015513183316215873 | 271.2 | 3.470652154646814e-05,1.434360910934629e-05,7.675692614839136e-08 | -6.093283104746661e-07,-2.105739440594334e-06,0.15702806413173676 | 1,7
4210 | 53.465708296746016 | 154.1668701171875,187.35260009765625,0.20676356554031372 | -2.4473358894994135e-09,2.301372603596974e-08,-0.0045010847970843315 | 271.2 | 2.6166911993641406e-05,7.501081654481823e-06,7.670679735838348e-08 | -3.1542748502033646e-07,7.874373295635451e-07,-0.4704631268978119 | 1,7
4220 | 53.59074899926782 | 154.1668701171875,187.35260009765625,0.2068200707435608 | -1.0564746993901863e-10,-4.7615449361160245e-09,0.0014553788350895047 | 271.2 | 6.186455266288249e-06,3.4620090900716605e-06,1.0122897187159197e-08 | -4.79414040910342e-07,-1.041223526954127e-06,0.2102576196193695 | 1,7
4230 | 53.71599489822984 | 154.1668701171875,187.35260009765625,0.2068471908569336 | -9.934764122476736e-09,1.503739888164546e-08,0.0014641628367826343 | 271.2 | 1.7947571905096993e-05,2.9499622542061843e-05,5.000717706593605e-08 | -9.783603900359594e-07,8.232370873884065e-07,0.12878549098968506 | 1,7
4240 | 53.8413142003119 | 154.1668701171875,187.35260009765625,0.20683929324150085 | 2.2110500097483055e-09,1.8874251495049066e-08,3.284040940343402e-05 | 271.2 | 2.0075673091923818e-05,-5.921751380810747e-06,5.706670336280695e-08 | 1.151972668367307e-07,1.489444230173831e-07,-0.154640331864357 | 1,7
4250 | 53.967849899083376 | 154.1668701171875,187.35260009765625,0.2068454623222351 | 0.0,0.0,0.0 | 271.2 | 0.0,0.0,0.0 | -1.428232678790664e-07,-7.445568712682871e-07,-0.07122664898633957 | 0,0
4260 | 54.09482869878411 | 154.16326904296875,187.35247802734375,0.20685721933841705 | -0.05658427253365517,1.1517349776113406e-05,0.0003728881129063666 | 271.2 | -0.003408838761970401,-0.016838030889630318,-1.5453370809555054 | 0.15330994129180908,-0.1828288733959198,0.030252696946263313 | 0,0
4270 | 54.22187449783087 | 154.14205932617188,187.35281372070312,0.20694170892238617 | -0.49000099301338196,0.011296499520540237,-0.001105816918425262 | 271.2 | -0.00960584171116352,-0.2403620332479477,-0.208864226937294 | -8.402364730834961,0.16255921125411987,-0.09893444925546646 | 0,0
4280 | 54.34617579728365 | 154.03640747070312,187.35472106933594,0.2072519212961197 | -1.108301043510437,0.02492026425898075,0.00154876580927521 | 271.3 | -0.002188775921240449,-0.15390552580356598,-0.48820316791534424 | -3.426999568939209,0.09637870639562607,0.04278840869665146 | 0,0
4290 | 54.47241299971938 | 153.86355590820312,187.35794067382812,0.2073352336883545 | -1.5683609247207642,0.03646993264555931,-3.783703868975863e-05 | 271.3 | -0.001957609783858061,-0.04328474774956703,-0.6799983978271484 | -3.3539414405822754,0.11010736972093582,0.03312962129712105 | 0,0
4300 | 54.596893798559904 | 153.6388397216797,187.3622283935547,0.20737861096858978 | -1.9837965965270996,0.04645309969782829,0.001503890147432685 | 271.3 | -0.0006310447352007031,-0.0022960654459893703,-0.7831239700317383 | -2.922482490539551,0.11173664033412933,0.01659131981432438 | 0,0
4310 | 54.72068499773741 | 153.36427307128906,187.36767578125,0.20737510919570923 | -2.3816957473754883,0.05526609718799591,0.0009225154644809663 | 271.3 | 0.004630984738469124,0.00881181936711073,-0.8012747168540955 | -3.123135805130005,-0.11229391396045685,0.0070243407972157 | 0,0
4320 | 54.84713699668646 | 153.03695678710938,187.37452697753906,0.20733802020549774 | -2.7725470066070557,0.0658964067697525,-0.0007126834243535995 | 271.4 | 0.006171777378767729,0.010637586936354637,-0.8245394229888916 | -3.2671453952789307,-0.10107065737247467,-0.12657426297664642 | 0,0
4330 | 54.97387709841132 | 152.6592559814453,187.3826904296875,0.20730723440647125 | -3.1550185680389404,0.07784105837345123,0.0008934756624512374 | 271.4 | -0.0007147922879084945,0.010144837200641632,-0.8526508808135986 | -2.8967020511627197,0.11159523576498032,0.08867380768060684 | 0,0
4340 | 55.10180629789829 | 152.22879028320312,187.392333984375,0.20729464292526245 | -3.531989574432373,0.08907996863126755,0.0009231020230799913 | 271.4 | -0.0012709884904325008,0.009338483214378357,-0.819882333278656 | -2.845142126083374,0.1928977221250534,0.13172096014022827 | 0,0
4350 | 55.225423999130726 | 151.76571655273438,187.4031219482422,0.20732009410858154 | -3.8885107040405273,0.10017208755016327,-0.00042106988257728517 | 271.5 | -0.0024518361315131187,0.008868396282196045,-0.7713427543640137 | -3.0394129753112793,0.18650929629802704,-0.10382146388292313 | 0,0
4360 | 55.35272979736328 | 151.2467803955078,187.41561889648438,0.20727866888046265 | -4.240684509277344,0.10811185836791992,0.0013775172410532832 | 271.5 | 0.005725525785237551,0.009624181315302849,-0.6039448380470276 | -2.6187679767608643,0.004304851870983839,0.1577475219964981 | 0,0
4370 | 55.477774400264025 | 150.69970703125,187.4290008544922,0.20724818110466003 | -4.4179511070251465,0.11342689394950867,-0.00010045692761195824 | 271.5 | 0.005387776996940374,0.09216856211423874,-0.5279074907302856 | 0.08875863999128342,-0.0580429807305336,-0.047771744430065155 | 0,0
4380 | 55.60633299872279 | 150.12954711914062,187.4431610107422,0.2070823609828949 | -4.406613826751709,0.11355427652597427,-0.00015378865646198392 | 271.5 | 0.004272117279469967,0.10615856945514679,-0.39858782291412354 | 0.08112364262342453,0.037916332483291626,0.12487811595201492 | 0,0
4390 | 55.73134030029178 | 149.5880889892578,187.456787109375,0.20702648162841797 | -4.39585542678833,0.11389685422182083,-0.00014951748016756028 | 271.5 | 0.0019156236667186022,0.07127015292644501,-0.3031514286994934 | 0.0790356993675232,-0.037898775190114975,-0.09720194339752197 | 0,0
4400 | 55.8675290979445 | 148.9862060546875,187.4720916748047,0.2069154679775238 | -4.383903503417969,0.11415310949087143,0.0013197676744312048 | 271.5 | 0.0006291272584348917,0.039232220500707626,-0.2286805957555771 | 0.08118259906768799,0.01726851984858513,-0.027906281873583794 | 0,0
4410 | 55.99491519853473 | 148.41102600097656,187.48681640625,0.2069726139307022 | -4.790402889251709,0.12365300953388214,-0.0011408780701458454 | 271.5 | -0.001115557155571878,-0.17640337347984314,-0.05249916389584541 | -5.674429416656494,0.1629088819026947,-0.057221971452236176 | 0,0
4420 | 56.11891319975257 | 147.76870727539062,187.503173828125,0.20760399103164673 | -5.36149263381958,0.13444341719150543,0.0034936286974698305 | 271.4 | 0.006952953524887562,-0.13922333717346191,0.050988536328077316 | -3.913553237915039,0.08492240309715271,-0.06666839867830276 | 0,0
4430 | 56.24525040015578 | 147.07200622558594,187.52061462402344,0.20779861509799957 | -5.7073493003845215,0.14203563332557678,-0.00020241265883669257 | 271.4 | 0.0005133766680955887,0.003784684231504798,0.02506827749311924 | -1.672904133796692,0.036579180508852005,-0.010777967981994152 | 0,0
4440 | 56.36993149667978 | 146.34286499023438,187.5387725830078,0.20765791833400726 | -5.836070537567139,0.14488913118839264,-0.0006707615102641284 | 271.4 | -0.0003787679015658796,0.09257776290178299,-0.014549007639288902 | 0.022673221305012703,-0.004442830104380846,0.0004761947493534535 | 0,0
4450 | 56.49858469888568 | 145.61204528808594,187.556884765625,0.20745143294334412 | -5.812081813812256,0.14372184872627258,-0.000513111415784806 | 271.4 | 0.0001093757527996786,0.12180587649345398,-0.02143089845776558 | 1.027525544166565,-0.034209754317998886,0.0015342360129579902 | 0,0
4460 | 56.62123739719391 | 144.88775634765625,187.57472229003906,0.20727446675300598 | -5.720854759216309,0.1404029279947281,-0.0002996745752170682 | 271.4 | 0.0006415378884412348,0.10055038332939148,0.004779203794896603 | 1.6633638143539429,-0.05503091588616371,0.001255794893950224 | 0,0
4470 | 56.74573479965329 | 144.18142700195312,187.5919952392578,0.20715557038784027 | -5.6195831298828125,0.13601592183113098,-0.00016623442934360355 | 271.4 | 0.0013707522302865982,0.06750670820474625,0.04801817610859871 | 1.8201943635940552,-0.06613113731145859,0.001116270897909999 | 0,0
4480 | 56.87378699705005 | 143.46778869628906,187.6091766357422,0.20708949863910675 | -5.534426212310791,0.13099949061870575,-8.757405885262415e-05 | 271.4 | 0.0016280993586406112,0.039174456149339676,0.059446174651384354 | 2.1254284381866455,-0.08363352715969086,0.0005220024613663554 | 0,0
4490 | 56.999535497277975 | 142.78982543945312,187.62521362304688,0.2070690542459488 | -5.48884916305542,0.12598726153373718,-4.50940387963783e-05 | 271.3 | 0.0009880166035145521,0.01316970307379961,-0.0214154701679945 | 1.4096565246582031,-0.0667567178606987,0.0004107536224182695 | 0,0
4500 | 57.12146409973502 | 142.10147094726562,187.6409912109375,0.20707175135612488 | -5.466037273406982,0.12032530456781387,-2.2675694708595984e-05 | 271.3 | 0.00015891152725089341,0.0014504645951092243,-0.16551190614700317 | 1.4837273359298706,-0.09629213064908981,0.0002755700843408704 | 0,0
4510 | 57.245986100286245 | 141.42169189453125,187.6559295654297,0.20708392560482025 | -5.459095478057861,0.11449570208787918,-1.4598785128328018e-05 | 271.2 | -0.0009918669238686562,-0.0006899791187606752,-0.25041958689689636 | 1.5194458961486816,-0.10975151509046555,-0.00015323433035518974 | 0,0
4520 | 57.37088309973478 | 140.7423553466797,187.67022705078125,0.20709937810897827 | -5.466071128845215,0.10823677480220795,-8.620189873909112e-06 | 271.1 | -5.5092994443839416e-05,-0.0007562132668681443,-0.08337216824293137 | 1.316945195198059,-0.12323737144470215,4.6331537305377424e-05 | 0,0
4530 | 57.50296079739928 | 140.03451538085938,187.6842803955078,0.20711207389831543 | -5.4730072021484375,0.100069560110569,-3.0608671295340173e-06 | 271.0 | 0.009479464963078499,-0.034482430666685104,1.6217941045761108 | -2.465191125869751,0.005525168031454086,-0.00015142092888709158 | 0,0
4540 | 57.62520049884915 | 139.34402465820312,187.69708251953125,0.2071198672056198 | -5.490086555480957,0.0922251045703888,-1.1919445341845858e-06 | 271.0 | -0.001206820597872138,0.003548588138073683,0.0972299799323082 | 1.1264210939407349,-0.10702592879533768,-1.2170366062491667e-05 | 0,0
4550 | 57.75436059758067 | 138.63314819335938,187.70919799804688,0.20712772011756897 | -5.499507904052734,0.08324477076530457,-1.0775198688861565e-06 | 270.9 | -0.0036539591383188963,0.01935463398694992,-0.15079882740974426 | 2.476288318634033,-0.12440592050552368,2.0944547941326164e-05 | 0,0
4560 | 57.88173159956932 | 137.9296112060547,187.71994018554688,0.20712730288505554 | -5.5114545822143555,0.07392241060733795,-1.4303316220320994e-06 | 270.8 | -0.0016906735254451632,0.012224662117660046,0.09778621047735214 | 1.4628359079360962,-0.11118748039007187,-4.502564843278378e-05 | 0,0
4570 | 58.00969269871712 | 137.15782165527344,187.73060607910156,0.20713096857070923 | -5.545757293701172,0.06429126113653183,-1.7926641930898768e-06 | 270.7 | 0.0083267567679286,-0.020025912672281265,1.4937243461608887 | -1.9443304538726807,-0.10866802930831909,-3.4537915780674666e-05 | 0,0
4580 | 58.13375499844551 | 136.5334014892578,187.7380828857422,0.20712779462337494 | -5.527191162109375,0.05568365752696991,4.863174467573117e-07 | 270.6 | -0.0027821070980280638,0.016341887414455414,0.16112905740737915 | 1.858052134513855,-0.16418783366680145,6.892021337989718e-05 | 0,0
4590 | 58.26256909966469 | 135.75750732421875,187.74620056152344,0.20712845027446747 | -5.555453777313232,0.045346297323703766,-8.391095889237477e-07 | 270.5 | 0.007227011956274509,-0.016857227310538292,1.5320287942886353 | -1.7833764553070068,-0.08710906654596329,1.0616427061904687e-05 | 0,0
4600 | 58.38880719989538 | 135.12384033203125,187.7516632080078,0.2071222960948944 | -5.530636310577393,0.037357062101364136,-1.2014741059829248e-06 | 270.4 | -0.0063768369145691395,0.01767343282699585,0.08467118442058563 | 1.6209044456481934,-0.036460474133491516,5.568082661611129e-10 | 0,0
4610 | 58.51967419683933 | 134.40061950683594,187.7567138671875,0.20711933076381683 | -5.5251898765563965,0.02870194800198078,7.628352705069119e-08 | 270.3 | -0.009749331511557102,0.023945385590195656,-0.2481510043144226 | 2.4252240657806396,-0.03512781858444214,6.910720549058169e-05 | 0,0
4620 | 58.64801310002804 | 133.69384765625,187.76068115234375,0.20711848139762878 | -5.530683517456055,0.019127802923321724,1.6210191233767546e-07 | 270.2 | -0.0021048521157354116,0.015003698877990246,0.046490319073200226 | 1.45949387550354,-0.14335179328918457,3.8495429180329666e-05 | 0,0
4630 | 58.77645689994097 | 132.9801483154297,187.76361083984375,0.2071189433336258 | -5.5343017578125,0.011725825257599354,-2.479265504007344e-07 | 270.1 | -0.002390578156337142,0.010959303006529808,0.1476728469133377 | 1.4680324792861938,-0.15579088032245636,-0.00011205867485841736 | 0,0
4640 | 58.90514129772782 | 132.26634216308594,187.7655792236328,0.2071220725774765 | -5.539633750915527,0.0046686106361448765,1.9071319456998026e-07 | 270.0 | -0.006570850964635611,0.013895113952457905,0.09632935374975204 | 1.6563587188720703,-0.050193287432193756,1.4492367881757673e-05 | 0,0
4650 | 59.03371210023761 | 131.54795837402344,187.7664031982422,0.20712199807167053 | -5.543465614318848,-0.0022587005514651537,-4.0049476979220344e-07 | 270.0 | -0.008154998533427715,0.01385189127177,-0.024709274992346764 | 1.6971704959869385,-0.02178461104631424,1.145024270954309e-05 | 0,0
4660 | 59.160241696983576 | 130.84747314453125,187.7662811279297,0.2071225345134735 | -5.549288272857666,-0.008999362587928772,2.8605808211068506e-07 | 269.9 | -0.00676317885518074,0.01496113184839487,-0.10936519503593445 | 1.5413836240768433,-0.05564725771546364,-2.0460998712223954e-05 | 0,0
4670 | 59.28702859953046 | 130.14013671875,187.7654266357422,0.20712214708328247 | -5.550867557525635,-0.014224475249648094,1.4398725625142106e-06 | 269.9 | -0.005833154544234276,0.013787592761218548,-0.0489111952483654 | 1.6029514074325562,-0.03437243774533272,8.095549128483981e-05 | 0,0
4680 | 59.413617096841335 | 129.43690490722656,187.76388549804688,0.20712214708328247 | -5.5530829429626465,-0.019669482484459877,-4.767779842040909e-07 | 269.8 | -0.004782248288393021,0.014409398660063744,-0.07271792739629745 | 1.6465257406234741,-0.01999843306839466,8.81588930496946e-05 | 0,0
4690 | 59.545922700315714 | 128.705322265625,187.76165771484375,0.20712099969387054 | -5.547789096832275,-0.02413574606180191,-8.868155418895185e-07 | 269.8 | -0.006710440386086702,0.02217935398221016,-0.3088161051273346 | 2.351536989212036,-0.06796529144048691,3.336266672704369e-05 | 0,0
4700 | 59.67136649787426 | 127.93741607666016,187.758544921875,0.20712268352508545 | -5.576460361480713,-0.02945358119904995,-1.0489105051192382e-07 | 269.7 | 0.0027135517448186874,-0.01580611616373062,0.9925838708877563 | -1.6515264511108398,-0.013549278490245342,-0.0001567109429743141 | 0,0
4710 | 59.795432299375534 | 127.31470489501953,187.75543212890625,0.20712298154830933 | -5.564401626586914,-0.033256836235523224,7.723865564912558e-07 | 269.7 | -0.004167519044131041,0.010043077170848846,-0.04837321117520332 | 1.244043231010437,-0.01430831104516983,3.9717611798550934e-05 | 0,0
4720 | 59.922332998365164 | 126.61071014404297,187.75143432617188,0.20712341368198395 | -5.567770481109619,-0.03606348857283592,-1.8784982103170478e-06 | 269.6 | -0.005134013947099447,0.011187031865119934,-0.1569029837846756 | 1.2068294286727905,-0.028447376564145088,-0.00011371433356544003 | 0,0
4730 | 60.04877819865942 | 125.90159606933594,187.74703979492188,0.20712290704250336 | -5.56858491897583,-0.03925367817282677,6.102754355197249e-07 | 269.6 | -0.004946798086166382,0.013410485349595547,-0.22192157804965973 | 1.3653544187545776,-0.03580021858215332,4.721302502730396e-06 | 0,0
4740 | 60.174511298537254 | 125.19962310791016,187.74224853515625,0.20712248980998993 | -5.571584224700928,-0.04166995733976364,3.4327865705563454e-07 | 269.6 | -0.005133491475135088,0.012340571731328964,-0.2596408724784851 | 1.3803942203521729,-0.01643456518650055,-1.9849048840114847e-05 | 0,0
4750 | 60.299305599182844 | 124.50404357910156,187.73719787597656,0.20712287724018097 | -5.575042724609375,-0.0438743531703949,7.056315212139452e-07 | 269.5 | -0.004774501081556082,0.011937414295971394,-0.24905066192150116 | 1.32846999168396,-0.004084444139152765,0.00010174680937780067 | 0,0
4760 | 60.42595610022545 | 123.79376983642578,187.7317352294922,0.2071216106414795 | -5.574918746948242,-0.04584367945790291,1.1537932778082904e-06 | 269.5 | -0.0033504534512758255,0.01287089753895998,-0.3581624925136566 | 1.4975730180740356,-0.04424329847097397,4.273680315236561e-05 | 0,0
4770 | 60.557435899972916 | 123.0599365234375,187.7258758544922,0.20711977779865265 | -5.56746244430542,-0.046708762645721436,-8.105209303721495e-07 | 269.5 | -0.006779214832931757,0.021188629791140556,-0.6786532998085022 | 2.3803136348724365,0.0067169214598834515,-1.8024136807071045e-05 | 0,0
4780 | 60.68012920022011 | 122.31011199951172,187.71981811523438,0.20712177455425262 | -5.5911478996276855,-0.04768811911344528,-1.144276097875263e-06 | 269.5 | 0.0019704452715814114,-0.011761406436562538,0.5085768103599548 | -1.0900379419326782,-0.0009270680602639914,-2.018948543991428e-05 | 0,0
4790 | 60.80591109767556 | 121.67736053466797,187.71449279785156,0.20712344348430634 | -5.583239555358887,-0.04848116636276245,1.239629767724182e-07 | 269.5 | -0.0034241857938468456,0.009391763247549534,-0.29430967569351196 | 1.184375524520874,-0.012002915143966675,3.7251906178426e-05 | 0,0
4800 | 60.93553080037236 | 120.95314025878906,187.7083282470703,0.20712383091449738 | -5.581081390380859,-0.04952621832489967,-1.0584542451397283e-06 | 269.5 | -0.004804506897926331,0.018073037266731262,-0.5303429961204529 | 1.851136565208435,-0.005767506547272205,-6.173907604534179e-05 | 0,0
4810 | 61.06783849745989 | 120.20835876464844,187.70176696777344,0.20711955428123474 | -5.574164867401123,-0.049848027527332306,1.1633383110165596e-06 | 269.5 | -0.006311530712991953,0.01980762369930744,-0.6922577619552612 | 2.0550296306610107,-0.00028197793290019035,0.00011486464063636959 | 0,0
4820 | 61.19374669715762 | 119.5073471069336,187.695556640625,0.20712077617645264 | -5.583005905151367,-0.05026741698384285,-2.3838934737341333e-07 | 269.5 | -0.004281891975551844,0.01121352706104517,-0.4956510066986084 | 1.5145326852798462,-0.006980752572417259,-7.831163202354219e-07 | 0,0
4830 | 61.320301197469234 | 118.80117797851562,187.68927001953125,0.20712344348430634 | -5.591131687164307,-0.05062701553106308,-5.435237540041271e-07 | 269.5 | -0.0032728889491409063,0.008592501282691956,-0.4122723340988159 | 1.0774329900741577,-0.006028397008776665,6.853838385723066e-06 | 0,0
4840 | 61.445344898849726 | 118.0949935913086,187.6829376220703,0.20712561905384064 | -5.596952438354492,-0.05078243091702461,-1.0012424809247022e-06 | 269.5 | -0.003159505547955632,0.010172609239816666,-0.38957005739212036 | 1.3084594011306763,0.004709240049123764,-4.473147782846354e-05 | 0,0
4850 | 61.57812129706144 | 117.35420989990234,187.67628479003906,0.2071245163679123 | -5.593227386474609,-0.05074567347764969,-3.8142385250239386e-08 | 269.5 | -0.004963572137057781,0.018942907452583313,-0.642774760723114 | 1.8628313541412354,-0.00789041817188263,-8.644620720588136e-06 | 0,0
4860 | 61.7046700976789 | 116.64908599853516,187.669921875,0.20712336897850037 | -5.599259376525879,-0.051014818251132965,-7.628521103697494e-08 | 269.5 | -0.0034183235839009285,0.011368178762495518,-0.4459858238697052 | 1.276625394821167,-0.0018486827611923218,1.1099225048383232e-05 | 0,0
4870 | 61.83111209794879 | 115.93582916259766,187.66339111328125,0.20712359249591827 | -5.604662895202637,-0.05109395459294319,-5.339902031664678e-07 | 269.5 | -0.0033375455532222986,0.0095702288672328,-0.4505350589752197 | 1.1433898210525513,-0.0022285189479589462,6.263833256525686e-06 | 0,0
4880 | 61.95866259932518 | 115.23068237304688,187.656982421875,0.2071247398853302 | -5.609571933746338,-0.05078401044011116,9.917023362504551e-07 | 269.5 | -0.0032420651987195015,0.00990315992385149,-0.4322189390659332 | 1.0194835662841797,0.0028423205949366093,1.281384174944833e-05 | 0,0
4890 | 62.08928319811821 | 114.4869384765625,187.6503143310547,0.20712241530418396 | -5.605161190032959,-0.05108911544084549,-5.625955168397923e-07 | 269.5 | -0.003603837452828884,0.01527060754597187,-0.5955134034156799 | 1.380937933921814,-0.0026522651314735413,-9.437727567274123e-05 | 0,0
4900 | 62.2135397978127 | 113.78860473632812,187.6439971923828,0.20712263882160187 | -5.6116790771484375,-0.05104617401957512,2.956016942334827e-07 | 269.5 | -0.0028450211975723505,0.009107646532356739,-0.42917412519454956 | 1.0690689086914062,-0.0010795253328979015,-1.7129528714576736e-05 | 0,0
4910 | 62.34281599894166 | 113.06607818603516,187.63743591308594,0.20712371170520782 | -5.612523555755615,-0.051160600036382675,3.6235113043403544e-07 | 269.5 | -0.0037503959611058235,0.015036851167678833,-0.5762007236480713 | 1.4922053813934326,-0.0030359565280377865,-8.806437108432874e-06 | 0,0
4920 | 62.46860430017114 | 112.35694122314453,187.63095092773438,0.20712290704250336 | -5.615858554840088,-0.051031723618507385,-5.053857421444263e-07 | 269.5 | -0.003545528743416071,0.011362429708242416,-0.49917420744895935 | 1.2694957256317139,0.0014056197833269835,6.630745338043198e-05 | 0,0
4930 | 62.59900629892945 | 111.61947631835938,187.6242218017578,0.20712195336818695 | -5.61452054977417,-0.05053188279271126,-4.767808192696066e-08 | 269.5 | -0.004481940995901823,0.013820830732584,-0.6052163243293762 | 1.6299197673797607,0.004944987129420042,-8.632371464045718e-05 | 0,0
4940 | 62.72468379884958 | 110.91603088378906,187.61788940429688,0.20712272822856903 | -5.621498107910156,-0.04997272416949272,4.386328384953231e-07 | 269.5 | -0.0033168229274451733,0.00869231577962637,-0.48108041286468506 | 1.0875120162963867,0.004463817458599806,-1.1378099770809058e-05 | 0,0
4950 | 62.853646498173475 | 110.19208526611328,187.61148071289062,0.2071235179901123 | -5.623293876647949,-0.04935748502612114,-3.146731444303441e-07 | 269.5 | -0.003412702353671193,0.011298009194433689,-0.5336704850196838 | 1.2261683940887451,0.0027394082862883806,-6.112788832979277e-05 | 0,0
4960 | 62.98036029934883 | 109.47657012939453,187.60525512695312,0.20712405443191528 | -5.627300262451172,-0.049104705452919006,-6.484109462689958e-07 | 269.5 | -0.0031389824580401182,0.01186461467295885,-0.529090404510498 | 1.1888062953948975,-9.004467574413866e-05,-5.271825557429111e-06 | 0,0
4970 | 63.107133597135544 | 108.76325225830078,187.59906005859375,0.20712420344352722 | -5.631613731384277,-0.0483974814414978,-9.631003194954246e-07 | 269.5 | -0.0029757502488791943,0.009489146992564201,-0.4373965263366699 | 1.088963270187378,0.0024755680933594704,-0.0001154280616901815 | 0,0
4980 | 63.23528189957142 | 108.04133605957031,187.5928497314453,0.20712432265281677 | -5.630953788757324,-0.0476834699511528,-9.34480397063453e-07 | 269.5 | -0.004586844239383936,0.016681578010320663,-0.6599130630493164 | 1.6148085594177246,0.006162513047456741,-3.2158102840185165e-05 | 0,0
4990 | 63.36250689998269 | 107.31712341308594,187.5867156982422,0.207122340798378 | -5.630797386169434,-0.046616893261671066,-4.958488943884731e-07 | 269.5 | -0.0042877295054495335,0.01453530415892601,-0.6314870715141296 | 1.556777000427246,0.005186313297599554,-4.1799336031544954e-05 | 0,0
5000 | 63.488497499376535 | 106.61405944824219,187.58091735839844,0.207122802734375 | -5.636507511138916,-0.04549716040492058,1.468475034016592e-06 | 269.5 | -0.003442675806581974,0.010016486980021,-0.5177929997444153 | 1.1085021495819092,0.00789767038077116,8.57047489262186e-05 | 0,0
5010 | 63.61827899888158 | 105.8712387084961,187.57492065429688,0.2071211189031601 | -5.632298469543457,-0.04372420534491539,-4.7678184955657343e-08 | 269.6 | -0.004044626373797655,0.01229004468768835,-0.5740880370140076 | 1.447087049484253,0.01561824232339859,-6.72530077281408e-05 | 0,0
5020 | 63.74325359985232 | 105.17710876464844,187.5695343017578,0.20712287724018097 | -5.6402201652526855,-0.04227827861905098,1.296843379350321e-06 | 269.6 | -0.002636480377987027,0.00721846055239439,-0.45323383808135986 | 0.9326324462890625,0.005993006285279989,4.939488644595258e-05 | 0,0
5030 | 63.86952259764075 | 104.46336364746094,187.5641326904297,0.20712466537952423 | -5.644407272338867,-0.0408162921667099,-2.574604991423257e-07 | 269.6 | -0.0031352639198303223,0.009839558973908424,-0.5294350981712341 | 1.0927284955978394,0.007788269314914942,-6.258394569158554e-05 | 0,0
5040 | 64.0053387992084 | 103.68866729736328,187.55853271484375,0.20712333917617798 | -5.633358478546143,-0.03928709030151367,4.2910005504381843e-07 | 269.6 | -0.007160286419093609,0.02753598988056183,-1.062042474746704 | 2.8590853214263916,0.015119761228561401,-0.00011114500375697389 | 0,0
5050 | 64.13337099924684 | 102.96227264404297,187.553466796875,0.20712581276893616 | -5.663785457611084,-0.037755098193883896,-4.767807126881962e-08 | 269.6 | 0.0005416168714873493,-0.008343762718141079,0.01734275557100773 | -0.71243816614151,0.021291086450219154,6.739675154676661e-05 | 0,0
5060 | 64.26280719786882 | 102.2342758178711,187.548583984375,0.20712825655937195 | -5.6752190589904785,-0.035603150725364685,-2.2885130590566405e-07 | 269.6 | 0.0020605328027158976,-0.014205671846866608,0.25813859701156616 | -1.414713740348816,0.019087566062808037,-2.4383094569202513e-05 | 0,0
5070 | 64.38864599913359 | 101.51838684082031,187.54403686523438,0.20712608098983765 | -5.671915531158447,-0.033338841050863266,-3.7188920032349415e-07 | 269.7 | 0.0021387829910963774,-0.008621842600405216,0.23236510157585144 | -1.223278522491455,0.02192767523229122,-2.6250092560076155e-05 | 0,0
5080 | 64.5150814987719 | 100.80430603027344,187.53982543945312,0.2071249783039093 | -5.674752235412598,-0.031142108142375946,-7.056300432850549e-07 | 269.7 | 0.0035802333150058985,-0.012015082873404026,0.3265521824359894 | -1.368833303451538,0.005421398673206568,-3.539202589308843e-05 | 0,0
5090 | 64.64703889936209 | 100.0579605102539,187.53561401367188,0.20712429285049438 | -5.665627479553223,-0.02823016420006752,-3.718826917520346e-07 | 269.7 | -0.0017821314977481961,0.006509800441563129,-0.41552790999412537 | 0.6780997514724731,0.012889920733869076,1.0534387911320664e-05 | 0,0
5100 | 64.771843098104 | 99.34395599365234,187.5320281982422,0.20712409913539886 | -5.664797782897949,-0.026029197499155998,-4.863152298639761e-07 | 269.7 | -0.0022035168949514627,0.01098155789077282,-0.5217235088348389 | 1.1907958984375,0.022662358358502388,-2.799323010549415e-05 | 0,0
5110 | 64.89698699861765 | 98.63822937011719,187.5287322998047,0.20712268352508545 | -5.665242671966553,-0.02334853820502758,-5.33987702056038e-07 | 269.8 | -0.002556747058406472,0.010029543191194534,-0.5547154545783997 | 1.022932767868042,0.01586240343749523,-6.981588376220316e-05 | 0,0
