Simulation Frame | Timestamp | Position | Velocity | Heading | Angular Velocity | Acceleration | Stopped at Red Light + Light ID 
310 | 3.9023490995168686 | 98.22866821289062,191.69371032714844,0.2936702370643616 | 3.88774037361145,-0.06950850039720535,0.0003173828008584678 | 91.0 | 0.004317753948271275,0.30258986353874207,-0.20355884730815887 | -0.06811126321554184,-0.032082390040159225,0.03879356384277344 | 0,0
320 | 4.0343532003462315 | 98.75472259521484,191.6846466064453,0.2932875454425812 | 4.197638988494873,-0.07415907084941864,0.0014762241626158357 | 91.0 | -0.022818103432655334,-0.9262359142303467,-0.13868868350982666 | 4.197102069854736,-0.10038749873638153,0.02998499944806099 | 0,0
330 | 4.159455098211765 | 99.30860900878906,191.67515563964844,0.29187527298927307 | 4.6384382247924805,-0.08062944561243057,-0.0018802504055202007 | 91.0 | -0.007794609293341637,-0.9359774589538574,-0.08873429894447327 | 3.085214376449585,-0.024461759254336357,-0.10900093615055084 | 0,0
340 | 4.28503679856658 | 99.88578796386719,191.66531372070312,0.29230305552482605 | 4.364759922027588,-0.0747774988412857,0.0014367562253028154 | 91.0 | 0.0326550155878067,1.6409409046173096,-0.055148057639598846 | -6.019125938415527,0.11811313033103943,0.0437195710837841 | 0,0
350 | 4.407804500311613 | 100.34548950195312,191.65753173828125,0.2963551878929138 | 3.2472548484802246,-0.0551474504172802,5.898713425267488e-05 | 91.0 | 0.05567602440714836,3.509403944015503,-0.04654382914304733 | -9.619048118591309,0.1744631677865982,-0.09026089310646057 | 0,0
360 | 4.530062098056078 | 100.67503356933594,191.65199279785156,0.3000534474849701 | 2.4895567893981934,-0.04232774302363396,0.0007277131080627441 | 91.0 | 0.012392666190862656,1.156107783317566,-0.009890391491353512 | -0.3508512079715729,0.0025456815492361784,0.10834180563688278 | 0,0
370 | 4.662241097539663 | 101.01097106933594,191.646240234375,0.29890379309654236 | 2.642449378967285,-0.04496832191944122,-0.0012486728373914957 | 91.0 | -0.028232159093022346,-1.6574617624282837,0.0025370533112436533 | 1.8380095958709717,-0.031779464334249496,-0.056523874402046204 | 0,0
380 | 4.790055397897959 | 101.3702392578125,191.64013671875,0.29625359177589417 | 2.913818836212158,-0.04955469071865082,0.0013765039620921016 | 91.0 | -0.029388941824436188,-1.8724676370620728,0.00486108148470521 | 2.1139256954193115,-0.03465455770492554,-0.028150849044322968 | 0,0
390 | 4.916204698383808 | 101.73367309570312,191.63394165039062,0.29512840509414673 | 2.6466543674468994,-0.044892556965351105,0.00027705568936653435 | 91.0 | 0.00952573399990797,0.5285905599594116,-0.0066277687437832355 | -6.283313274383545,0.1072346642613411,-0.07701418548822403 | 0,0
400 | 5.044326897710562 | 102.0193862915039,191.62911987304688,0.2968479096889496 | 2.121717691421509,-0.035784266889095306,0.000937778502702713 | 91.0 | 0.007365010213106871,0.49760252237319946,0.007127891294658184 | 0.8220282196998596,-0.008836247026920319,0.037516284734010696 | 0,0
410 | 5.1707923002541065 | 102.30109405517578,191.62437438964844,0.29606136679649353 | 2.325418710708618,-0.038963284343481064,-0.0004468051192816347 | 91.0 | -0.015300901606678963,-1.1010159254074097,0.018433045595884323 | 2.106773853302002,-0.028120672330260277,0.04065462574362755 | 0,0
420 | 5.297915697097778 | 102.62030792236328,191.6190185546875,0.29427844285964966 | 2.620147943496704,-0.04357524588704109,-0.0007624186691828072 | 91.0 | -0.01757819950580597,-1.241981029510498,0.027648326009511948 | 2.753038167953491,-0.042693644762039185,-0.1659518927335739 | 0,0
430 | 5.422440700232983 | 102.9653091430664,191.61331176757812,0.29283684492111206 | 2.9253900051116943,-0.04794485121965408,0.0005954221123829484 | 90.9 | -0.010846261866390705,-0.8908210396766663,0.04430696368217468 | 1.9314440488815308,-0.030863484367728233,-0.08135048300027847 | 0,0
440 | 5.554397199302912 | 103.3268051147461,191.60739135742188,0.29391518235206604 | 2.2722880840301514,-0.036425914615392685,0.0009944321354851127 | 90.9 | 0.03815386816859245,2.539914846420288,0.028473276644945145 | -10.333917617797852,0.17214560508728027,0.3117159903049469 | 0,0
450 | 5.676269996911287 | 103.55877685546875,191.60366821289062,0.29677489399909973 | 1.849544882774353,-0.029162947088479996,-0.00019353392417542636 | 90.9 | 0.011047927662730217,0.8507599234580994,0.04573144018650055 | -0.03666340932250023,0.003785902401432395,-0.07121900469064713 | 0,0
460 | 5.80472719669342 | 103.79582977294922,191.599853515625,0.29664987325668335 | 1.845426321029663,-0.0285996962338686,-0.00042230848339386284 | 90.9 | -0.006496758665889502,-0.4691120386123657,0.05548452213406563 | -0.03270135447382927,0.005984874442219734,-0.029175318777561188 | 0,0
470 | 5.9274596981704235 | 104.02288055419922,191.5962677001953,0.295913964509964 | 1.841818928718567,-0.028019823133945465,0.0008412235183641315 | 90.9 | -0.007594788912683725,-0.5690491199493408,0.0636921226978302 | -0.02828562632203102,0.006625687703490257,0.0974167138338089 | 0,0
480 | 6.051890097558498 | 104.25315856933594,191.59271240234375,0.2951621413230896 | 1.8858129978179932,-0.02805117517709732,0.0007670356426388025 | 90.9 | -0.007026155479252338,-0.6138625741004944,0.076453797519207 | 1.1548869609832764,-0.01048307865858078,0.005494823679327965 | 0,0
490 | 6.1744969971477985 | 104.50091552734375,191.5889434814453,0.2940768003463745 | 2.1130638122558594,-0.03063606657087803,-0.00041291743400506675 | 90.8 | -0.009037944488227367,-0.8835472464561462,0.09906686842441559 | 2.4220147132873535,-0.027350472286343575,0.016331680119037628 | 0,0
500 | 6.302530199289322 | 104.79359436035156,191.58462524414062,0.29282328486442566 | 2.4201502799987793,-0.034054264426231384,0.0007973852334544063 | 90.8 | -0.007263969164341688,-0.7979790568351746,0.1264716237783432 | 2.6475539207458496,-0.03532254323363304,-0.03628525882959366 | 0,0
510 | 6.42600429803133 | 105.11216735839844,191.58004760742188,0.29193469882011414 | 2.7353029251098633,-0.037011776119470596,0.0008709275280125439 | 90.8 | -0.0008538394467905164,-0.5710568428039551,0.16115052998065948 | 2.4562337398529053,-0.01788981258869171,0.01846257410943508 | 0,0
520 | 6.551562000066042 | 105.47663879394531,191.5749969482422,0.2913775146007538 | 2.995758533477783,-0.03874234855175018,-0.0002604345791041851 | 90.7 | 0.003044004552066326,-0.032794952392578125,0.19323663413524628 | 0.2631251811981201,0.004933178424835205,0.007497547194361687 | 0,0
530 | 6.675426699221134 | 105.82223510742188,191.57046508789062,0.29305770993232727 | 2.4854960441589355,-0.02993587590754032,0.00016767345368862152 | 90.7 | 0.02436218596994877,2.331791400909424,0.17821237444877625 | -7.388843059539795,0.11860451847314835,-0.005008508916944265 | 0,0
540 | 6.804861798882484 | 106.09659576416016,191.56698608398438,0.29593050479888916 | 2.089365243911743,-0.024166682735085487,0.00023511792824137956 | 90.7 | 0.0038377013988792896,0.8314980268478394,0.162727490067482 | 1.0351072549819946,-0.01845317706465721,-0.019199645146727562 | 0,0
550 | 6.928263898938894 | 106.36801147460938,191.56369018554688,0.2956441044807434 | 2.235055446624756,-0.024432918056845665,0.0008768198313191533 | 90.6 | -0.003777509555220604,-0.5696703791618347,0.19250448048114777 | -0.3627128005027771,0.025839703157544136,0.03588486462831497 | 0,0
560 | 7.067003898322582 | 106.63581085205078,191.56060791015625,0.2963096797466278 | 1.5528324842453003,-0.015634361654520035,-2.2999429347692057e-05 | 90.6 | 0.00655940780416131,1.6154305934906006,0.1381600946187973 | -8.034708976745605,0.09103036671876907,0.18094924092292786 | 0,0
570 | 7.193746998906136 | 106.74227905273438,191.55967712402344,0.30013296008110046 | 0.17359447479248047,-0.0013677821261808276,-0.0013792893150821328 | 90.6 | 0.00247174478136003,3.1443514823913574,0.005423428490757942 | -5.466827869415283,0.019649377092719078,-0.18213054537773132 | 0,0
580 | 7.326047997921705 | 106.74187469482422,191.55967712402344,0.3011288344860077 | -0.002895984798669815,-3.7451709431479685e-06,0.0017411747248843312 | 90.6 | -0.007882433012127876,-0.9519095420837402,-0.00023454141046386212 | -0.04431711882352829,-0.0003955500724259764,0.04395696893334389 | 0,0
590 | 7.451561499387026 | 106.7428207397461,191.55966186523438,0.29912760853767395 | -0.00487561384215951,-2.4640046376589453e-06,0.00021401573030743748 | 90.6 | -0.013203381560742855,-1.5751148462295532,-0.00014045815623831004 | 0.000524655100889504,8.659146988065913e-05,-0.10788266360759735 | 0,0
600 | 7.580387599766254 | 106.74372863769531,191.55966186523438,0.29710653424263 | -0.003761574625968933,1.0220875083177816e-05,0.001207816763781011 | 90.6 | -0.01033194363117218,-1.1887667179107666,-4.889099363936111e-05 | 0.012192398309707642,8.896979124983773e-05,0.11936736106872559 | 0,0
610 | 7.704121898859739 | 106.74432373046875,191.5596466064453,0.2958451807498932 | -0.002381340367719531,1.0732808732427657e-05,0.00029908318538218737 | 90.6 | -0.006530529819428921,-0.7426468729972839,5.7560932873457205e-06 | 0.01103675365447998,-1.2572255400300492e-05,0.06829909235239029 | 0,0
620 | 7.833007499575615 | 106.74467468261719,191.5596466064453,0.2950488328933716 | -0.00132330774795264,6.291815680015134e-06,0.0009870687499642372 | 90.6 | -0.0035094614140689373,-0.40919244289398193,1.157375481852796e-05 | 0.0062034279108047485,-6.470699736382812e-05,-0.016107290983200073 | 0,0
630 | 7.956883396953344 | 106.7448501586914,191.5596466064453,0.2946630120277405 | -0.000693892827257514,5.792594038211973e-06,0.0007966913981363177 | 90.6 | -0.0017112906789407134,-0.2136487513780594,-6.2486028582497966e-06 | 0.0038162849377840757,-6.198587652761489e-05,-0.02545339986681938 | 0,0
640 | 8.084302797913551 | 106.74491882324219,191.5596466064453,0.29460519552230835 | -0.00015348990564234555,8.754878990657744e-07,0.0010460668709129095 | 90.6 | -0.00022057023306842893,-0.04716171324253082,-3.3364592582074692e-06 | -0.0013974187895655632,1.3762896742264275e-05,-0.08944036066532135 | 0,0
650 | 8.213518299162388 | 106.74497985839844,191.5596466064453,0.2945263981819153 | -0.0001874045847216621,1.3409917301032692e-06,0.0007841111510060728 | 90.6 | -0.0003690734156407416,-0.05756401643157005,-2.507347517166636e-06 | 0.0003872113593388349,-4.621046628017211e-06,0.30003905296325684 | 0,0
660 | 8.34139809757471 | 106.74502563476562,191.5596466064453,0.2944231331348419 | -0.00013240192492958158,1.0813909057105775e-06,0.0004068733542226255 | 90.6 | -0.0003139176988042891,-0.04064227640628815,-1.6509573015355272e-06 | 0.0004742634773720056,-1.2244368917890824e-05,0.012059083208441734 | 0,0
670 | 8.466615799814463 | 106.74505615234375,191.5596466064453,0.29436492919921875 | -1.6440822946606204e-05,1.232286024333007e-07,-0.00011459871893748641 | 90.6 | -3.6938770790584385e-05,-0.005031651351600885,-1.2079123052899376e-06 | -0.0013282936997711658,9.955935638572555e-06,-0.00925870705395937 | 0,0
680 | 8.590505197644234 | 106.74506378173828,191.5596466064453,0.2943252623081207 | -4.1203456930816174e-05,1.3304303081440594e-07,-0.0001636113884160295 | 90.6 | -3.47273307852447e-05,-0.012638863176107407,-6.470930316027079e-07 | -2.297135506523773e-05,-1.9889892428182065e-05,-0.021535295993089676 | 0,0
690 | 8.71377969905734 | 106.74507904052734,191.5596466064453,0.2942991852760315 | -3.3541113225510344e-05,-7.369453491889999e-09,0.0005188332288525999 | 90.6 | -3.923768190361443e-07,-0.01028747670352459,-4.091185701327049e-07 | 8.301559137180448e-05,-3.3983706089202315e-05,-0.00647496385499835 | 0,0
700 | 8.836333997547626 | 106.74508666992188,191.5596466064453,0.2942729592323303 | -2.1375957658165134e-05,3.1659786259297107e-07,0.0006478211726062 | 90.6 | -9.170645353151485e-05,-0.006555798929184675,-2.7972393468189694e-07 | 9.198541374644265e-05,1.607560807315167e-05,0.008484087884426117 | 0,0
710 | 8.95768129825592 | 106.7450942993164,191.5596466064453,0.29430365562438965 | -8.288668141176458e-06,2.5440513695684785e-07,0.0008289436227642 | 90.6 | -7.19803138053976e-05,-0.002541682217270136,-1.8171509452713508e-07 | -3.546975858625956e-05,2.4258899429696612e-05,-0.005063878837972879 | 0,0
720 | 9.084272596985102 | 106.7450942993164,191.5596466064453,0.29425790905952454 | -8.270807484223042e-06,1.351248926084736e-07,-0.00013927617692388594 | 90.6 | -4.505739707383327e-05,-0.0025363608729094267,-1.1534130806012399e-07 | 1.960718145710416e-05,-3.26730855704227e-06,-0.05151990428566933 | 0,0
730 | 9.21404629945755 | 106.7450942993164,191.5596466064453,0.2942059636116028 | -5.575746854447061e-06,-2.349155181491369e-08,-0.0020763587672263384 | 90.6 | 1.1642934623523615e-05,-0.0017105735605582595,-7.148825176273021e-08 | 2.7738251446862705e-05,-1.4410891253646696e-06,-0.02739611268043518 | 0,0
740 | 9.335058096796274 | 106.7450942993164,191.5596466064453,0.294209748506546 | -1.454946186640882e-06,-3.077984800370359e-08,0.0005161265726201236 | 90.6 | 1.963159411388915e-05,-0.0004462076467461884,-4.462329883381244e-08 | -8.96653909876477e-06,1.5267352864611894e-05,0.101700559258461 | 0,0
750 | 9.457224298268557 | 106.7450942993164,191.5596466064453,0.29420527815818787 | -2.0110267087147804e-06,-1.8792947287238349e-07,-0.00025380804436281323 | 90.6 | 5.67585120734293e-05,-0.0006166313542053103,-1.4225718381055685e-08 | 1.0882810101975338e-06,-1.6011927073122934e-05,-0.04609034210443497 | 0,0
760 | 9.584739997982979 | 106.7450942993164,191.5596466064453,0.2941688895225525 | -1.4773519296795712e-06,-1.3926056396940112e-07,0.000933619390707463 | 90.6 | 4.489593629841693e-05,-0.00045302798389457166,-1.1997091320381514e-08 | 1.4289990986071643e-06,-1.0079258572659455e-05,0.053224414587020874 | 0,0
770 | 9.711520098149776 | 106.7450942993164,191.5596466064453,0.2941960096359253 | 0.0,0.0,0.0 | 90.6 | 0.0,0.0,0.0 | 7.56012013880536e-05,-9.292093636759091e-06,0.06849043816328049 | 0,0
780 | 9.84006080031395 | 106.7450942993164,191.5596466064453,0.2941562533378601 | -3.8283758385659894e-07,2.2781087238854525e-08,0.0006304915295913815 | 90.6 | -4.572984380502021e-06,-0.00011743525828933343,-9.797509470388377e-09 | 1.9474555301712826e-06,5.596899882220896e-06,-0.01821361854672432 | 0,0
790 | 9.962295398116112 | 106.7450942993164,191.5596466064453,0.29422709345817566 | -3.201170386546437e-07,3.10723322627382e-08,0.0010780040174722672 | 90.6 | -1.1365686987119261e-05,-9.81575358309783e-05,9.576768544850012e-11 | 6.760273663530825e-06,1.0935436023373768e-07,0.027124226093292236 | 0,0
800 | 10.088972199708223 | 106.7450942993164,191.5596466064453,0.29421737790107727 | -1.5585780488436285e-07,4.715045420766728e-08,0.001040602452121675 | 90.6 | -1.7235983250429854e-05,-4.780960807693191e-05,3.8514276212708864e-09 | 8.283867828140501e-06,-3.252339695336559e-07,0.054979678243398666 | 0,0
810 | 10.219554599374533 | 106.7450942993164,191.5596466064453,0.2942318916320801 | -4.631661809639809e-08,1.8351285291373642e-07,0.0014516775263473392 | 90.6 | -5.044691715738736e-05,-1.4259767340263352e-05,-2.845996505129733e-08 | -7.258796017595159e-07,1.7569365809322335e-05,0.21533222496509552 | 0,0
820 | 10.347346898168325 | 106.7450942993164,191.5596466064453,0.29424217343330383 | -6.662415330538352e-08,3.176421259354356e-08,0.0015302443644031882 | 90.6 | -1.0803969416883774e-05,-2.042315281869378e-05,2.8387958650455403e-09 | 4.231134880683385e-06,-1.6053046465458465e-06,0.08261973410844803 | 0,0
830 | 10.469573300331831 | 106.7450942993164,191.5596466064453,0.29426950216293335 | -6.467744384508478e-08,-1.0917801773757674e-08,0.0006596837774850428 | 90.6 | 7.389638994936831e-06,-1.989026350202039e-05,-5.382198242642744e-09 | 2.321605052202358e-06,6.806092642364092e-06,-0.03461914509534836 | 0,0
840 | 10.590125098824501 | 106.7450942993164,191.5596466064453,0.2942532002925873 | -4.76972630281125e-08,7.41670973525288e-08,-0.00015020527644082904 | 90.6 | -1.8675778846954927e-05,-1.4656715393357445e-05,-1.5798459429561262e-08 | -2.680086709005991e-06,1.246103875018889e-05,0.05834438279271126 | 0,0
850 | 10.711952198296785 | 106.7450942993164,191.5596466064453,0.2942137122154236 | 1.2678021299450393e-08,-4.88177942514767e-09,0.0005604468751698732 | 90.6 | 2.5454341994191054e-06,3.873469722748268e-06,5.173732553487298e-10 | -1.8560156433977681e-07,-8.221625762416807e-07,0.10634639859199524 | 0,0
860 | 10.836293399333954 | 106.7450942993164,191.5596466064453,0.2942151427268982 | 2.7518714418306445e-08,6.607164237948382e-08,0.0010989730944857001 | 90.6 | -1.5553319826722145e-05,8.375365723622963e-06,-1.0641923786636198e-08 | 2.6877546588366386e-06,1.290299951506313e-05,0.00783900823444128 | 0,0
870 | 10.959923800081015 | 106.7450942993164,191.5596466064453,0.29422658681869507 | 0.0,0.0,0.0 | 90.6 | 0.0,0.0,0.0 | 1.4406210766537697e-06,6.365832632582169e-06,-0.06379114091396332 | 0,0
880 | 11.085775699466467 | 106.7450942993164,191.5596466064453,0.2941799759864807 | -4.723926139149626e-08,-1.4797001313127112e-07,0.0005292346468195319 | 90.6 | 5.3079045756021515e-05,-1.4574714441550896e-05,-1.835811280770372e-09 | -1.2030808704821538e-07,2.994594296978903e-06,-0.0064824428409338 | 0,0
890 | 11.212855797261 | 106.7450942993164,191.5596466064453,0.2941855490207672 | -2.6615502690674475e-08,-2.3491487866067473e-07,0.0007929701241664588 | 90.6 | 7.412991544697434e-05,-8.1885536928894e-06,1.6377866174366318e-08 | -2.033291366387857e-07,-1.2909716133435722e-05,0.20955674350261688 | 0,0
900 | 11.338855899870396 | 106.7450942993164,191.5596466064453,0.29420873522758484 | 6.292229848270381e-09,1.0349103263251891e-07,0.0016954847378656268 | 90.6 | -3.765484143514186e-05,2.0004679299745476e-06,6.740087932222139e-10 | -3.606681531209688e-08,-2.3188715658761794e-06,0.01702592521905899 | 0,0
910 | 11.45943309739232 | 106.7450942993164,191.5596466064453,0.2942841351032257 | -1.740614541390073e-09,-5.98536473717104e-08,0.0010088247945532203 | 90.6 | 2.0132392819505185e-05,-5.554962854148471e-07,3.603743137237103e-10 | 3.004604920420206e-08,1.0256158020638395e-06,-0.008659476414322853 | 0,0
920 | 11.578558098524809 | 106.7450942993164,191.5596466064453,0.2942976951599121 | -4.020910271407274e-09,-1.3975700596802199e-07,-4.146080755162984e-05 | 90.6 | 5.263737330096774e-05,-1.350364982499741e-06,-2.325821479853829e-10 | -3.729704189936456e-08,2.2776919195166556e-07,-0.06412869691848755 | 0,0
930 | 11.701962199062109 | 106.7450942993164,191.5596466064453,0.2942444682121277 | 2.264648690797344e-09,2.0733376970838435e-07,0.0001907783589558676 | 90.6 | -6.57739510643296e-05,7.238293733280443e-07,-1.7732443069462533e-08 | 2.4289116140607803e-07,1.95756529137725e-05,0.26378995180130005 | 0,0
940 | 11.829620398581028 | 106.7450942993164,191.5596466064453,0.2941838800907135 | 2.022607636931184e-10,-1.221142387208829e-08,-0.0016063321381807327 | 90.6 | 4.3075337998743635e-06,5.532709934641389e-08,2.308873786605048e-10 | -1.2815617012051916e-08,-1.9437136700162227e-07,-0.1654050201177597 | 0,0
950 | 11.94889359921217 | 106.7450942993164,191.5596466064453,0.2942420244216919 | 4.3119618986509067e-10,1.506827218555884e-09,9.624275844544172e-05 | 90.6 | -3.283340674897772e-07,1.3081023553240811e-07,-2.2175825065140486e-10 | -1.728362164499231e-08,1.9632908276889793e-07,-0.05788108706474304 | 0,0
960 | 12.070395298302174 | 106.7450942993164,191.5596466064453,0.29424765706062317 | -3.37136363270929e-08,-1.3090499351164908e-07,0.0009080800809897482 | 90.6 | 3.958959860028699e-05,-1.0327701602363959e-05,1.0241157255563849e-08 | -2.8971942356292857e-06,-1.2455052456061821e-05,0.04117923602461815 | 0,0
970 | 12.189463198184967 | 106.7450942993164,191.5596466064453,0.2942742109298706 | 9.705206638344066e-10,2.4680684163058686e-08,9.792122000362724e-05 | 90.6 | -9.561964361637365e-06,3.215242827536713e-07,1.6151861792490507e-10 | -1.3970669066054597e-09,-1.3755152394878678e-07,-0.06343434005975723 | 0,0
980 | 12.314521998167038 | 106.7450942993164,191.5596466064453,0.29433006048202515 | -8.766032899565346e-10,1.2605815946642451e-08,0.0007105271215550601 | 90.6 | -4.383899977256078e-06,-2.6294574695384654e-07,8.054975436655454e-11 | 5.090086574455199e-08,-1.99999377059612e-08,-0.019432909786701202 | 0,0
990 | 12.435191098600626 | 106.7450942993164,191.5596466064453,0.2943258583545685 | 2.590590242323998e-10,3.5820988841805956e-08,8.835683547658846e-05 | 90.6 | -1.311378218815662e-05,1.0492964008790295e-07,8.280975904995103e-11 | 1.967544172032376e-08,-4.18633518961542e-08,0.006265909876674414 | 0,0
1000 | 12.556450597941875 | 106.7450942993164,191.5596466064453,0.29432663321495056 | -2.9074007645846223e-09,-1.6673769209774036e-07,0.00035631831269711256 | 90.6 | 4.8743124352768064e-05,-8.676889819980715e-07,1.8110833721607378e-08 | -2.059142332200281e-07,-1.680069362919312e-05,-0.07024448364973068 | 0,0
1010 | 12.679575398564339 | 106.7450942993164,191.5596466064453,0.29426389932632446 | -3.84713344514509e-10,-8.964444297987484e-09,0.00024849767214618623 | 90.6 | 3.1927600048220484e-06,-1.2330097831636522e-07,2.216695160761617e-10 | -1.1334715388500172e-08,-2.1680911288513016e-07,0.24831102788448334 | 0,0
1020 | 12.804299097508192 | 106.7450942993164,191.5596466064453,0.29423171281814575 | -1.895631429604805e-09,-4.0239715559664546e-08,-0.00036485775490291417 | 90.6 | 1.5258203347912058e-05,-6.161932901704859e-07,1.3328727010986086e-10 | -3.3846038860474437e-08,-1.4563987349447416e-07,-0.09248463809490204 | 0,0
1030 | 12.92425299808383 | 106.7450942993164,191.5596466064453,0.29428330063819885 | -7.531289480944281e-10,-2.1123904403452798e-08,0.0006280650268308818 | 90.6 | 2.147213126590941e-05,-4.062099208113068e-07,-1.8197710005551926e-08 | 2.670341814337007e-07,1.855625305324793e-05,0.01017374824732542 | 0,0
1040 | 13.043769996613264 | 106.7450942993164,191.5596466064453,0.294298380613327 | 0.0,0.0,0.0 | 90.6 | 0.0,0.0,0.0 | 1.3882269911391631e-07,5.700501333194552e-06,-0.05696452409029007 | 0,0
1050 | 13.165333598852158 | 106.7450942993164,191.5596466064453,0.2943214476108551 | 1.5499277417063695e-09,1.9219831060013348e-08,-5.489636168931611e-05 | 90.6 | -6.976551048865076e-06,4.882738267042441e-07,-3.0666330586015533e-10 | 1.2866605558770061e-08,3.2232892976935545e-07,0.011178342625498772 | 0,0
1060 | 13.29164969921112 | 106.7450942993164,191.5596466064453,0.2942690849304199 | 3.55410811891943e-10,3.566607276184186e-08,-0.0006616312311962247 | 90.6 | -1.3246576600067783e-05,1.3664080711350834e-07,3.195512465747896e-10 | 1.6401241254015986e-08,-2.9375624421845714e-07,-0.10325014591217041 | 0,0
1070 | 13.414104897528887 | 106.7450942993164,191.5596466064453,0.29428038001060486 | 9.62968371709394e-10,7.429480319842696e-08,-0.0004988614819012582 | 90.6 | -1.4875292436045129e-05,2.0144776158304012e-07,-1.7053224610208417e-08 | 2.6871580871556944e-07,1.8867147446144372e-05,-0.05976923182606697 | 0,0
1080 | 13.535042099654675 | 106.7450942993164,191.5596466064453,0.2942996919155121 | 4.5390666225664233e-10,2.485485817160793e-09,0.0008792912703938782 | 90.6 | -9.482623113399313e-07,1.4138110771000356e-07,1.1312561130905063e-11 | 9.182587135114773e-09,3.1506430797634266e-09,0.19080998003482819 | 0,0
1090 | 13.655885897576809 | 106.7450942993164,191.5596466064453,0.2943008244037628 | -4.4250636488385453e-10,9.602421968679664e-09,0.0001964049879461527 | 90.6 | -3.2566586014581844e-06,-1.318806681638307e-07,4.884020965434388e-11 | -1.0796028071524688e-08,-4.77816257671293e-08,0.016458725556731224 | 0,0
1100 | 13.782682299613953 | 106.7450942993164,191.5596466064453,0.2942337095737457 | -1.958688544689835e-09,-1.826659854486934e-07,0.000266137532889843 | 90.6 | 5.4915206419536844e-05,-5.890458965041034e-07,1.635848612124846e-08 | -2.766721252100979e-07,-1.739763501973357e-05,0.068003810942173 | 0,0
1110 | 13.90807829797268 | 106.7450942993164,191.5596466064453,0.29426634311676025 | -1.6461313423477009e-09,-1.0118891280441744e-09,0.0007667364552617073 | 90.6 | 3.0387548122234875e-07,-5.039503321313532e-07,2.067020686558063e-11 | -6.460040680167367e-08,-9.524002564376133e-08,0.009980570524930954 | 0,0
1120 | 14.031665999442339 | 106.7450942993164,191.5596466064453,0.2942952513694763 | -5.924063017914705e-09,1.9429535313975066e-08,0.00044132641050964594 | 90.6 | 3.5288851449877257e-06,-1.9268757114332402e-06,-1.8545046387430375e-08 | 2.3643879387691413e-07,2.1118554286658764e-05,-0.0126448143273592 | 0,0
1130 | 14.153452299535275 | 106.7450942993164,191.5596466064453,0.29430776834487915 | 2.2673873445455683e-08,1.131995901459959e-07,0.0005972549552097917 | 90.6 | -4.318644278100692e-05,7.053971330606146e-06,9.77109393396347e-10 | -4.474532744325188e-08,-6.344133112179406e-07,-0.021648159250617027 | 0,0
1140 | 14.279902797192335 | 106.7450942993164,191.5596466064453,0.29426109790802 | -2.2333816573905096e-08,-3.018982042135576e-08,0.00027986933127976954 | 90.6 | 1.2638863154279534e-05,-6.888762982271146e-06,2.0532069100465122e-10 | -8.881661273107966e-08,-1.5508989008594654e-06,0.026172025129199028 | 0,0
1150 | 14.40139689669013 | 106.7450942993164,191.5596466064453,0.2943173050880432 | 2.876693194764357e-08,1.316785613880711e-07,0.00010247895261272788 | 90.6 | -4.093734241905622e-05,8.805779543763492e-06,-9.715471982474355e-09 | 2.7406690605857875e-06,1.3391149877861608e-05,-0.08589176088571548 | 0,0
1160 | 14.52387659996748 | 106.7450942993164,191.5596466064453,0.2943096160888672 | -1.6124852564303183e-08,-6.14319759506543e-08,0.000910236150957644 | 90.6 | 1.5695864931331016e-05,-4.909014023724012e-06,1.1999433446874264e-08 | -2.789043264783686e-06,-1.4917321095708758e-05,0.10185178369283676 | 0,0
1170 | 14.643952399492264 | 106.7450942993164,191.5596466064453,0.29430335760116577 | -2.0320900517845075e-08,1.5921036933264077e-08,0.0003123967326246202 | 90.6 | -9.957711881725118e-06,-6.1581631598528475e-06,2.8897246817649602e-09 | -2.7198616407986265e-06,-4.985432042303728e-06,0.03453025594353676 | 0,0
1180 | 14.770641800016165 | 106.7450942993164,191.5596466064453,0.29423943161964417 | -2.996519476994308e-09,1.0697959879069074e-10,0.0003997593012172729 | 90.6 | 2.582583569221697e-08,-9.189160437017563e-07,3.2498562174687606e-10 | -6.339298863622389e-08,-3.7399306052066095e-07,0.02841920591890812 | 0,0
1190 | 14.89376299828291 | 106.7450942993164,191.5596466064453,0.294271320104599 | -3.650157953671851e-09,2.0734637118380306e-08,0.0009372860076837242 | 90.6 | -7.779885891068261e-06,-1.1023250863217982e-06,-1.007956079712713e-10 | 5.6711233042960885e-08,5.48105170139479e-08,0.09439254552125931 | 0,0
1200 | 15.015994898974895 | 106.7450942993164,191.5596466064453,0.2942701578140259 | 2.9326050920985836e-08,-2.733429660395359e-08,-0.0006134398863650858 | 90.6 | 5.986854830553057e-06,8.982266081147827e-06,6.9638113053827055e-09 | 2.769321781670442e-06,-5.424401024356484e-06,-0.09509262442588806 | 0,0
1210 | 15.142371896654367 | 106.7450942993164,191.5596466064453,0.2942446172237396 | 0.0,0.0,0.0 | 90.6 | 0.0,0.0,0.0 | 1.6302178096339048e-07,-3.5479558846418513e-06,0.0001494863536208868 | 0,0
1220 | 15.267002899199724 | 106.7450942993164,191.5596466064453,0.2942344546318054 | 1.5296121314012368e-10,2.1642286185397097e-08,0.0010084878886118531 | 90.6 | -8.03980674390914e-06,6.386677142700137e-08,-1.9849336063693102e-10 | -7.995219597489722e-09,1.721942624044459e-07,-0.04551319405436516 | 0,0
1230 | 15.390741299837828 | 106.7450942993164,191.5596466064453,0.29426130652427673 | 1.9084194224916473e-09,4.5351896460488206e-08,0.00041024075471796095 | 90.6 | -1.5237618754326832e-05,6.013448228259222e-07,6.435375149438372e-11 | 1.5600166491935852e-08,-1.730850271997042e-06,-0.06763707846403122 | 0,0
1240 | 15.51294519752264 | 106.7450942993164,191.5596466064453,0.29426100850105286 | 1.5012199261477122e-09,7.423930270533674e-08,0.00034105978556908667 | 90.6 | -1.4370271856023464e-05,3.6159937621960125e-07,-1.75378325195652e-08 | 2.468911475261848e-07,1.9129240172333084e-05,0.05670199170708656 | 0,0
1250 | 15.644354898482561 | 106.7450942993164,191.5596466064453,0.29439932107925415 | -3.781944757363931e-10,1.4955899629853775e-08,0.00220047147013247 | 90.6 | -5.3499220484809484e-06,-1.0662244420700517e-07,-2.733288040346338e-10 | -6.624328641180455e-09,2.557644620537758e-07,-0.08749604225158691 | 0,0
1260 | 15.770835999399424 | 106.7450942993164,191.5596466064453,0.294433057308197 | 1.034446084346996e-09,6.277081610051027e-08,-0.0003786847519222647 | 90.6 | -1.095004608941963e-05,2.1812267902987514e-07,-1.6974716743334284e-08 | 2.1790599191717774e-07,1.829549546528142e-05,-0.07904140651226044 | 0,0
1270 | 15.898154698312283 | 106.7450942993164,191.5596466064453,0.294362872838974 | 5.014609283371385e-10,4.366471273442585e-08,-0.000602864136453718 | 90.6 | -1.6808051441330463e-05,1.9470880374683475e-07,2.6280350118312867e-10 | 2.7380307798807735e-08,-3.126191074898088e-07,-0.08446505665779114 | 0,0
1280 | 16.02304919809103 | 106.7450942993164,191.5596466064453,0.2943437993526459 | 6.7135345893643e-11,7.283090130982828e-09,0.0003912362444680184 | 90.6 | -2.5675487904663896e-06,2.487085382085752e-08,-2.0520145305180648e-10 | -2.752035754838289e-08,1.6872935759693064e-07,-0.03287167102098465 | 0,0
1290 | 16.146078497171402 | 106.7450942993164,191.5596466064453,0.2943164110183716 | -2.91552271214357e-09,-1.896626002917401e-07,0.0006423676386475563 | 90.6 | 5.7500164984958246e-05,-8.903093657863792e-07,1.7754560488469906e-08 | -2.6525302132540673e-07,-1.84041364263976e-05,0.04784819111227989 | 0,0
1300 | 16.274822298437357 | 106.7450942993164,191.5596466064453,0.2942589521408081 | -2.571074741997137e-10,3.243596324864484e-08,0.0008775904425419867 | 90.6 | -1.0406874935142696e-05,-7.29929467979673e-08,1.8465663720323988e-10 | -1.2337556754005163e-08,-1.8308008975509438e-06,-0.04153194651007652 | 0,0
1310 | 16.401672396808863 | 106.7450942993164,191.5596466064453,0.2942471206188202 | 0.0,0.0,0.0 | 90.6 | 0.0,0.0,0.0 | -3.483202704046562e-08,-2.9796453873132123e-06,0.06074538826942444 | 0,0
1320 | 16.525705698877573 | 106.7450942993164,191.5596466064453,0.2942434549331665 | -2.710324853438806e-09,-2.742538356415025e-07,0.0001714781392365694 | 90.6 | 7.483406807295978e-05,-7.23974494576396e-07,3.409876470072959e-08 | -5.064847528046812e-07,-3.6015131627209485e-05,-0.007318501360714436 | 0,0
1330 | 16.649811897426844 | 106.7450942993164,191.5596466064453,0.29424530267715454 | -2.091822937089205e-09,-2.743670108884544e-07,-0.000416626367950812 | 90.6 | 8.713636634638533e-05,-6.796213369852921e-07,1.5721742130381244e-08 | -2.199042796746653e-07,-1.5792973499628715e-05,-0.0412672683596611 | 0,0
1340 | 16.779396299272776 | 106.7450942993164,191.5596466064453,0.294206827878952 | 5.189548346606898e-09,1.2499123158704606e-07,0.0019325145985931158 | 90.6 | -2.202858195232693e-05,1.4074308865019702e-06,-3.749414290155073e-08 | 4.94017342589359e-07,3.5365665098652244e-05,0.15554749965667725 | 0,0
1350 | 16.90332319959998 | 106.7450942993164,191.5596466064453,0.2942458391189575 | 1.974935666393396e-11,-1.5919582097012608e-08,0.001231939415447414 | 90.6 | 6.064592980692396e-06,-8.176129995263182e-09,3.540635493126665e-11 | 8.245830684927569e-09,-5.115667001120983e-09,0.1041998639702797 | 0,0
1360 | 17.030787099152803 | 106.7450942993164,191.5596466064453,0.2941891551017761 | 7.594725404125313e-10,8.659965189394825e-09,-0.0011634280672296882 | 90.6 | -3.0236467409849865e-06,2.3712280494692095e-07,-2.0316368032347043e-10 | 1.3494329209606803e-08,2.4755641447882226e-07,-0.09349202364683151 | 0,0
1370 | 17.153381496667862 | 106.7450942993164,191.5596466064453,0.29425346851348877 | 4.717206070203872e-10,2.9003688339912514e-08,0.0013625118881464005 | 90.6 | -1.077733759302646e-05,1.6731726759644516e-07,-2.481695127176664e-10 | 2.395798226473289e-09,2.2230096874409355e-07,0.18590210378170013 | 0,0
1380 | 17.286511097103357 | 106.7450942993164,191.5596466064453,0.2942574918270111 | 3.1221553120630574e-10,1.1520618237170765e-08,0.0002359450882067904 | 90.6 | -4.1498160499031655e-06,1.0326223787160416e-07,-1.806949867511065e-10 | 1.8929049439009304e-09,1.9934674355681636e-07,-0.14892229437828064 | 0,0
1390 | 17.413862500339746 | 106.7450942993164,191.5596466064453,0.2943376898765564 | 2.175011004634797e-10,3.770461276531023e-08,0.0006141102057881653 | 90.6 | -1.0404384738649242e-05,7.978334792824171e-08,-6.93361679182658e-09 | -2.63388619714533e-06,6.096480319683906e-06,-0.03284020721912384 | 0,0
1400 | 17.537972398102283 | 106.7450942993164,191.5596466064453,0.29433563351631165 | 9.904902453783393e-10,4.198993153181618e-08,0.0006537334411405027 | 90.6 | -1.38001014420297e-05,3.1512479381490266e-07,7.431222304177254e-10 | -6.700593502273477e-08,-2.428344942018157e-06,0.0335281640291214 | 0,0
1410 | 17.66268079727888 | 106.7450942993164,191.5596466064453,0.2942991554737091 | 5.126192248461336e-10,2.666216358804263e-09,-0.0008821407682262361 | 90.6 | -8.244784908129077e-07,1.566831855370765e-07,-1.709418162576526e-10 | 4.227439376336406e-08,2.1987602849549148e-07,-0.07274788618087769 | 0,0
1420 | 17.79121169820428 | 106.7450942993164,191.5596466064453,0.2942439317703247 | 1.9246946258988373e-09,8.98812224647827e-09,0.0013275030069053173 | 90.6 | -2.9759360131720314e-06,5.926561357227911e-07,1.9757900870942535e-10 | 1.5901909122817415e-08,-1.0756547652590598e-07,0.0032802182249724865 | 0,0
1430 | 17.91571379825473 | 106.7450942993164,191.5596466064453,0.29426056146621704 | -6.942465491377448e-10,-1.800516287175924e-07,-0.0003285182174295187 | 90.6 | 5.381390292313881e-05,-1.9775441728597798e-07,1.5991325597042305e-08 | -1.9897470338037238e-07,-1.6625823263893835e-05,-0.10380059480667114 | 0,0
1440 | 18.040313698351383 | 106.7450942993164,191.5596466064453,0.29425886273384094 | 7.322825679167977e-10,3.5758528582618965e-08,0.0002875454374589026 | 90.6 | -1.3881244740332477e-05,2.598431194655859e-07,2.553743883026982e-10 | -2.1006687944691294e-08,-2.446778921694204e-07,0.039621539413928986 | 0,0
1450 | 18.164263397455215 | 106.7450942993164,191.5596466064453,0.29429543018341064 | 1.3114220646925911e-11,1.665648063919889e-08,0.0001438155013602227 | 90.6 | -6.0422453316277824e-06,1.5158391875047528e-08,-2.643681384917329e-10 | 2.1676788364288768e-08,2.586059792974993e-07,-0.09488475322723389 | 0,0
1460 | 18.29165180027485 | 106.7450942993164,191.5596466064453,0.2942744493484497 | 2.966498824363839e-09,4.6031939149315804e-08,0.0006369207403622568 | 90.6 | -1.363264073006576e-05,9.256396538148692e-07,-7.04969194131877e-09 | -2.519085228414042e-06,5.918502665736014e-06,-0.06376033276319504 | 0,0
1470 | 18.418756898492575 | 106.7450942993164,191.5596466064453,0.2942611575126648 | 2.1704309460801596e-09,3.463585684926329e-08,0.0004746335616800934 | 90.6 | -1.3168326404411346e-05,6.964971248635266e-07,4.3372042068945404e-11 | -2.8831333764856026e-08,-6.285711151576834e-08,-0.0205740574747324 | 0,0
1480 | 18.54380139708519 | 106.7450942993164,191.5596466064453,0.29422295093536377 | 2.741535887196278e-09,1.9425891650826088e-07,0.0006106225191615522 | 90.6 | -5.9524551033973694e-05,8.437931455773651e-07,-1.665952531482162e-08 | 2.0663433986101154e-07,1.5910873116808943e-05,0.12507964670658112 | 0,0
1490 | 18.66710589826107 | 106.7450942993164,191.5596466064453,0.2942256033420563 | -2.607480009686469e-09,-3.739954834713899e-08,0.0009336710791103542 | 90.6 | 2.6382962460047565e-05,-9.74717409008008e-07,-1.770597535255547e-08 | 2.1961723462027294e-07,1.938149580382742e-05,0.008562440052628517 | 0,0
1500 | 18.793757997453213 | 106.7450942993164,191.5596466064453,0.29423362016677856 | -4.3119507964206605e-09,-9.851068938360186e-08,0.0011733312858268619 | 90.6 | 3.5501099773682654e-05,-1.386154281135532e-06,3.4161223849693556e-10 | 3.239417267764111e-08,1.3063489632259007e-06,-0.011073828674852848 | 0,0
1510 | 18.917882297188044 | 106.7450942993164,191.5596466064453,0.2942487299442291 | 3.0537325557133954e-08,-7.909874000233685e-08,-0.0001766360946930945 | 90.6 | 1.687264011707157e-05,9.451664482185151e-06,1.6799523550048434e-08 | -2.4762940142863954e-07,-1.9843544578179717e-05,-0.17945674061775208 | 0,0
1520 | 19.041311599314213 | 106.7450942993164,191.5596466064453,0.29426926374435425 | -4.4690931844115767e-08,-1.8199401097263035e-07,-0.0005702435155399144 | 90.6 | 5.081140989204869e-05,-1.356585471512517e-05,2.0233786202084048e-08 | -5.787019290437456e-06,-2.8604179533431306e-05,-0.037179358303546906 | 0,0
1530 | 19.167527597397566 | 106.7450942993164,191.5596466064453,0.29424765706062317 | 1.587701881078374e-08,1.0637382530376271e-07,-0.00016906506789382547 | 90.6 | -3.136119630653411e-05,4.8178872020798735e-06,-9.784701937576301e-09 | 2.840655724867247e-06,1.378781053062994e-05,-0.08247089385986328 | 0,0
1540 | 19.30215059965849 | 106.7450942993164,191.5596466064453,0.29416999220848083 | 9.622389107732943e-09,6.74010465218089e-08,-0.000442187039880082 | 90.6 | -2.4849327019182965e-05,3.001990080520045e-06,7.134556279098092e-10 | -3.675652848755817e-08,-2.0493512238317635e-06,-0.23712441325187683 | 0,0
1550 | 19.430801697075367 | 106.7450942993164,191.5596466064453,0.2941369414329529 | -1.6227929000578456e-09,6.277102837515258e-09,0.00014419647050090134 | 90.6 | -2.1507626115635503e-06,-4.948076366417808e-07,-2.2464162474644667e-10 | 1.6138653746722298e-09,1.699951326372684e-07,-0.04359467327594757 | 0,0
1560 | 19.55762119963765 | 106.7450942993164,191.5596466064453,0.2941667139530182 | -2.591305614529915e-09,1.702600194164461e-08,0.0013684274163097143 | 90.6 | -6.545717042172328e-06,-7.785336038068635e-07,-1.190969198261449e-11 | -9.016723367949453e-09,-2.8812269903255583e-08,0.02494225464761257 | 0,0
1570 | 19.686288099735975 | 106.7450942993164,191.5596466064453,0.29416990280151367 | -7.437847560076705e-10,2.511816887817986e-08,0.000953260634560138 | 90.6 | -8.89031434780918e-06,-2.1289726248596708e-07,-1.210280486940718e-10 | 4.3072297728485864e-08,-4.856916575590731e-07,0.05473017692565918 | 0,0
1580 | 19.81533119827509 | 106.7450942993164,191.5596466064453,0.2942616939544678 | 6.304123889577795e-10,1.6041358463780853e-08,0.001148625393398106 | 90.6 | -5.892937679163879e-06,2.049851275387482e-07,-1.4621738542164309e-10 | 1.1001932698206929e-08,1.3234645734883088e-07,-0.0379938967525959 | 0,0
1590 | 19.940712098032236 | 106.7450942993164,191.5596466064453,0.2943129539489746 | 5.482773679510444e-10,4.039896595031678e-08,0.0002074177173199132 | 90.6 | -1.4915009160176851e-05,1.9853332844377292e-07,-2.906659114787491e-11 | 9.438819503770901e-09,4.8602750268855743e-08,-0.04764207825064659 | 0,0
1600 | 20.06537599861622 | 106.7450942993164,191.5596466064453,0.2943151891231537 | 1.5204265624291224e-09,5.754484888598199e-08,0.0007584550767205656 | 90.6 | -2.1883000954403542e-05,5.169144401406811e-07,1.3463222203746739e-10 | 3.121678915363191e-08,-8.829601227944295e-08,0.03030429780483246 | 0,0
1610 | 20.194316998124123 | 106.7450942993164,191.5596466064453,0.29424238204956055 | 3.1648941800632713e-10,7.425539738648013e-09,0.0007569646113552153 | 90.6 | -2.609217062854441e-06,1.0116407622717816e-07,-2.0770823949689543e-10 | -7.48481454593275e-09,1.8659838474377466e-07,0.026495028287172318 | 0,0
1620 | 20.322948597371578 | 106.7450942993164,191.5596466064453,0.29423195123672485 | -3.44399992968647e-08,-1.2781467262357182e-07,-1.638204230403062e-05 | 90.6 | 3.817357719526626e-05,-1.0510519132367335e-05,9.108679144276266e-09 | -2.6940981570078293e-06,-1.1744510629796423e-05,-0.0687248706817627 | 0,0
1630 | 20.450674198567867 | 106.7450942993164,191.5596466064453,0.294248104095459 | 1.0463663269177914e-10,3.4499688439382226e-08,0.0006807933677919209 | 90.6 | -1.2908597454952542e-05,6.003882191407683e-08,-2.2723446735373187e-10 | 1.8448528038561562e-08,1.9871386314207484e-07,-0.012323431670665741 | 0,0
1640 | 20.576931700110435 | 106.7450942993164,191.5596466064453,0.2942321002483368 | 0.0,0.0,0.0 | 90.6 | 0.0,0.0,0.0 | 2.7735538878914667e-06,8.228247679653578e-06,-0.026410382241010666 | 0,0
1650 | 20.704499199986458 | 106.7450942993164,191.5596466064453,0.29419371485710144 | 3.237147794266093e-08,-4.0455134353578615e-08,-0.00016428742674179375 | 90.6 | 1.0956495316349901e-05,9.901013982016593e-06,6.975032995626407e-09 | 2.6740347038867185e-06,-5.320338004821679e-06,0.032994594424963 | 0,0
1660 | 20.832766696810722 | 106.7450942993164,191.5596466064453,0.294189989566803 | -3.365122624998662e-10,3.2569758445788466e-08,-0.001274819951504469 | 90.6 | -1.2084305126336403e-05,-7.782085020835439e-08,-3.0211963486515003e-10 | 1.478116740116775e-08,3.449131895649771e-07,-0.25078415870666504 | 0,0
1670 | 20.957643799483776 | 106.7450942993164,191.5596466064453,0.29423484206199646 | 3.62260256514535e-11,7.343898289491335e-08,0.0010777533752843738 | 90.6 | -1.5351863112300634e-05,-7.128763002128835e-08,-1.842392727269271e-08 | 2.6748907089313434e-07,2.0279272575862706e-05,0.027295216917991638 | 0,0
1680 | 21.082111097872257 | 106.7450942993164,191.5596466064453,0.29426008462905884 | 1.049151876486576e-09,9.348116947194285e-09,0.000627329049166292 | 90.6 | -3.2558002658333862e-06,3.263303085532243e-07,-2.711199598159908e-10 | 1.926848547384452e-08,2.4230178041761974e-07,0.048355355858802795 | 0,0
1690 | 21.212259899824858 | 106.7450942993164,191.5596466064453,0.29422467947006226 | 1.0462722910276057e-09,1.6444483108557506e-08,-0.00030162735492922366 | 90.6 | -6.143767222965835e-06,3.3544392863404937e-07,-2.8996841820033703e-12 | -6.697999310745217e-08,-2.523231579232288e-08,-0.037488117814064026 | 0,0
1700 | 21.338064298033714 | 106.7450942993164,191.5596466064453,0.294240266084671 | -1.1113415743224664e-09,2.26352003807051e-08,5.9244321164442226e-05 | 90.6 | -8.184851139958482e-06,-3.250441977797891e-07,9.553603047551817e-11 | -4.9180773231682906e-08,-1.3861473746601405e-07,-0.05434145778417587 | 0,0
1710 | 21.46477199718356 | 106.7450942993164,191.5596466064453,0.2941876947879791 | 5.212422160560948e-10,1.0725124788280027e-08,-9.34675699681975e-05 | 90.6 | -3.8554571801796556e-06,1.6648073142278008e-07,-1.619766959448654e-10 | 2.0439342662825766e-08,1.5241187156789238e-07,-0.01011313870549202 | 0,0
1720 | 21.588162798434496 | 106.7450942993164,191.5596466064453,0.294209748506546 | 9.556281321820848e-10,2.016568956264564e-08,0.0010475852759554982 | 90.6 | -5.689742465619929e-06,2.871109643365344e-07,4.622665583653429e-10 | -1.3969571277527848e-08,-1.8950084950120072e-06,0.06010998785495758 | 0,0
1730 | 21.713170800358057 | 106.7450942993164,191.5596466064453,0.2942224144935608 | -7.519263545141541e-10,3.331476960966029e-08,0.0013389961095526814 | 90.6 | -1.2596782653417904e-05,-2.0188603855331166e-07,-7.360687753754647e-11 | -3.517624236337724e-08,2.0371051512313443e-09,0.022518593817949295 | 0,0
1740 | 21.839211497455835 | 106.7450942993164,191.5596466064453,0.2942066192626953 | 1.3748591154438827e-10,2.455706971105087e-09,0.00024564683553762734 | 90.6 | -7.61699936902005e-07,4.2244138853675395e-08,-1.9693345565396925e-10 | 1.156257312118214e-08,2.0652510102081578e-07,0.020658913999795914 | 0,0
1750 | 21.96319989860058 | 106.7450942993164,191.5596466064453,0.2942031919956207 | 8.938534912239504e-10,1.9192126998746062e-08,0.000174634566064924 | 90.6 | -7.294251190614887e-06,2.9098549703121535e-07,-9.40152643236214e-12 | 9.518204002745279e-09,2.5049915919339583e-08,-0.04460804536938667 | 0,0
1760 | 22.08623569831252 | 106.7450942993164,191.5596466064453,0.2942217290401459 | 1.7210518565846655e-09,2.9296783665699877e-08,-7.951701991260052e-05 | 90.6 | -1.073658131645061e-05,5.487524958880385e-07,5.815966805378103e-11 | 9.038273240946637e-09,-4.238993156491233e-09,-0.06272880733013153 | 0,0
1770 | 22.21438379958272 | 106.7450942993164,191.5596466064453,0.29422369599342346 | 2.3083137623558514e-09,4.747735005139475e-08,0.0007556395139545202 | 90.6 | -1.752470780047588e-05,7.435380666720448e-07,8.758126168739722e-11 | -8.277584839788688e-09,-3.2483125522730916e-08,0.004785996396094561 | 0,0
1780 | 22.341012597084045 | 106.7450942993164,191.5596466064453,0.294170081615448 | 2.398662601876822e-09,1.662190101114902e-07,-0.0012781207915395498 | 90.6 | -6.081780884414911e-05,8.562248012822238e-07,5.917389911402893e-10 | -1.9741113632676388e-08,-2.5161029952869285e-06,-0.14927750825881958 | 0,0
1790 | 22.4677349999547 | 106.7450942993164,191.5596466064453,0.29418984055519104 | -3.013953975283812e-09,-2.4459683345412486e-07,0.00166355783585459 | 90.6 | 8.873759361449629e-05,-1.089187094294175e-06,-9.863663219533692e-10 | 5.174417339048887e-08,4.233014351484599e-06,0.14977775514125824 | 0,0
1800 | 22.589665099978447 | 106.7450942993164,191.5596466064453,0.29425621032714844 | 1.45609568846794e-09,1.0542519390810412e-07,-0.0004039732739329338 | 90.6 | -3.859322896460071e-05,5.230191959526564e-07,6.498906413021643e-10 | -4.590696534023664e-08,-2.353163154111826e-06,-0.06623953580856323 | 0,0
1810 | 22.72008129954338 | 106.7450942993164,191.5596466064453,0.29414886236190796 | -9.182968968568517e-11,-4.383506180261065e-08,0.0005242861807346344 | 90.6 | 1.5553113144051167e-06,1.1150891765510096e-07,1.767063650959244e-08 | -1.8502214516047388e-07,-1.5009235539764632e-05,-0.0018175475997850299 | 0,0
1820 | 22.849384799599648 | 106.7450942993164,191.5596466064453,0.29412367939949036 | 2.168928592283237e-09,1.4148382376788504e-07,-0.0007858442841097713 | 90.6 | -3.762763299164362e-05,5.957314215265797e-07,-1.4720490604247516e-08 | 1.6755379306232498e-07,1.447110298613552e-05,-0.23251062631607056 | 0,0
1830 | 22.971233498305082 | 106.7450942993164,191.5596466064453,0.29422545433044434 | 1.4331759112806708e-09,1.2483171474286792e-07,0.0012619566405192018 | 90.6 | -3.466511407168582e-05,4.007167433428549e-07,-1.8492237074951845e-08 | 2.828306264746061e-07,2.017581573454663e-05,-0.012121801264584064 | 0,0
1840 | 23.092340297996998 | 106.7450942993164,191.5596466064453,0.29425758123397827 | -1.8897894360492273e-10,3.832617778698477e-09,-6.012192170601338e-05 | 90.6 | -1.1880583770107478e-06,-5.756176335580676e-08,-3.3217162354048924e-10 | -1.5848087286940427e-08,3.214096864212479e-07,-0.005041923839598894 | 0,0
1850 | 23.221861999481916 | 106.7450942993164,191.5596466064453,0.2941746413707733 | -2.4388394082031084e-10,2.8791175665787705e-08,-0.002670241752639413 | 90.6 | -1.0268036930938251e-05,-5.566367278220241e-08,-3.294052530744551e-10 | -2.178430058563663e-08,-4.2594015781105554e-07,-0.2574707865715027 | 0,0
1860 | 23.34616729989648 | 106.7450942993164,191.5596466064453,0.294219970703125 | -3.4316229857722647e-08,-8.200640877475962e-08,0.00019651814363896847 | 90.6 | 3.3558848372194916e-05,-1.0589200428512413e-05,-7.978880667280919e-09 | -2.614454160720925e-06,7.681765055167489e-06,-0.04801126942038536 | 0,0
1870 | 23.47204139828682 | 106.7450942993164,191.5596466064453,0.2942356765270233 | -2.4980839619104245e-09,-1.54413299924272e-07,0.0015380150871351361 | 90.6 | 4.433690264704637e-05,-7.349561883529532e-07,1.8040200444602306e-08 | -2.1505475444882904e-07,-1.7560681953909807e-05,0.1632678210735321 | 0,0
1880 | 23.59520959854126 | 106.7450942993164,191.5596466064453,0.29427024722099304 | -4.124960373275144e-09,-1.96784398553973e-07,-1.971001984202303e-05 | 90.6 | 6.03323605901096e-05,-1.2670415117099765e-06,1.639663338437458e-08 | -2.1843005981736496e-07,-1.603933924343437e-05,0.025207791477441788 | 0,0
1890 | 23.721230000257492 | 106.7450942993164,191.5596466064453,0.29424843192100525 | -1.6605166131000715e-09,-1.8063890649955283e-07,0.00026903656544163823 | 90.6 | 5.385728582041338e-05,-4.928177190777205e-07,1.6799690527591338e-08 | -2.604176359000121e-07,-1.711179174890276e-05,-0.0013725633034482598 | 0,0
1900 | 23.848097998648882 | 106.7450942993164,191.5596466064453,0.29425299167633057 | 1.725142251274292e-09,4.965367494946804e-08,0.0012257202761247754 | 90.6 | -1.689391501713544e-05,5.491367573995376e-07,3.6232877809183606e-10 | -2.2310008063186615e-08,-1.9040539882553276e-06,0.01871511898934841 | 0,0
1910 | 23.968809496611357 | 106.7450942993164,191.5596466064453,0.29423925280570984 | -6.083297199310778e-10,5.591016982720021e-09,-9.907505045703147e-06 | 90.6 | -1.9002171711690607e-06,-1.843187220629261e-07,-9.537037132245629e-11 | 1.0496666646986341e-08,9.763311226151927e-08,0.05456988140940666 | 0,0
1920 | 24.093338899314404 | 106.7450942993164,191.5596466064453,0.2942124903202057 | -5.541286318688776e-10,2.272494725730212e-08,0.0006159531185403466 | 90.6 | -8.477773917547893e-06,-1.5164214062224346e-07,-1.7250105510679958e-10 | -7.433438309334406e-09,1.1594305959761186e-07,0.04019811376929283 | 0,0
1930 | 24.22497119754553 | 106.7450942993164,191.5596466064453,0.2941530644893646 | -2.8813120778181656e-09,-1.7197722002038063e-07,-0.0009241744410246611 | 90.6 | 5.059109753347002e-05,-8.570078762204503e-07,1.4595959108021361e-08 | -1.7367266025303252e-07,-1.509290814283304e-05,-0.19882850348949432 | 0,0
1940 | 24.349580697715282 | 106.7450942993164,191.5596466064453,0.29421913623809814 | -1.0131286920511684e-09,9.618936758215568e-10,0.0010678349062800407 | 90.6 | -3.4344563459853816e-07,-3.0954598173593695e-07,-7.527924811290276e-11 | -6.48824141080695e-08,4.619809867989488e-09,0.011634291149675846 | 0,0
1950 | 24.475568000227213 | 106.7450942993164,191.5596466064453,0.2942410111427307 | -7.405394630843887e-10,2.5758678745546604e-08,0.00037180131766945124 | 90.6 | -9.505275556875858e-06,-2.078188003906689e-07,-1.258086274047443e-10 | 2.0246233134457725e-08,1.0115810056277041e-07,-0.04573304206132889 | 0,0
1960 | 24.598694998770952 | 106.7450942993164,191.5596466064453,0.29426854848861694 | -2.1643913328261988e-09,-1.7437781707485556e-07,0.00015815714141353965 | 90.6 | 5.158606290933676e-05,-6.438964987864892e-07,1.6924420975783505e-08 | -2.1062528787751944e-07,-1.69591967278393e-05,-0.10617358982563019 | 0,0
1970 | 24.723180897533894 | 106.7450942993164,191.5596466064453,0.29427167773246765 | 8.59369242434127e-10,4.246090057336005e-08,-0.00036890184856019914 | 90.6 | -1.400131168338703e-05,2.761376265425497e-07,2.835289503178018e-10 | -3.117313340794681e-08,-1.9739284198294627e-06,-0.14271672070026398 | 0,0
1980 | 24.846129398792982 | 106.7450942993164,191.5596466064453,0.2943505644798279 | 7.188025730187064e-10,2.1199436872620936e-08,0.0014233413385227323 | 90.6 | -7.756202649034094e-06,2.3551150718503777e-07,-2.752836292252425e-10 | 3.738340126346884e-08,2.5398421144018357e-07,0.10015518218278885 | 0,0
1990 | 24.968166198581457 | 106.7450942993164,191.5596466064453,0.29434889554977417 | -3.1387660470727496e-08,-1.1093789709093471e-07,0.0005501110572367907 | 90.6 | 3.201313302270137e-05,-9.59342378337169e-06,1.0300487573999817e-08 | -2.829719733199454e-06,-1.2376575796224643e-05,0.07615140080451965 | 0,0
2000 | 25.09158329665661 | 106.7450942993164,191.5596466064453,0.29431167244911194 | -1.5801917552238365e-09,-1.6507046041169815e-07,0.0005414235638454556 | 90.6 | 4.871642522630282e-05,-4.660323611460626e-07,1.776145275300678e-08 | -2.4630338657516404e-07,-1.7692436813376844e-05,0.05684344470500946 | 0,0
2010 | 25.21924849972129 | 106.7450942993164,191.5596466064453,0.29427406191825867 | -2.351226546792873e-09,2.8730460233106214e-09,-0.001280174939893186 | 90.6 | 3.775887194024108e-07,-7.332852760555397e-07,-1.8965647108348804e-10 | -1.0748116352488069e-07,-1.637220293559949e-06,-0.15805616974830627 | 0,0
2020 | 25.34174469858408 | 106.7450942993164,191.5596466064453,0.2942870259284973 | 2.265898757514151e-08,1.622663887701492e-07,0.00042294219019822776 | 90.6 | -4.016160164610483e-05,6.818863312219037e-06,-2.8037351995635618e-08 | 2.8490028398664435e-06,3.1396692065754905e-05,-0.03311577066779137 | 0,0
2030 | 25.46505619958043 | 106.7450942993164,191.5596466064453,0.29426947236061096 | 1.2364663959374411e-08,8.82023414305877e-08,0.0001784488558769226 | 90.6 | -2.864326052076649e-05,3.7866068396397168e-06,-2.2889672379733383e-09 | 2.7297824090055656e-06,2.9623602131323423e-06,-0.08444134891033173 | 0,0
2040 | 25.593229599297047 | 106.7450942993164,191.5596466064453,0.2942746579647064 | 0.0,0.0,0.0 | 90.6 | 0.0,0.0,0.0 | -2.7733366891879996e-07,-3.673196715681115e-06,-0.06367549300193787 | 0,0
2050 | 25.724175598472357 | 106.7450942993164,191.5596466064453,0.29428261518478394 | -2.4256963104818396e-09,1.6003552261167897e-08,0.0014886880526319146 | 90.6 | -5.892239641980268e-06,-7.318928396671254e-07,-2.2613580452635063e-10 | 1.4420057370401196e-09,1.4325996744446456e-07,0.029516231268644333 | 0,0
2060 | 25.848018396645784 | 106.7450942993164,191.5596466064453,0.29428595304489136 | -2.11057082921684e-09,3.44444401889632e-08,0.00038118535303510725 | 90.6 | -1.2492369933170266e-05,-6.227718927220849e-07,-9.256129196444363e-11 | -3.0335826295413426e-08,-6.610866307710239e-07,0.01588689535856247 | 0,0
2070 | 25.971337098628283 | 106.7450942993164,191.5596466064453,0.29429006576538086 | -4.176226919838655e-09,-1.6464952068417915e-07,8.758438343647867e-05 | 90.6 | 4.810351674677804e-05,-1.254891571988992e-06,1.6944625258474844e-08 | -2.2662479182145034e-07,-1.747340866131708e-05,-0.08664461225271225 | 0,0
2080 | 26.09164349734783 | 106.7450942993164,191.5596466064453,0.2943269908428192 | -2.7358952436884465e-08,5.639125788547972e-08,0.0007502652006223798 | 90.6 | -2.0899307855870575e-05,-8.344811249116901e-06,-3.6887037868638117e-10 | -2.1903414637591823e-09,-7.105463737389073e-07,0.05806741118431091 | 0,0
2090 | 26.21890340000391 | 106.7450942993164,191.5596466064453,0.29426491260528564 | -1.8165575710327175e-08,7.285829894954077e-08,-0.00013511873839888722 | 90.6 | -2.320376916031819e-05,-5.525326287170174e-06,-6.904188776246656e-09 | -2.263805527036311e-06,4.55836379842367e-06,-0.09868530184030533 | 0,0
2100 | 26.34133379906416 | 106.7450942993164,191.5596466064453,0.2942803204059601 | 1.707154950736367e-08,-2.0320510429883143e-07,0.0007046733517199755 | 90.6 | 5.867915751878172e-05,5.259082172415219e-06,2.485044880984333e-08 | 2.3467080154659925e-06,-2.1880097847315483e-05,-0.016273781657218933 | 0,0
2110 | 26.464717499911785 | 106.7450942993164,191.5596466064453,0.29423925280570984 | -2.690421041506852e-08,2.609847626899864e-07,7.242304855026305e-05 | 90.6 | -7.949712016852573e-05,-8.236247595050372e-06,-2.4196555870048542e-08 | -2.2495676148537314e-06,2.0119603505008854e-05,0.002211963525041938 | 0,0
2120 | 26.58618339896202 | 106.7450942993164,191.5596466064453,0.2942172884941101 | -2.491679396143809e-08,-2.2951866185394465e-07,8.200597676477628e-07 | 90.6 | 6.788164319004864e-05,-7.588026619487209e-06,2.0304499415146893e-08 | -3.009423835464986e-06,-2.4096605557133444e-05,-0.09597450494766235 | 0,0
2130 | 26.708627697080374 | 106.7450942993164,191.5596466064453,0.2942250669002533 | 1.7518305028829673e-08,-1.2408261795826547e-07,0.0005448743468150496 | 90.6 | 3.0932420486351475e-05,5.434746981336502e-06,2.5941188752653943e-08 | 2.3558238808618626e-06,-2.5460238248342648e-05,0.053901392966508865 | 0,0
2140 | 26.83146919682622 | 106.74652862548828,191.55963134765625,0.29416728019714355 | 0.06084495037794113,-0.0005696765147149563,-0.00020677859720308334 | 90.6 | 0.0011327306274324656,-0.29105281829833984,0.008606892079114914 | 3.7908573150634766,-0.03167164698243141,-0.10465354472398758 | 0,0
2150 | 26.955884099006653 | 106.76109313964844,191.5595703125,0.29377254843711853 | 0.2172044962644577,-0.0021531505044549704,-1.2348533346084878e-05 | 90.6 | -0.001700239023193717,-0.6428737044334412,0.010774675756692886 | 8.894490242004395,-0.1034701019525528,-0.06276969611644745 | 0,0
2160 | 27.07952480018139 | 106.83260345458984,191.55873107910156,0.2920084595680237 | 0.8109384775161743,-0.008133155293762684,0.0009497397695668042 | 90.6 | -0.00712246960029006,-1.3038798570632935,0.07621607929468155 | 3.595810651779175,-0.03340354189276695,0.06008963659405708 | 0,0
2170 | 27.206312999129295 | 106.96595764160156,191.55726623535156,0.2906814217567444 | 1.2389318943023682,-0.012092279270291328,0.0013689853949472308 | 90.6 | -0.0027644119691103697,-0.6368658542633057,0.12878838181495667 | 2.742075204849243,-0.027970345690846443,0.20397529006004333 | 0,0
2180 | 27.329303696751595 | 107.14656829833984,191.5553436279297,0.2901766896247864 | 1.6192902326583862,-0.015031448565423489,-0.00010052383004222065 | 90.5 | 0.0035598319955170155,-0.20618663728237152,0.1739613115787506 | 3.0856873989105225,-0.019061537459492683,0.004069746006280184 | 0,0
2190 | 27.45549399778247 | 107.37590789794922,191.55300903320312,0.29003018140792847 | 1.9865713119506836,-0.017938833683729172,-0.0002395799820078537 | 90.5 | -0.002405136125162244,-0.011264974251389503,0.205122709274292 | 2.9624252319335938,-0.047191813588142395,0.12013804912567139 | 0,0
2200 | 27.578878697007895 | 107.64407348632812,191.5503692626953,0.2901160717010498 | 2.3351144790649414,-0.019462503492832184,0.0012310825986787677 | 90.5 | 0.006129698362201452,0.055318571627140045,0.253375768661499 | 2.4905736446380615,0.004373458679765463,-0.02349814772605896 | 0,0
2210 | 27.707723196595907 | 107.97096252441406,191.54736328125,0.2901374101638794 | 2.691699743270874,-0.020411953330039978,-0.0006115761352702975 | 90.4 | 0.007595743518322706,0.07170529663562775,0.30140525102615356 | 2.9392776489257812,0.01746569387614727,-0.0951850563287735 | 0,0
2220 | 27.83889489993453 | 108.35145568847656,191.54421997070312,0.2902890741825104 | 3.009082317352295,-0.020694948732852936,0.0008717490709386766 | 90.4 | -0.0013119748327881098,0.2647421061992645,0.3357437252998352 | 1.0858986377716064,-0.022802554070949554,-0.09463965892791748 | 0,0
2230 | 27.96128999814391 | 108.70098114013672,191.5415802001953,0.29214784502983093 | 2.608042001724243,-0.015080959536135197,-0.00028359630960039794 | 90.3 | 0.008668377995491028,2.352304220199585,0.30616867542266846 | -7.284910678863525,0.10018032789230347,-0.05780855566263199 | 0,0
2240 | 28.083129599690437 | 108.9716567993164,191.53976440429688,0.29547449946403503 | 2.101794958114624,-0.010715450160205364,0.0004889575648121536 | 90.3 | 0.0063166567124426365,1.4747567176818848,0.25124165415763855 | 0.5588590502738953,0.018717654049396515,0.04685788229107857 | 0,0
2250 | 28.208492398262024 | 109.24563598632812,191.53805541992188,0.2955472469329834 | 2.2966909408569336,-0.010729357600212097,0.0015885455068200827 | 90.3 | 0.0019964880775660276,-0.6635748744010925,0.27489474415779114 | 1.8971450328826904,0.029061388224363327,0.391390323638916 | 0,0
2260 | 28.33322899788618 | 109.55254364013672,191.53634643554688,0.2942049205303192 | 2.57605242729187,-0.010667634196579456,0.0007573942421004176 | 90.2 | -0.0073471469804644585,-1.0678656101226807,0.3061869442462921 | 2.4507861137390137,-0.04757562652230263,0.009502592496573925 | 0,0
2270 | 28.46002670004964 | 109.89926147460938,191.5346221923828,0.29279524087905884 | 2.887408494949341,-0.00960580911487341,-0.0036045764572918415 | 90.2 | 0.0033260127529501915,-0.8752256631851196,0.3480601906776428 | 3.0308470726013184,0.03991289436817169,-0.3836597204208374 | 0,0
2280 | 28.581512097269297 | 110.25435638427734,191.53314208984375,0.2927784323692322 | 2.753382921218872,-0.006449733395129442,0.0010720835998654366 | 90.1 | 0.0034252936020493507,0.9749602675437927,0.3434652090072632 | -4.746490001678467,0.05255280062556267,-0.002224522177129984 | 0,0
2290 | 28.705165799707174 | 110.54116821289062,191.5321502685547,0.2953934371471405 | 2.114414691925049,-0.00420719338580966,0.0008154208189807832 | 90.1 | -0.01575371064245701,1.740107536315918,0.2415868490934372 | -1.6035947799682617,-0.03800617530941963,0.10902372002601624 | 0,0
2300 | 28.83218889683485 | 110.81692504882812,191.53134155273438,0.29577407240867615 | 2.267267942428589,-0.003649851307272911,0.0010524375829845667 | 90.1 | -0.00957661122083664,-0.5779802799224854,0.25800883769989014 | 1.7630847692489624,-0.04491537809371948,0.07220771908760071 | 0,0
2310 | 28.953929498791695 | 111.1131591796875,191.5306396484375,0.29450422525405884 | 2.53200364112854,-0.0022005385253578424,0.0012068534269928932 | 90.0 | 0.005364963319152594,-1.0872807502746582,0.299137145280838 | 2.2859838008880615,0.01155046932399273,0.10123780369758606 | 0,0
2320 | 29.081798996776342 | 111.45874786376953,191.5299835205078,0.29297956824302673 | 2.8437623977661133,-0.0005427617579698563,0.001780858263373375 | 90.0 | 0.010881069116294384,-0.9136332869529724,0.33677834272384644 | 2.431853771209717,0.030597679316997528,0.1110973060131073 | 0,0
2330 | 29.207682698965073 | 111.83723449707031,191.52951049804688,0.29197508096694946 | 3.1385300159454346,0.0008049509488046169,-0.0007703622104600072 | 90.0 | 0.008319816552102566,-0.4808005094528198,0.3469005227088928 | 0.819640576839447,0.0539882592856884,-0.06735651940107346 | 0,0
2340 | 29.33003230020404 | 112.22199249267578,191.52923583984375,0.29223018884658813 | 3.1325387954711914,0.002398343291133642,0.0012923215981572866 | 90.0 | 0.0029318039305508137,0.44035661220550537,0.3243410587310791 | -0.046541646122932434,0.04365170747041702,0.04796004295349121 | 0,0
2350 | 29.450124498456717 | 112.59917449951172,191.5292205810547,0.2929268181324005 | 3.1264266967773438,0.0031101612839847803,0.0005673135747201741 | 89.9 | -0.027404122054576874,0.4942193329334259,0.28950434923171997 | -0.05085577443242073,-0.10975553095340729,-0.03601323813199997 | 0,0
2360 | 29.57148589938879 | 112.97698211669922,191.52938842773438,0.2934844195842743 | 3.1202468872070312,0.005273836199194193,0.0005349779385142028 | 89.9 | -0.009556432254612446,0.35387492179870605,0.2907349169254303 | -0.050100889056921005,-0.035437121987342834,0.04747771471738815 | 0,0
2370 | 29.69703909754753 | 113.36429595947266,191.5297393798828,0.2938244938850403 | 3.1139094829559326,0.007465892471373081,-0.0008625439368188381 | 89.9 | 0.008630461059510708,0.2138766199350357,0.2947600185871124 | -0.05101143941283226,0.04041483253240585,-0.12397009134292603 | 0,0
2380 | 29.828569497913122 | 113.81394958496094,191.5304412841797,0.29265886545181274 | 3.627070188522339,0.010569334030151367,0.0017740551847964525 | 89.8 | 0.016250647604465485,-1.0786330699920654,0.33671241998672485 | 3.3826904296875,0.02322956547141075,0.1067480593919754 | 0,0
2390 | 29.95588519796729 | 114.30236053466797,191.53146362304688,0.29139360785484314 | 4.0389204025268555,0.013138431124389172,0.0009614845039322972 | 89.8 | 0.011737137101590633,-0.7435048818588257,0.33081334829330444 | 2.7044479846954346,0.056700561195611954,0.030912963673472404 | 0,0
2400 | 30.082262698560953 | 114.84330749511719,191.53286743164062,0.29068756103515625 | 4.404854774475098,0.015914468094706535,-0.0008221494499593973 | 89.8 | -0.0012844967423006892,-0.3156958222389221,0.31988054513931274 | 2.903782367706299,0.008300106041133404,-0.17466320097446442 | 0,0
2410 | 30.212828498333693 | 115.43260192871094,191.53477478027344,0.290751576423645 | 4.548408508300781,0.0188647098839283,-9.837774996412918e-05 | 89.8 | -0.010416030883789062,0.7704997658729553,0.30154189467430115 | -2.2113454341888428,-0.024802647531032562,0.022720949724316597 | 0,0
2420 | 30.340787298977375 | 115.96632385253906,191.53677368164062,0.29392582178115845 | 3.7801265716552734,0.01717897318303585,0.001531696878373623 | 89.7 | -0.027395473793148994,2.758723258972168,0.210515558719635 | -4.513698577880859,-0.04145323112607002,0.15026099979877472 | 0,0
2430 | 30.465065699070692 | 116.42711639404297,191.53863525390625,0.29576167464256287 | 3.7549405097961426,0.01806364208459854,0.00030496675753965974 | 89.7 | -0.004464303608983755,0.16351613402366638,0.20555254817008972 | 1.119929552078247,-0.01676768623292446,0.02634676732122898 | 0,0
2440 | 30.592004496604204 | 116.91665649414062,191.54075622558594,0.29500946402549744 | 3.9596621990203857,0.020032333210110664,0.0008048909949138761 | 89.7 | 3.43020619766321e-05,-0.8666553497314453,0.19961223006248474 | 1.813913106918335,-0.011841845698654652,0.028797099366784096 | 0,0
2450 | 30.717595297843218 | 117.43580627441406,191.5431671142578,0.29370060563087463 | 4.211026668548584,0.022035395726561546,0.0004915972822345793 | 89.7 | 0.0028835053090006113,-0.873694121837616,0.1845763772726059 | 2.0807769298553467,-0.0003928731894120574,-0.03493761643767357 | 0,0
2460 | 30.844930298626423 | 117.98765563964844,191.54586791992188,0.2927166223526001 | 4.446459770202637,0.02469807118177414,0.0002969088382087648 | 89.7 | 0.00029660330619663,-0.5283961892127991,0.1831546425819397 | 1.7558393478393555,0.011562743224203587,-0.017688116058707237 | 0,0
2470 | 30.97238179668784 | 118.56449890136719,191.54888916015625,0.29224494099617004 | 4.635857105255127,0.026239799335598946,-0.0019567233975976706 | 89.7 | -0.004498746246099472,-0.16690964996814728,0.15432187914848328 | 1.417334794998169,-0.00016199165838770568,-0.2200031578540802 | 0,0
2480 | 31.095669999718666 | 119.14348602294922,191.5520477294922,0.29225751757621765 | 4.77117919921875,0.027673088014125824,0.0002594062243588269 | 89.7 | -0.00689781503751874,0.08171180635690689,0.13366998732089996 | 0.8367928862571716,-0.0022114471066743135,-0.04000246524810791 | 0,0
2490 | 31.222850799560547 | 119.75660705566406,191.55552673339844,0.29245811700820923 | 4.865275859832764,0.029306510463356972,-0.00022744142916053534 | 89.7 | -0.0014093761565163732,0.22048792243003845,0.12441989034414291 | 0.5604609847068787,0.0052047292701900005,0.01696336455643177 | 0,0
2500 | 31.350730299949646 | 120.38996124267578,191.55911254882812,0.2928068935871124 | 4.923468112945557,0.029718725010752678,0.000901599123608321 | 89.7 | -0.0037431386299431324,0.2634057104587555,0.09290791302919388 | 0.345157653093338,0.00806503463536501,-0.04015020653605461 | 0,0
2510 | 31.477974697947502 | 121.01600646972656,191.5627899169922,0.2931823432445526 | 4.9554443359375,0.03040638379752636,0.0004571921599563211 | 89.6 | -0.004293507896363735,0.24511466920375824,0.07986194640398026 | 0.18410541117191315,-0.007375791668891907,0.08144481480121613 | 0,0
2520 | 31.608641497790813 | 121.66228485107422,191.5666961669922,0.2934839427471161 | 4.9730024337768555,0.030634604394435883,0.0006564372451975942 | 89.6 | -0.004343234933912754,0.19470277428627014,0.06003078445792198 | 0.09434189647436142,-0.00444711884483695,0.015243335627019405 | 0,0
2530 | 31.737400397658348 | 122.301513671875,191.570556640625,0.29371580481529236 | 4.98250150680542,0.03080007992684841,-0.00144421576987952 | 89.6 | -0.0022673909552395344,0.13919836282730103,0.04521912336349487 | 0.06036542356014252,0.004053918644785881,-0.19762705266475677 | 0,0
2540 | 31.864491999149323 | 122.93831634521484,191.57443237304688,0.2938949763774872 | 4.9887495040893555,0.030867254361510277,0.0012176214950159192 | 89.6 | -0.0005995227838866413,0.08889588713645935,0.033268388360738754 | 0.04058695212006569,0.0076141259633004665,0.06646110862493515 | 0,0
2550 | 31.995925396680832 | 123.59307098388672,191.57843017578125,0.2939561903476715 | 4.994290351867676,0.030866460874676704,0.0005844995612278581 | 89.6 | -0.0006601549102924764,0.0511532798409462,0.023003246635198593 | 0.041116099804639816,0.004826280754059553,-0.03947839140892029 | 0,0
2560 | 32.119710098952055 | 124.21724700927734,191.58226013183594,0.2940652668476105 | 4.9998650550842285,0.03081495128571987,0.00044166884617879987 | 89.6 | -0.00105401617474854,0.02658645622432232,0.014762314036488533 | 0.04813872650265694,-0.002273044316098094,0.04878387227654457 | 0,0
2570 | 32.25501499697566 | 124.88529205322266,191.58631896972656,0.29457274079322815 | 5.0072150230407715,0.030551232397556305,0.0010683853179216385 | 89.7 | -0.00038803592906333506,0.006498697679489851,0.0019422618206590414 | 0.11983121186494827,0.00034567323746159673,-0.03420710936188698 | 0,0
2580 | 32.382004000246525 | 125.5288314819336,191.59022521972656,0.2945619225502014 | 5.02523946762085,0.030668053776025772,-0.0006079597515054047 | 89.7 | 0.0010387350339442492,-0.07468058913946152,-0.009085938334465027 | 1.9554297924041748,0.012555581517517567,-0.003652409417554736 | 0,0
2590 | 32.509917698800564 | 126.16085815429688,191.5940399169922,0.2944513261318207 | 5.019520282745361,0.030665170401334763,-2.945542655652389e-05 | 89.6 | -6.355334335239604e-05,0.006535389926284552,0.00337065733037889 | -0.3424583375453949,-0.001713446923531592,-0.005531757138669491 | 0,0
2600 | 32.6373593993485 | 126.8103256225586,191.59800720214844,0.2944141626358032 | 5.018012523651123,0.030623793601989746,-0.0003043380565941334 | 89.7 | -0.000707910570781678,0.08023097366094589,0.040809083729982376 | -2.119382619857788,-0.014087152667343616,-3.068509613513015e-05 | 0,0
2610 | 32.77274349704385 | 127.48954772949219,191.60214233398438,0.29440122842788696 | 5.011660575866699,0.030305441468954086,-0.00022245575382839888 | 89.7 | -0.004347396083176136,0.14852432906627655,0.6011589765548706 | -2.5509133338928223,-0.022872041910886765,0.0007866616942919791 | 0,0
2620 | 32.90037629753351 | 128.13525390625,191.60598754882812,0.29444774985313416 | 5.000637531280518,0.030059782788157463,-0.00013767315249424428 | 89.7 | -0.0011808564886450768,0.1504972279071808,0.7449391484260559 | -3.2230701446533203,-0.028921693563461304,0.0007153362384997308 | 0,0
2630 | 33.02521250024438 | 128.76255798339844,191.6097412109375,0.2944355010986328 | 5.014012813568115,0.030112331733107567,-7.530225411755964e-05 | 89.7 | -0.0017223298782482743,0.05028299614787102,0.48342210054397583 | -2.0673840045928955,-0.021781187504529953,0.0003402582951821387 | 0,0
2640 | 33.15578920021653 | 129.41409301757812,191.6136474609375,0.2943897545337677 | 5.020759105682373,0.02987065725028515,-3.746509537450038e-05 | 89.7 | -0.002243133494630456,0.07069969922304153,0.5724397301673889 | -2.2606406211853027,-0.020774925127625465,0.0004714421520475298 | 0,0
2650 | 33.29139719903469 | 130.0966796875,191.61770629882812,0.29438796639442444 | 5.017557144165039,0.02909776195883751,-1.8031645595328882e-05 | 89.7 | -0.00445195846259594,0.12200448662042618,0.6799967288970947 | -2.507570743560791,-0.02297287806868553,5.360284194466658e-05 | 0,0
2660 | 33.42016199976206 | 130.74916076660156,191.62152099609375,0.29435500502586365 | 5.04108190536499,0.0285414457321167,-9.14460360945668e-06 | 89.7 | -0.0023040398955345154,0.029926419258117676,0.4420273005962372 | -1.8818484544754028,-0.017878931015729904,-6.924555691512069e-06 | 0,0
2670 | 33.54957979917526 | 131.40257263183594,191.62522888183594,0.29427164793014526 | 5.0623698234558105,0.028046999126672745,-6.350676358124474e-06 | 89.7 | -0.0007958272472023964,0.06432697176933289,0.5509617924690247 | -2.6357390880584717,-0.027387071400880814,-5.467269875225611e-05 | 0,0
2680 | 33.67594650015235 | 132.0517578125,191.62887573242188,0.2942405343055725 | 5.081816673278809,0.027240045368671417,-1.268226014872198e-06 | 89.7 | -0.0019298255210742354,0.07778436690568924,0.45793065428733826 | -2.1394102573394775,-0.017810115590691566,8.95821813173825e-06 | 0,0
2690 | 33.80566629767418 | 132.71286010742188,191.63243103027344,0.29424333572387695 | 5.088857173919678,0.026271581649780273,1.0775220289360732e-06 | 89.7 | -0.0030219622422009706,0.13796918094158173,0.5455774664878845 | -2.905122756958008,-0.02802690863609314,0.00043933530105277896 | 0,0
2700 | 33.93847719952464 | 133.3844451904297,191.6359405517578,0.294293612241745 | 5.094170570373535,0.02517329715192318,-1.7831478089647135e-06 | 89.7 | -0.0025430074892938137,0.12814874947071075,0.5225564241409302 | -2.362423896789551,-0.023071181029081345,-0.00024898245465010405 | 0,0
2710 | 34.06982949748635 | 134.05052185058594,191.63925170898438,0.2943097651004791 | 5.104301452636719,0.024239949882030487,-1.2205375696794363e-06 | 89.7 | 0.001368733705021441,0.11049997806549072,0.5769779682159424 | -2.292870044708252,-0.014248043298721313,-7.961082155816257e-05 | 0,0
2720 | 34.19416959956288 | 134.6975860595703,191.64239501953125,0.29430052638053894 | 5.122936248779297,0.02297387830913067,-2.7939297524426365e-06 | 89.7 | -0.0020254086703062057,0.05915866792201996,0.3528040647506714 | -1.8680756092071533,-0.021800071001052856,-9.9712357041426e-05 | 0,0
2730 | 34.32363069802523 | 135.36410522460938,191.64540100097656,0.2943004071712494 | 5.131220817565918,0.021828118711709976,-1.0489210353625822e-06 | 89.8 | -0.0013793190009891987,0.07728184014558792,0.3649187386035919 | -1.9220831394195557,-0.021258246153593063,5.8123590861214325e-05 | 0,0
2740 | 34.45098049938679 | 136.01966857910156,191.648193359375,0.2943032681941986 | 5.142931938171387,0.021090110763907433,-1.8117631270797574e-06 | 89.8 | 0.003698925720527768,0.06497334688901901,0.35986611247062683 | -1.7548761367797852,-0.01364171877503395,-8.657742000650615e-05 | 0,0
2750 | 34.57847809791565 | 136.6811065673828,191.65093994140625,0.2943052351474762 | 5.147369384765625,0.019662274047732353,-2.7652635026242933e-07 | 89.8 | -0.005953479092568159,0.10606090724468231,0.4881484806537628 | -2.4607632160186768,-0.03472048044204712,2.132618465111591e-05 | 0,0
2760 | 34.70687859877944 | 137.34222412109375,191.65353393554688,0.294329971075058 | 5.152372360229492,0.018600905314087868,2.4220087198045803e-06 | 89.8 | -0.004082055296748877,0.09776249527931213,0.43546390533447266 | -2.1077616214752197,-0.04156472533941269,2.386335654591676e-05 | 0,0
2770 | 34.840929199010134 | 138.0312042236328,191.6560821533203,0.2943747341632843 | 5.144052505493164,0.017519138753414154,2.5459708012931515e-06 | 89.8 | -0.0004198221140541136,0.13876067101955414,0.5590264201164246 | -2.5663347244262695,-0.020667817443609238,5.5280241213040426e-05 | 0,0
2780 | 34.967699497938156 | 138.69020080566406,191.65835571289062,0.2943846583366394 | 5.1578593254089355,0.01623506285250187,2.6413526938995346e-06 | 89.8 | -0.002095472766086459,0.0462174192070961,0.3187412619590759 | -1.8703311681747437,-0.026385463774204254,0.0003766400332096964 | 0,0
2790 | 35.097440999001265 | 139.35829162597656,191.66053771972656,0.2943504750728607 | 5.1661295890808105,0.014904458075761795,1.945268422787194e-06 | 89.8 | -0.00015827453171368688,0.06955982744693756,0.3557853400707245 | -2.1295762062072754,-0.0134531045332551,0.0003014037210959941 | 0,0
2800 | 35.22533229738474 | 140.02261352539062,191.6625213623047,0.2943367063999176 | 5.176424503326416,0.01331599522382021,-1.0775138434837572e-06 | 89.9 | -0.0003554534923750907,0.06507526338100433,0.35350894927978516 | -1.861538290977478,-0.013907540589571,5.021582546760328e-05 | 0,0
2810 | 35.3583993986249 | 140.71495056152344,191.66433715820312,0.2943461537361145 | 5.174899101257324,0.011470198631286621,-2.35525817515736e-06 | 89.9 | -0.0034503431525081396,0.1166951060295105,0.5294436812400818 | -2.548821449279785,-0.026724137365818024,-2.4173274141503498e-05 | 0,0
2820 | 35.48521899804473 | 141.36947631835938,191.6658935546875,0.2943434715270996 | 5.1903815269470215,0.010376314632594585,-7.819209031367791e-07 | 89.9 | -0.000659257872030139,0.05065980553627014,0.26906633377075195 | -1.7765085697174072,-0.027412714436650276,4.668700785259716e-05 | 0,0
2830 | 35.61366229876876 | 142.04150390625,191.6673583984375,0.2943286895751953 | 5.199429035186768,0.00881842989474535,-2.5650649604358478e-06 | 89.9 | -1.8463688320480287e-06,0.06078385189175606,0.289078027009964 | -1.722648024559021,-0.012168868444859982,-6.100153041188605e-05 | 0,0
2840 | 35.747730396687984 | 142.73878479003906,191.66859436035156,0.2943551540374756 | 5.197228908538818,0.007307912688702345,2.1931766696070554e-06 | 89.9 | 0.0024715953040868044,0.09218540042638779,0.38138750195503235 | -1.9617412090301514,-0.02213212475180626,0.000302528846077621 | 0,0
2850 | 35.87819330021739 | 143.4205780029297,191.6696319580078,0.294350802898407 | 5.203451633453369,0.005819347221404314,2.002481238605469e-07 | 89.9 | -0.0018385997973382473,0.09347276389598846,0.3928409814834595 | -2.5909736156463623,-0.022781072184443474,-0.00022163480753079057 | 0,0
2860 | 36.00232919678092 | 144.0639190673828,191.67042541503906,0.2943260967731476 | 5.224143028259277,0.004664539359509945,-2.3838975948820007e-07 | 89.9 | 0.0010645821457728744,0.028119927272200584,0.20755070447921753 | -1.3931143283843994,-0.006736766546964645,7.318990810745163e-06 | 0,0
2870 | 36.130350299179554 | 144.7359161376953,191.67105102539062,0.29430776834487915 | 5.23184061050415,0.003364836098626256,-2.1931685978415771e-07 | 90.0 | -0.0034693176858127117,0.06300080567598343,0.30889469385147095 | -1.7344963550567627,-0.037638213485479355,2.3151695131673478e-05 | 0,0
2880 | 36.258672297000885 | 145.40928649902344,191.67160034179688,0.29431429505348206 | 5.236727237701416,0.0020078965462744236,-1.1728739082172979e-06 | 90.0 | -0.0014602979645133018,0.08592335879802704,0.32576173543930054 | -1.9149702787399292,-0.014720757491886616,0.0001070434445864521 | 0,0
2890 | 36.39304629713297 | 146.11764526367188,191.67190551757812,0.29435694217681885 | 5.231746196746826,0.0008977819816209376,-2.021529553530854e-06 | 90.0 | -0.0006966934306547046,0.1157410591840744,0.45520636439323425 | -2.402256965637207,-0.026294147595763206,-0.00034206025884486735 | 0,0
2900 | 36.520927499979734 | 146.78619384765625,191.67214965820312,0.29435527324676514 | 5.245898246765137,-0.00020403205417096615,-1.2777608162650722e-06 | 90.0 | -3.682232272694819e-05,0.05291450023651123,0.3047034740447998 | -1.7203000783920288,-0.015623222105205059,-8.729269029572606e-05 | 0,0
2910 | 36.65103289857507 | 147.47650146484375,191.67222595214844,0.2943449020385742 | 5.2513017654418945,-0.0016962136141955853,-1.3445155673252884e-06 | 90.0 | -0.0013000179314985871,0.07383116334676743,0.3189201354980469 | -1.9964648485183716,-0.0060965390875935555,-1.894817251013592e-05 | 0,0
2920 | 36.776786997914314 | 148.13424682617188,191.6720428466797,0.2943190932273865 | 5.2692060470581055,-0.002805058378726244,-1.964310058610863e-06 | 90.0 | 0.0014340088237076998,0.0343383327126503,0.2729548215866089 | -1.4737645387649536,-0.010209632106125355,1.3667275197803974e-05 | 0,0
2930 | 36.912011098116636 | 148.8416748046875,191.6717987060547,0.2943209111690521 | 5.266560077667236,-0.003857932286337018,-2.812987986544613e-06 | 90.0 | -0.000689233944285661,0.11643125116825104,0.4586629867553711 | -2.107809066772461,-0.012368653900921345,-2.548081465647556e-05 | 0,0
2940 | 37.04002450034022 | 149.52024841308594,191.67132568359375,0.29433944821357727 | 5.278709411621094,-0.00482154730707407,-1.9929329937440343e-06 | 90.1 | 0.0008939706021919847,0.05563203617930412,0.3146998882293701 | -1.5478544235229492,-0.014555109664797783,-2.3431128283846192e-05 | 0,0
2950 | 37.173095997422934 | 150.2292022705078,191.67071533203125,0.29434746503829956 | 5.277150630950928,-0.005655543878674507,-1.4589271586373798e-06 | 90.1 | -0.0013892159331589937,0.10533452779054642,0.5118291974067688 | -2.4023191928863525,-0.018617887049913406,-2.8978420232306235e-05 | 0,0
2960 | 37.30201390013099 | 150.91265869140625,191.67007446289062,0.29434069991111755 | 5.289407253265381,-0.006365825422108173,1.0298343795511755e-06 | 90.1 | -0.00044525586417876184,0.07042418420314789,0.3990797698497772 | -2.118699073791504,-0.012751288712024689,9.148859680863097e-05 | 0,0
2970 | 37.437277998775244 | 151.6304931640625,191.66925048828125,0.2943490445613861 | 5.290260314941406,-0.00711574824526906,-5.721298634853156e-07 | 90.1 | -0.001606340054422617,0.10157570242881775,0.49124664068222046 | -2.2693073749542236,-0.015171636827290058,-0.000233751954510808 | 0,0
2980 | 37.56951919943094 | 152.32655334472656,191.6684112548828,0.29433414340019226 | 5.300562858581543,-0.007892483845353127,-1.8212715531262802e-06 | 90.1 | -0.0016079075867310166,0.09773410856723785,0.5251266360282898 | -2.3525776863098145,-0.011019597761332989,-3.662130256998353e-05 | 0,0
2990 | 37.698490899056196 | 153.01866149902344,191.66751098632812,0.2943315804004669 | 5.313180446624756,-0.008764456026256084,-1.0489075918940216e-07 | 90.1 | -0.001828255015425384,0.06303735822439194,0.35494548082351685 | -1.7673991918563843,-0.009933296591043472,-7.373339758487418e-05 | 0,0
3000 | 37.8276501968503 | 153.7063751220703,191.66644287109375,0.29431450366973877 | 5.324398040771484,-0.009396381676197052,1.3349794016903616e-06 | 90.1 | -0.0004918733611702919,0.06496062129735947,0.3584653437137604 | -1.8402857780456543,-0.009411788545548916,0.00030630960827693343 | 0,0
3010 | 37.957808297127485 | 154.39923095703125,191.66526794433594,0.29431208968162537 | 5.331334590911865,-0.009912554174661636,4.6724389335395244e-07 | 90.1 | 0.00244891457259655,0.08385495841503143,0.3959744870662689 | -1.9771126508712769,-0.0016157625941559672,0.00025878651649691164 | 0,0
3020 | 38.088229298591614 | 155.1016082763672,191.66400146484375,0.294330358505249 | 5.334779739379883,-0.010392893105745316,-2.0215052245475817e-06 | 90.1 | 0.0006091378745622933,0.09695657342672348,0.4946824610233307 | -2.1869587898254395,-0.00916269887238741,-1.5817690837138798e-06 | 0,0
3030 | 38.21949980035424 | 155.80152893066406,191.66268920898438,0.29434314370155334 | 5.338248252868652,-0.010650244541466236,-1.2586954198923195e-06 | 90.1 | 0.0009657181217335165,0.10174934566020966,0.4670846462249756 | -2.298126697540283,-0.004803257528692484,3.6582638131221756e-05 | 0,0
3040 | 38.351429399102926 | 156.49191284179688,191.66134643554688,0.29451408982276917 | 5.237819194793701,-0.010378909297287464,1.5161347164394101e-06 | 90.1 | 0.004835698287934065,0.5973026752471924,0.5799573659896851 | -4.432523727416992,0.00567932054400444,1.2754796443914529e-05 | 0,0
3050 | 38.48460889980197 | 157.1312713623047,191.6602325439453,0.2970556318759918 | 4.091220378875732,-0.010090573690831661,-0.0027609774842858315 | 90.1 | -0.007635375484824181,3.19071626663208,-0.09282345324754715 | -11.805098533630371,0.015908129513263702,0.06621019542217255 | 0,0
3060 | 38.61785999685526 | 157.6080322265625,191.65907287597656,0.29984092712402344 | 3.4961745738983154,-0.009477809071540833,0.0009572056587785482 | 90.2 | -0.0009143960196524858,0.21754272282123566,-0.045195020735263824 | -0.062384724617004395,-0.008833950385451317,0.07567615807056427 | 0,0
3070 | 38.743812300264835 | 158.05148315429688,191.65794372558594,0.2987857460975647 | 3.4885013103485107,-0.00969055574387312,0.0015363923739641905 | 90.2 | 0.000996503746137023,-1.2573646306991577,-0.03541892021894455 | -0.05675077810883522,-0.006448672153055668,0.012440883554518223 | 0,0
3080 | 38.873623199760914 | 158.4945526123047,191.65679931640625,0.2972989082336426 | 3.324540138244629,-0.009285093285143375,0.000609195907600224 | 90.2 | 0.0046494570560753345,-0.47584736347198486,-0.034768909215927124 | -3.9146015644073486,0.011237796396017075,0.07476948946714401 | 0,0
3090 | 39.00408609956503 | 158.86460876464844,191.65577697753906,0.298662930727005 | 2.4190025329589844,-0.006834085565060377,-0.0010789030930027366 | 90.2 | 0.004579103086143732,1.2333437204360962,-0.029547637328505516 | -4.3829345703125,0.016329454258084297,-0.23309023678302765 | 0,0
3100 | 39.133970096707344 | 159.169677734375,191.6549835205078,0.2986659109592438 | 2.3370003700256348,-0.006755535956472158,0.000817682477645576 | 90.2 | -0.0014695010613650084,-0.8930680155754089,-0.016669495031237602 | 0.780672550201416,-0.002619217848405242,0.008444007486104965 | 0,0
3110 | 39.26615319773555 | 159.49136352539062,191.65403747558594,0.29662948846817017 | 2.5354526042938232,-0.007339925039559603,0.0011657702270895243 | 90.2 | -0.0020598501432687044,-1.5946718454360962,-0.01302215177565813 | 1.9217884540557861,-0.007495637983083725,-0.07198906689882278 | 0,0
3120 | 39.394203796982765 | 159.8385772705078,191.65306091308594,0.29449546337127686 | 2.818013906478882,-0.008167044259607792,0.0007164927665144205 | 90.2 | -0.001924595213495195,-1.3792920112609863,-0.012033408507704735 | 2.426487684249878,-0.009361864998936653,0.02552708052098751 | 0,0
3130 | 39.51943250000477 | 160.20584106445312,191.6520538330078,0.29328006505966187 | 2.9098057746887207,-0.00843787007033825,0.0001591104082763195 | 90.2 | 0.0007929577841423452,-0.10188374668359756,-0.01717323064804077 | -2.386080265045166,0.005912101827561855,-0.050933804363012314 | 0,0
3140 | 39.650555197149515 | 160.53506469726562,191.651123046875,0.29521989822387695 | 2.1684134006500244,-0.006258073728531599,0.0012923787580803037 | 90.2 | 0.0030048240441828966,2.0836172103881836,-0.023393720388412476 | -4.706758499145508,0.010679321363568306,0.15269465744495392 | 0,0
3150 | 39.776972498744726 | 160.8007049560547,191.65036010742188,0.2963675558567047 | 2.1604959964752197,-0.006300212815403938,-0.0002916628436651081 | 90.2 | -0.0017255163984373212,-0.32160887122154236,-0.006043333560228348 | 1.6925348043441772,-0.006707507185637951,-0.12300785630941391 | 0,0
3160 | 39.903915498405695 | 161.09280395507812,191.64955139160156,0.29505544900894165 | 2.417728900909424,-0.007080846931785345,-0.00020590980420820415 | 90.2 | -0.0017724598292261362,-1.1673462390899658,-0.004861787427216768 | 2.373566150665283,-0.0067122275941073895,0.157322958111763 | 0,0
3170 | 40.029760397970676 | 161.41754150390625,191.64857482910156,0.29348909854888916 | 2.7197422981262207,-0.007921217940747738,0.0005786195397377014 | 90.2 | -0.0005529062473215163,-1.053167462348938,-0.0032516513019800186 | 2.3420052528381348,-0.004035844001919031,-0.0241373423486948 | 0,0
3180 | 40.15407259762287 | 161.77792358398438,191.6475372314453,0.29236289858818054 | 2.969619035720825,-0.008596130646765232,0.0009157633758150041 | 90.2 | 0.0009285283740609884,-0.4104522168636322,-0.004179551266133785 | 0.185324564576149,0.0013941405341029167,0.12618935108184814 | 0,0
3190 | 40.2844038978219 | 162.13238525390625,191.64651489257812,0.2937074303627014 | 2.4134042263031006,-0.006947838701307774,-0.000557720719370991 | 90.2 | 0.004653396550565958,2.1784727573394775,-0.018499009311199188 | -7.419427871704102,0.024356575682759285,-0.08040501922369003 | 0,0
3200 | 40.41362959891558 | 162.41036987304688,191.6457061767578,0.2960555851459503 | 2.1282501220703125,-0.0061918520368635654,0.00021394850045908242 | 90.2 | -0.0011589338537305593,0.40792861580848694,-0.002297196304425597 | 1.3131510019302368,-0.0050837015733122826,-0.006209901999682188 | 0,0
3210 | 40.540901098400354 | 162.69454956054688,191.6448974609375,0.2953585684299469 | 2.359163999557495,-0.006884845905005932,0.0013429513201117516 | 90.2 | -0.0016980611253529787,-0.9829846620559692,0.0002876646176446229 | 1.8534643650054932,-0.005354964639991522,0.052854251116514206 | 0,0
3220 | 40.67657610028982 | 163.03878784179688,191.64390563964844,0.2936229109764099 | 2.6768877506256104,-0.00778467021882534,0.0010331461671739817 | 90.2 | -0.0010241172276437283,-1.060429334640503,0.0017037761863321066 | 2.301687717437744,-0.0069023300893604755,0.10219714790582657 | 0,0
3230 | 40.804585199803114 | 163.4077911376953,191.6428680419922,0.29247310757637024 | 2.9381229877471924,-0.008510932326316833,0.0013084944803267717 | 90.2 | -7.159059896366671e-05,-0.4497155249118805,-0.00011028525477740914 | 0.22577036917209625,-0.000768023484852165,0.032584019005298615 | 0,0
3240 | 40.94124049693346 | 163.77537536621094,191.64183044433594,0.2939356863498688 | 2.3345837593078613,-0.0066953860223293304,0.0008539140690118074 | 90.2 | 0.003946065902709961,2.2031877040863037,-0.01600550301373005 | -7.604940414428711,0.022527938708662987,-0.061259426176548004 | 0,0
3250 | 41.06796909868717 | 164.04568481445312,191.64105224609375,0.29598110914230347 | 2.1548666954040527,-0.00624440424144268,-0.00030954123940318823 | 90.2 | -0.00130932847969234,0.22695527970790863,0.0006621601642109454 | 1.5094091892242432,-0.00491427443921566,-0.13973386585712433 | 0,0
3260 | 41.19728669896722 | 164.3402099609375,191.6402130126953,0.2951018810272217 | 2.3988893032073975,-0.0069637661799788475,-8.728804823476821e-05 | 90.2 | -0.0015711261657997966,-1.0026370286941528,0.002991975052282214 | 2.2775719165802,-0.006678441073745489,0.05819098651409149 | 0,0
3270 | 41.3286770991981 | 164.67344665527344,191.6392364501953,0.2935607135295868 | 2.7047653198242188,-0.007826638408005238,-0.00030286642140708864 | 90.2 | -0.0010502832010388374,-1.0281896591186523,0.004099718760699034 | 2.250202178955078,-0.0065100896172225475,-0.00904032588005066 | 0,0
3280 | 41.45417569950223 | 165.041015625,191.63821411132812,0.29238972067832947 | 2.9893548488616943,-0.008608479052782059,0.0003635529719758779 | 90.2 | -0.0001324188633589074,-0.546340823173523,0.0032536513172090054 | 0.9289244413375854,-0.0026425549294799566,-0.025010915473103523 | 0,0
3290 | 41.58079759776592 | 165.39942932128906,191.63720703125,0.29336729645729065 | 2.5498509407043457,-0.007295524701476097,0.0003824810846708715 | 90.2 | 0.0036212357226759195,1.8934988975524902,-0.011715049855411053 | -7.115830421447754,0.02133612148463726,-0.00726246228441596 | 0,0
3300 | 41.71140639856458 | 165.67611694335938,191.6364288330078,0.2962247133255005 | 2.03633713722229,-0.00587195809930563,0.0003584602090995759 | 90.2 | -0.0005057223606854677,0.9929609894752502,-0.001023235497996211 | 0.8140127658843994,-0.0029820601921528578,0.004229442216455936 | 0,0
3310 | 41.84209789708257 | 165.9593505859375,191.6356201171875,0.2957462668418884 | 2.2562382221221924,-0.006546483375132084,-0.0017251315293833613 | 90.2 | -0.001857947208918631,-0.963300347328186,0.0032790484838187695 | 2.380422592163086,-0.00722315302118659,-0.24130842089653015 | 0,0
3320 | 41.97377239912748 | 166.2807159423828,191.63465881347656,0.29411476850509644 | 2.561774253845215,-0.00741711026057601,0.0006339540123008192 | 90.2 | -0.0012045425828546286,-1.159511685371399,0.004482773132622242 | 2.529294490814209,-0.007004101295024157,0.09987778216600418 | 0,0
3330 | 42.099155496805906 | 166.61935424804688,191.63368225097656,0.29274341464042664 | 2.8725595474243164,-0.00826953537762165,0.0009566532680764794 | 90.2 | -0.0004767362552229315,-0.8701940178871155,0.00548522686585784 | 2.1831607818603516,-0.005528775043785572,0.03231724724173546 | 0,0
3340 | 42.22581319883466 | 166.99273681640625,191.63262939453125,0.292479932308197 | 2.8165981769561768,-0.008065953850746155,0.0005019814125262201 | 90.2 | 0.00215026899240911,0.8371502161026001,-0.004352261312305927 | -3.96574330329895,0.011663071811199188,0.0657397136092186 | 0,0
3350 | 42.3540606983006 | 167.298095703125,191.63180541992188,0.2952600419521332 | 2.1038620471954346,-0.005992754362523556,0.0005630081868730485 | 90.2 | 0.0015638144686818123,1.977505087852478,-0.007098534610122442 | -2.5387461185455322,0.006205904763191938,0.1070929765701294 | 0,0
3360 | 42.482170298695564 | 167.57366943359375,191.63101196289062,0.29590052366256714 | 2.2291855812072754,-0.006395512726157904,0.0013907792745158076 | 90.2 | -0.0015907379565760493,-0.5216658711433411,0.004239597357809544 | 1.8604347705841064,-0.005599497817456722,0.0857156366109848 | 0,0
3370 | 42.611107498407364 | 167.87828063964844,191.630126953125,0.29454830288887024 | 2.5039329528808594,-0.007161411922425032,-0.00013775007391814142 | 90.2 | -0.0011959425173699856,-1.1168417930603027,0.006161228753626347 | 2.361463785171509,-0.006358322221785784,-0.10609785467386246 | 0,0
3380 | 42.7435665987432 | 168.23451232910156,191.62905883789062,0.2929523289203644 | 2.828805685043335,-0.00801848154515028,-0.0009521781466901302 | 90.2 | -0.0005980582209303975,-0.9318585395812988,0.007954677566885948 | 2.750957727432251,-0.006959060672670603,-0.01357292104512453 | 0,0
3390 | 42.873547699302435 | 168.6266326904297,191.62799072265625,0.29196062684059143 | 3.1089861392974854,-0.008715013973414898,0.001363837975077331 | 90.2 | 0.00038711115485057235,-0.341234415769577,0.007020671386271715 | -0.044931426644325256,0.0010817829752340913,-0.023082304745912552 | 0,0
3400 | 43.00284289941192 | 169.0272216796875,191.6268768310547,0.2923070192337036 | 3.102717161178589,-0.00859792623668909,0.001325068762525916 | 90.2 | 0.0008422423270530999,0.4676297903060913,0.0056182644329965115 | -0.0465204156935215,0.0010287920013070107,0.08210984617471695 | 0,0
3410 | 43.1283371001482 | 169.41778564453125,191.62579345703125,0.29301998019218445 | 3.096378803253174,-0.008486594073474407,-2.9283643016242422e-05 | 90.2 | 0.0005679490859620273,0.46999672055244446,0.0069006080739200115 | -0.053191740065813065,0.00043330347398296,-0.02931995503604412 | 0,0
