Simulation Frame | Timestamp | Position | Velocity | Heading | Angular Velocity | Acceleration | Stopped at Red Light + Light ID 
1810 | 22.72008129954338 | 136.29461669921875,226.3580780029297,0.18418243527412415 | -0.052758947014808655,-5.015565872192383,0.00033253684523515403 | 180.6 | -0.04516933858394623,-0.9570931196212769,-2.271070957183838 | 2.544023036956787,-0.21404163539409637,-0.010369343683123589 | 0,0
1820 | 22.849384799599648 | 136.28887939453125,225.6998748779297,0.18406279385089874 | -0.06719321012496948,-5.037112236022949,-0.0002329699054826051 | 180.8 | -0.08230794966220856,-0.4626518487930298,-1.5947932004928589 | 0.9800188541412354,-0.18180443346500397,-0.0023442343808710575 | 0,0
1830 | 22.971233498305082 | 136.2828369140625,225.0421600341797,0.1847490668296814 | -0.07348733395338058,-4.670333385467529,-0.0024203818757086992 | 180.9 | 1.7470901012420654,0.26570141315460205,-1.3657819032669067 | 0.24184778332710266,4.982677459716797,0.024074207991361618 | 0,0
1840 | 23.092340297996998 | 136.2765655517578,224.5771026611328,0.1878301203250885 | -0.06818418949842453,-3.959848165512085,-0.0003430525539442897 | 181.0 | 3.168579339981079,-0.12105042487382889,-1.1548774242401123 | 0.22462958097457886,7.269702911376953,0.0017928860615938902 | 0,0
1850 | 23.221861999481916 | 136.27029418945312,224.14439392089844,0.19243918359279633 | -0.05349580943584442,-2.974984884262085,-0.0026299073360860348 | 181.0 | 3.14286732673645,-0.19212543964385986,-0.7084301710128784 | 0.26644954085350037,7.953953742980957,-0.2581441402435303 | 0,0
1860 | 23.34616729989648 | 136.26519775390625,223.81407165527344,0.19464607536792755 | -0.04289782792329788,-2.499981641769409,0.0003106110088992864 | 181.0 | -0.12292018532752991,-0.1527312695980072,-0.4258689284324646 | 0.3474993407726288,1.2555872201919556,-0.04503446817398071 | 0,0
1870 | 23.47204139828682 | 136.2596435546875,223.46640014648438,0.19204947352409363 | -0.04480917006731033,-2.5474443435668945,0.0014674077974632382 | 181.0 | -2.6356356143951416,-0.0014812942827120423,-0.38379526138305664 | 0.08465979993343353,-1.1316401958465576,-0.046522244811058044 | 0,0
1880 | 23.59520959854126 | 136.25485229492188,223.17135620117188,0.18859130144119263 | -0.04917741194367409,-2.723385810852051,0.0004957160563208163 | 181.0 | -2.9018375873565674,0.0659274160861969,-0.384804368019104 | -0.04850081726908684,-1.7507858276367188,0.02487672120332718 | 0,0
1890 | 23.721230000257492 | 136.24876403808594,222.8065948486328,0.18501853942871094 | -0.053722262382507324,-2.9331188201904297,0.0005486671580001712 | 181.0 | -2.0397002696990967,0.051719337701797485,-0.3711872100830078 | -0.04874122142791748,-0.47835981845855713,-0.0035654003731906414 | 0,0
1900 | 23.848097998648882 | 136.2428741455078,222.45411682128906,0.1846931427717209 | -0.04602501168847084,-2.533566951751709,0.0013021865161135793 | 181.0 | 1.4028242826461792,-0.03447660058736801,-0.25450360774993896 | 0.0824696496129036,5.373048305511475,0.017665991559624672 | 0,0
1910 | 23.968809496611357 | 136.2378387451172,222.15586853027344,0.18713432550430298 | -0.03832320496439934,-2.167618751525879,0.00047769705997779965 | 181.0 | 0.7709439396858215,-0.03259158134460449,-0.1622500717639923 | 0.07315334677696228,-0.014463797211647034,0.010095584206283092 | 0,0
1920 | 24.093338899314404 | 136.23361206054688,221.90850830078125,0.1867322474718094 | -0.040604472160339355,-2.274310827255249,0.0005255459691397846 | 181.0 | -0.984670102596283,0.023635443300008774,-0.15780776739120483 | -0.041479919105768204,-1.340674877166748,0.039272114634513855 | 0,0
1930 | 24.22497119754553 | 136.22824096679688,221.5922393798828,0.18459220230579376 | -0.045103516429662704,-2.5408310890197754,-0.000984923797659576 | 181.0 | -1.6002641916275024,0.046100012958049774,-0.1456725001335144 | -0.052591145038604736,-2.0274412631988525,0.0037050831597298384 | 0,0
1940 | 24.349580697715282 | 136.2224884033203,221.25450134277344,0.18254783749580383 | -0.04838669300079346,-2.77980375289917,0.0009230463765561581 | 181.0 | -1.370857834815979,0.026325179263949394,-0.10959192365407944 | -0.05662914738059044,-2.128103256225586,0.012257985770702362 | 0,0
1950 | 24.475568000227213 | 136.21560668945312,220.8509979248047,0.18119628727436066 | -0.051096361130476,-2.931919813156128,0.0004269844212103635 | 181.0 | -0.01917901076376438,0.003129402408376336,-0.0962991714477539 | 0.004804245661944151,1.4910212755203247,0.013273483142256737 | 0,0
1960 | 24.598694998770952 | 136.21055603027344,220.55357360839844,0.18313080072402954 | -0.04250882938504219,-2.4474222660064697,0.00016780715668573976 | 181.0 | 2.7684669494628906,-0.04748747870326042,-0.060842253267765045 | 0.08833344280719757,5.68311882019043,-0.10557769238948822 | 0,0
1970 | 24.723180897533894 | 136.2054901123047,220.25511169433594,0.18649764358997345 | -0.036813441663980484,-2.1483659744262695,-0.0015690502477809787 | 181.0 | 0.9661495089530945,-0.01568317785859108,-0.03395457938313484 | -0.006693276111036539,-0.2946532666683197,-0.08468000590801239 | 0,0
1980 | 24.846129398792982 | 136.2013702392578,220.01055908203125,0.18629401922225952 | -0.03879287838935852,-2.2726645469665527,0.0012217001058161259 | 181.0 | -0.8842000365257263,0.01860097050666809,-0.029940882697701454 | -0.02911968156695366,-1.4489872455596924,0.10716743022203445 | 0,0
1990 | 24.968166198581457 | 136.19639587402344,219.71591186523438,0.1845133900642395 | -0.04240632802248001,-2.5003416538238525,0.0007590560708194971 | 181.0 | -1.5042556524276733,0.03053399920463562,-0.022192390635609627 | -0.035072021186351776,-1.9587069749832153,0.07701637595891953 | 0,0
2000 | 25.09158329665661 | 136.19082641601562,219.38694763183594,0.18252608180046082 | -0.046616025269031525,-2.762777328491211,0.000723926059436053 | 181.0 | -1.3355300426483154,0.025283612310886383,-0.01499395351856947 | -0.04085065424442291,-2.1578452587127686,0.05591459572315216 | 0,0
2010 | 25.21924849972129 | 136.1840057373047,218.98046875,0.1810271441936493 | -0.04959595203399658,-2.9532833099365234,-0.002261335961520672 | 181.0 | -0.1884743869304657,0.005319151561707258,-0.005329023580998182 | 0.016248101368546486,1.034685492515564,-0.0792580172419548 | 0,0
2020 | 25.34174469858408 | 136.178955078125,218.6793670654297,0.1827310174703598 | -0.04210309311747551,-2.512397289276123,0.0005593013484030962 | 181.0 | 2.6218929290771484,-0.04364901781082153,0.0018213567091152072 | 0.09424344450235367,5.677196502685547,-0.03240463137626648 | 0,0
2030 | 25.46505619958043 | 136.17437744140625,218.40509033203125,0.18624213337898254 | -0.03576292842626572,-2.1364071369171143,0.00023304959177039564 | 181.0 | 1.5698070526123047,-0.026211241260170937,0.000574040284845978 | 0.004269435070455074,0.24910423159599304,-0.08538199216127396 | 0,0
2040 | 25.593229599297047 | 136.169921875,218.13888549804688,0.186604842543602 | -0.03617173433303833,-2.1636016368865967,-0.0005567892221733928 | 181.0 | -0.2470792829990387,0.004513761028647423,0.0011859388323500752 | 0.014570223167538643,0.8353734016418457,-0.09974426031112671 | 0,0
2050 | 25.724175598472357 | 136.16537475585938,217.86737060546875,0.18815138936042786 | -0.024360474199056625,-1.4609222412109375,-0.00037339222035370767 | 181.0 | 2.1914587020874023,-0.03680669516324997,0.0055966489017009735 | 0.1037808358669281,6.265364646911621,-0.13121269643306732 | 0,0
2060 | 25.848018396645784 | 136.16358947753906,217.7606658935547,0.19247321784496307 | -0.005117429886013269,-0.3073394000530243,0.0006236502667888999 | 181.0 | 4.185934066772461,-0.07013029605150223,0.0036279759369790554 | 0.16222307085990906,9.841009140014648,0.03686891496181488 | 0,0
2070 | 25.971337098628283 | 136.16357421875,217.759521484375,0.19486838579177856 | 4.542836904875003e-05,0.003085052827373147,7.943161472212523e-05 | 181.0 | -0.64042067527771,0.010251347906887531,-0.00046006005140952766 | 0.0023423926904797554,0.13142913579940796,0.019998086616396904 | 0,0
2080 | 26.09164349734783 | 136.1635284423828,217.75804138183594,0.19249717891216278 | 0.0001940359506988898,0.01102741900831461,0.0006579684559255838 | 181.0 | -2.253453254699707,0.03860006853938103,-0.0008043678244575858 | 0.000430102925747633,0.019073892384767532,-0.021118387579917908 | 0,0
2090 | 26.21890340000391 | 136.16348266601562,217.756103515625,0.18930114805698395 | 0.00018725059635471553,0.01024587731808424,-0.001218466553837061 | 181.0 | -2.0594260692596436,0.03587805852293968,-0.00011536114470800385 | -0.00028468098025768995,-0.019110146909952164,-0.11385716497898102 | 0,0
2100 | 26.34133379906416 | 136.16343688964844,217.7548065185547,0.187245175242424 | 0.00014040152018424124,0.007518925704061985,0.0009878623532131314 | 181.0 | -1.484190821647644,0.02605092152953148,-0.000155226603965275 | -0.00045390945160761476,-0.02451440319418907,-0.01764611154794693 | 0,0
2110 | 26.464717499911785 | 136.1634063720703,217.75384521484375,0.18568892776966095 | 8.715802687220275e-05,0.004614332690834999,0.0007210455951280892 | 181.0 | -0.9013488292694092,0.0158542413264513,-2.9374834412010387e-05 | -0.00036608954542316496,-0.02004401758313179,-0.007977047935128212 | 0,0
2120 | 26.58618339896202 | 136.16339111328125,217.7532958984375,0.1847505122423172 | 4.148621155763976e-05,0.002382794162258506,0.0008334539015777409 | 181.0 | -0.4623972177505493,0.008153864182531834,2.132507142960094e-05 | -0.0002237883600173518,-0.012585428543388844,0.06750357151031494 | 0,0
2130 | 26.708627697080374 | 136.16339111328125,217.75302124023438,0.18433265388011932 | 2.1786192519357428e-05,0.0012627446558326483,0.0004151709727011621 | 181.0 | -0.24440477788448334,0.004262374714016914,1.064675598172471e-05 | -0.00015297549543902278,-0.007989521138370037,0.05393816903233528 | 0,0
2140 | 26.83146919682622 | 136.16339111328125,217.75296020507812,0.1841263473033905 | 3.6968897347833263e-06,0.00021506042685359716,-0.0006351921474561095 | 181.0 | -0.04159313440322876,0.0007171736215241253,-1.2951506960234838e-06 | 1.8584363715490326e-05,0.0011316470336169004,0.010639660060405731 | 0,0
2150 | 26.955884099006653 | 136.1633758544922,217.7528839111328,0.18403922021389008 | 4.019570951641072e-06,0.00024377442605327815,2.9235989131848328e-05 | 181.0 | -0.04712468758225441,0.0007772971293888986,2.479120269072155e-07 | -1.198874315377907e-06,-0.0002229176025139168,-0.06038856506347656 | 0,0
2160 | 27.07952480018139 | 136.1633758544922,217.75282287597656,0.1840207576751709 | 3.1530676096735988e-06,0.00018352872575633228,0.0011158220004290342 | 181.0 | -0.035460464656353,0.0006126411608420312,6.983939329074929e-07 | -8.588410310039762e-06,-0.0005843116086907685,0.060749348253011703 | 0,0
2170 | 27.206312999129295 | 136.1633758544922,217.7528076171875,0.18401649594306946 | 2.595843398012221e-07,2.037808189925272e-05,0.0023757212329655886 | 181.0 | -0.003949873615056276,4.8095069359987974e-05,-1.842939923335507e-06 | 1.9475297449389473e-05,0.00152886426076293,0.17823833227157593 | 0,0
2180 | 27.329303696751595 | 136.1633758544922,217.75279235839844,0.1840696632862091 | 8.565378379898902e-07,5.384256655815989e-05,-9.049242180481087e-06 | 181.0 | -0.01040152832865715,0.00016892337589524686,-5.215959220095101e-08 | -1.9473560314509086e-05,5.546433385461569e-05,-4.752702352561755e-06 | 0,0
2190 | 27.45549399778247 | 136.1633758544922,217.7527618408203,0.18402038514614105 | 8.02292618118372e-07,4.496688416111283e-05,0.00013714992383029312 | 181.0 | -0.00868561863899231,0.00015177180466707796,9.976727710636624e-08 | 1.7679516531643458e-05,-0.00012143902131356299,0.03902846947312355 | 0,0
2200 | 27.578878697007895 | 136.1633758544922,217.7527618408203,0.18403808772563934 | 5.122051902617386e-07,3.0925304599804804e-05,0.0011153672821819782 | 181.0 | -0.005972270853817463,9.785309521248564e-05,1.2077825317646784e-07 | 4.379977326607332e-06,-0.00010792436660267413,-0.023286329582333565 | 0,0
2210 | 27.707723196595907 | 136.1633758544922,217.75274658203125,0.1839572936296463 | 1.5546643794550619e-07,1.0837185982381925e-05,-0.0006611510179936886 | 181.0 | -0.002093089045956731,3.1191444577416405e-05,-4.8478877801017006e-08 | -7.127102890081005e-06,5.180563675821759e-05,-0.09594246000051498 | 0,0
2220 | 27.83889489993453 | 136.1633758544922,217.75274658203125,0.18394874036312103 | 1.60149625116901e-07,1.1225843081774656e-05,0.0008031980250962079 | 181.0 | -0.0021681440994143486,3.15357101499103e-05,2.11137063388378e-08 | -6.450178261729889e-06,-1.5145471479627304e-05,-0.09445769339799881 | 0,0
2230 | 27.96128999814391 | 136.1633758544922,217.75274658203125,0.18402701616287231 | 1.021072861817629e-07,7.667081263207365e-06,0.0008630416123196483 | 181.0 | -0.001480619190260768,1.919804526551161e-05,3.2597778698573165e-08 | -4.605744265973044e-07,-2.8229740564711392e-05,0.09836459159851074 | 0,0
2240 | 28.083129599690437 | 136.1633758544922,217.75274658203125,0.1840251088142395 | 2.1236310487893206e-08,1.872126972557453e-06,0.0004822254122700542 | 181.0 | -0.0003616863687057048,3.8548528209503274e-06,-2.323947434490492e-08 | 7.002989264037751e-07,2.0014174879179336e-05,0.046748917549848557 | 0,0
2250 | 28.208492398262024 | 136.1633758544922,217.75274658203125,0.18397879600524902 | 4.5039897145215946e-08,2.7575063086260343e-06,0.0015635620802640915 | 181.0 | -0.0005325673264451325,8.53088749863673e-06,-4.0927017330716353e-10 | 3.807840869285428e-07,-1.2735850987155573e-06,0.39117521047592163 | 0,0
2260 | 28.33322899788618 | 136.1633758544922,217.75274658203125,0.18399009108543396 | 2.6998709046210934e-08,2.121182888004114e-06,0.0007291593356058002 | 181.0 | -0.00040961947524920106,5.0195631047245115e-06,1.1634241126046163e-08 | -1.9365161563200672e-07,-1.1835854820674285e-05,0.009217606857419014 | 0,0
2270 | 28.46002670004964 | 136.1633758544922,217.75274658203125,0.18400588631629944 | 0.0,0.0,0.0 | 181.0 | 0.0,0.0,0.0 | 1.2382374734443147e-05,-0.00011766897659981623,-0.09461192041635513 | 0,0
2280 | 28.581512097269297 | 136.1633758544922,217.75274658203125,0.18419280648231506 | -1.712761665828566e-08,6.321014893728716e-07,0.0011784728849306703 | 181.0 | -0.00012209649139549583,-4.034654011775274e-06,-1.3689583910903025e-09 | 8.359249648037803e-08,2.183653151632825e-07,-0.013769914396107197 | 0,0
2290 | 28.705165799707174 | 136.1633758544922,217.75274658203125,0.1841529756784439 | -9.753774676823923e-09,6.035332376086444e-07,0.000357262120814994 | 181.0 | -0.00011660485324682668,-2.3699624307482736e-06,-5.274153558332273e-09 | 1.3367088058657828e-07,4.725553480966482e-06,0.10859668254852295 | 0,0
2300 | 28.83218889683485 | 136.1633758544922,217.75274658203125,0.18407264351844788 | -3.5399697395632757e-08,4.569168083889963e-07,0.0006443318561650813 | 181.0 | -8.826680277707055e-05,-4.805375283467583e-06,1.4419929250664154e-08 | -1.3328593922778964e-05,6.3790685089770705e-06,0.0732966959476471 | 0,0
2310 | 28.953929498791695 | 136.1633758544922,217.75274658203125,0.18409056961536407 | 1.522503373374562e-10,1.427282967370047e-07,0.0010814879788085818 | 181.0 | -2.7583240807871334e-05,-9.520811694585518e-09,-2.2000994359672177e-09 | -5.818345982788742e-08,1.9439276002231054e-06,0.09894928336143494 | 0,0
2320 | 29.081798996776342 | 136.1633758544922,217.75274658203125,0.18400725722312927 | -4.298312816786165e-09,1.0516698978335626e-07,0.0009381325216963887 | 181.0 | -2.028448761848267e-05,3.188831101397227e-07,1.152785955582658e-08 | -5.866045285074506e-06,-2.1726639261032688e-06,-0.05007433518767357 | 0,0
2330 | 29.207682698965073 | 136.1633758544922,217.75274658203125,0.18399153649806976 | 1.4823950955644705e-09,5.38189013354895e-08,5.362792580854148e-05 | 181.0 | -1.0395268873253372e-05,3.3849724445644824e-07,-6.411043917964321e-11 | 2.1870599553608372e-08,5.819829880238103e-07,0.06842305511236191 | 0,0
2340 | 29.33003230020404 | 136.1633758544922,217.75274658203125,0.18399681150913239 | 4.598086356111253e-09,1.54431063492666e-08,0.0007248540059663355 | 181.0 | -2.9918094242020743e-06,5.110239271743922e-07,-1.0702057018363575e-09 | -6.375113343892735e-07,3.71293424450414e-07,0.0561053566634655 | 0,0
2350 | 29.450124498456717 | 136.1633758544922,217.75274658203125,0.18399810791015625 | -5.010728898469097e-08,2.2176967817699733e-08,0.0005030339234508574 | 181.0 | -4.298116436984856e-06,-1.049743514158763e-05,8.364063330823512e-10 | 7.041709864097356e-07,1.9684455310198246e-07,-0.0021788154263049364 | 0,0
2360 | 29.57148589938879 | 136.1633758544922,217.75274658203125,0.18399116396903992 | 2.7232960775336323e-08,3.1083660090303056e-09,0.0003469250223133713 | 181.0 | -5.90758816088055e-07,5.892455192224588e-06,-5.29313870512027e-10 | 1.67292427022403e-07,1.749471465473107e-07,-0.020890627056360245 | 0,0
2370 | 29.69703909754753 | 136.1633758544922,217.75274658203125,0.183958500623703 | -2.72549520730081e-08,-2.368701146338026e-08,-0.0007814253913238645 | 181.0 | 4.570000783132855e-06,-5.7513307183398865e-06,6.758143822338525e-09 | 3.2141656447493006e-07,-6.657651283603627e-06,-0.12406887114048004 | 0,0
2380 | 29.828569497913122 | 136.1633758544922,217.75274658203125,0.18394462764263153 | 1.582514919107325e-08,8.705290710508962e-09,0.001871814369224012 | 181.0 | -1.6793593431430054e-06,3.2059983823273797e-06,-9.088474417495718e-10 | -2.1583670672953303e-07,1.0585041820831975e-07,0.10466600209474564 | 0,0
2390 | 29.95588519796729 | 136.1633758544922,217.75274658203125,0.18399344384670258 | -4.093608296784623e-08,-2.887687422514773e-08,0.0009425372700206935 | 181.0 | 5.594360118266195e-06,-7.638655006303452e-06,1.2300568563716752e-08 | -5.625621270155534e-06,-3.166947635691031e-06,0.03062155656516552 | 0,0
2400 | 30.082262698560953 | 136.1633758544922,217.75274658203125,0.18398666381835938 | 5.100848454731022e-08,1.8230561948939794e-08,-0.0008531778585165739 | 181.0 | -3.5197806482756278e-06,9.541783583699726e-06,-1.148603878675658e-08 | 5.773937118647154e-06,3.3779829209379386e-06,-0.17472894489765167 | 0,0
2410 | 30.212828498333693 | 136.1633758544922,217.75274658203125,0.18390022218227386 | 1.5587577895104232e-09,-7.846941940670149e-08,-0.0003824307641480118 | 181.0 | 1.5156210793065839e-05,3.8121217471598356e-07,6.861362589205555e-10 | 1.494960955028546e-08,-2.343513649805118e-08,0.02830197662115097 | 0,0
2420 | 30.340787298977375 | 136.1633758544922,217.75274658203125,0.1839156299829483 | 4.7342574305275775e-09,3.446719176736224e-08,0.0015599032631143928 | 181.0 | -6.655922788922908e-06,1.0222447599517182e-06,-1.7296397647470485e-10 | -3.054233843613474e-08,1.5363505667664867e-07,0.15158598124980927 | 0,0
2430 | 30.465065699070692 | 136.1633758544922,217.75274658203125,0.18396803736686707 | -1.0516625348344633e-09,5.5495309680964056e-08,0.0004228264733683318 | 181.0 | -1.0745364306785632e-05,-2.2963264711961529e-07,-7.323279316295839e-09 | 2.395644926878049e-08,7.228813046822324e-06,0.02646440640091896 | 0,0
2440 | 30.592004496604204 | 136.1633758544922,217.75274658203125,0.18393851816654205 | -6.598093738041655e-10,2.5020654437213352e-09,0.00037563612568192184 | 181.0 | -5.21563890742982e-07,-1.363513604246691e-07,-7.495721376926667e-09 | 5.287066073833557e-08,7.025826562312432e-06,0.03712426871061325 | 0,0
2450 | 30.717595297843218 | 136.1633758544922,217.75274658203125,0.18392150104045868 | -4.616894921927184e-10,2.5763593924921224e-08,0.0005921500269323587 | 181.0 | -4.978048309567384e-06,-1.3939663290329918e-07,-1.0871552547087049e-09 | 1.2267901183804497e-07,2.2460359616616188e-07,-0.03303550183773041 | 0,0
2460 | 30.844930298626423 | 136.1633758544922,217.75274658203125,0.18394896388053894 | -5.344164666354345e-09,-4.311843326831877e-08,0.0007559626246802509 | 181.0 | 8.357833394256886e-06,-1.1322675845804042e-06,7.463453854938962e-09 | -1.4182280949626147e-07,-6.596017556148581e-06,0.021778341382741928 | 0,0
2470 | 30.97238179668784 | 136.1633758544922,217.75274658203125,0.18398123979568481 | -1.5173788614486483e-10,3.4684208838342556e-09,0.0010614258935675025 | 181.0 | -6.700393555547635e-07,-3.0181340093804465e-08,-2.54150728240532e-10 | -1.1842955061069915e-08,2.707059820750146e-07,0.08284298330545425 | 0,0
2480 | 31.095669999718666 | 136.1633758544922,217.75274658203125,0.18407058715820312 | -6.357871562556738e-09,-5.476340447785333e-08,-0.001393045182339847 | 181.0 | 1.0565119737293571e-05,-1.3410713108896744e-06,6.528114493420389e-09 | -1.8993226547081576e-07,-6.3893899096001405e-06,-0.13553088903427124 | 0,0
2490 | 31.222850799560547 | 136.1633758544922,217.75274658203125,0.18402144312858582 | -9.02019969828416e-09,5.529653179792149e-08,-0.0014288778183981776 | 181.0 | -1.0683441360015422e-05,-1.9899787275790004e-06,-2.771179397065282e-10 | -3.0302804709947395e-09,1.750399718503104e-07,-0.06720712035894394 | 0,0
2500 | 31.350730299949646 | 136.1633758544922,217.75274658203125,0.18400931358337402 | 5.822058923854456e-08,2.3387435987842764e-08,0.0006248193676583469 | 181.0 | -4.5276819946593605e-06,1.1173086022608913e-05,-1.2063226861869225e-08 | 5.20250478075468e-06,3.136038458251278e-06,-0.006231196224689484 | 0,0
2510 | 31.477974697947502 | 136.1633758544922,217.75274658203125,0.183990478515625 | 1.0398952809964612e-08,5.566457517147683e-09,-7.585519779240713e-05 | 181.0 | -1.0755220500868745e-06,1.326610231444647e-06,-5.015292181553832e-09 | 5.6431908888043836e-06,-2.8007509627059335e-06,-0.025808129459619522 | 0,0
2520 | 31.608641497790813 | 136.1633758544922,217.75274658203125,0.18395812809467316 | 4.42514682674755e-08,1.1136755517782149e-08,-0.0003322928387206048 | 181.0 | -2.153218702005688e-06,8.059050742303953e-06,-1.1951750700234243e-08 | 6.2663148128194734e-06,3.10084328702942e-06,-0.0688447579741478 | 0,0
2530 | 31.737400397658348 | 136.1633758544922,217.75274658203125,0.1839456856250763 | -1.8903314469298493e-08,-2.291654865871351e-08,-0.0006976905278861523 | 181.0 | 4.41760948888259e-06,-4.168391569692176e-06,-2.969664236740499e-10 | 1.2554474437820318e-07,9.042431514671989e-08,0.05748935788869858 | 0,0
2540 | 31.864491999149323 | 136.1633758544922,217.75274658203125,0.18393737077713013 | 7.351830078050625e-08,4.311169377047008e-08,-0.0003555796283762902 | 181.0 | -8.320665074279532e-06,1.449246883566957e-05,-1.1802382182679594e-08 | 5.595061793428613e-06,3.357277364557376e-06,-0.09891080856323242 | 0,0
2550 | 31.995925396680832 | 136.1633758544922,217.75274658203125,0.18389777839183807 | 2.9814486435242316e-09,-2.451412406401232e-09,0.00011977538088103756 | 181.0 | 4.7510985723420163e-07,6.804640406699036e-07,1.9557115649160295e-10 | -1.1363380991724625e-07,-3.2821926509996047e-08,-0.041123371571302414 | 0,0
2560 | 32.119710098952055 | 136.1633758544922,217.75274658203125,0.18397590517997742 | 4.4914614250046725e-09,-8.06364308658658e-09,0.0008127481560222805 | 181.0 | 1.5593479929520981e-06,9.663827995609608e-07,-6.612922015536427e-11 | 6.858525836150875e-08,-4.350556892518398e-08,0.019053062424063683 | 0,0
2570 | 32.25501499697566 | 136.1633758544922,217.75274658203125,0.18395590782165527 | 7.342765978579635e-11,2.023979206455806e-09,0.0009103479096665978 | 181.0 | -3.905806806869805e-07,2.044795266442634e-08,-6.423646337072597e-11 | -2.1516910919672227e-08,8.659100814156773e-08,-0.087363600730896 | 0,0
2580 | 32.382004000246525 | 136.1633758544922,217.75274658203125,0.18408828973770142 | -4.1797316718827915e-09,2.262524834151236e-09,0.0006679001380689442 | 181.0 | -4.385863974221138e-07,-9.178455115943507e-07,4.063302472268049e-11 | 2.15894377930681e-08,-5.728143648298101e-08,-0.01845473423600197 | 0,0
2590 | 32.509917698800564 | 136.1633758544922,217.75274658203125,0.18405014276504517 | -1.1112186726336404e-08,-1.2450331876578957e-09,-0.002401059027761221 | 181.0 | 2.3630632028925902e-07,-2.3819436592020793e-06,2.3450411057446274e-10 | -1.4763134004169842e-07,-2.675475840874242e-08,-0.21649357676506042 | 0,0
2600 | 32.6373593993485 | 136.1633758544922,217.75274658203125,0.18403320014476776 | -1.8447344984906522e-08,2.0686456714269497e-10,8.327401155838743e-05 | 181.0 | -2.1335795352683817e-08,-2.7018347736884607e-06,1.159370288661421e-08 | -5.643733857141342e-06,-3.1438382848136825e-06,-0.04588013142347336 | 0,0
2610 | 32.77274349704385 | 136.1633758544922,217.75274658203125,0.18399932980537415 | -3.155907979390804e-09,-4.770277950427726e-09,0.0006699844379909337 | 181.0 | 9.202597084367881e-07,-6.731098665113677e-07,1.2821306516475062e-10 | -3.786666269434136e-08,-4.947067111515935e-08,-0.09333046525716782 | 0,0
2620 | 32.90037629753351 | 136.1633758544922,217.75274658203125,0.1840263307094574 | -4.058590352684632e-09,-9.123372279873365e-09,0.0012184410588815808 | 181.0 | 1.7604937738724402e-06,-8.751517839300504e-07,4.2718703574529115e-11 | -2.490778427954865e-08,2.888442540704972e-10,0.12993276119232178 | 0,0
2630 | 33.02521250024438 | 136.1633758544922,217.75274658203125,0.1840393841266632 | -1.3166868484404404e-08,-9.441009751753882e-09,-8.910974429454654e-05 | 181.0 | 1.8439432096784003e-06,-1.5248170939230477e-06,1.1602088179074599e-08 | -6.4448354351043236e-06,-3.556609954102896e-06,-0.07151560485363007 | 0,0
2640 | 33.15578920021653 | 136.1633758544922,217.75274658203125,0.184000164270401 | -9.613631002380885e-10,-3.811535087550055e-09,-0.00018527499923948199 | 181.0 | 7.361733764810197e-07,-1.8129415479961608e-07,1.9372337067835588e-10 | -7.979674876423815e-08,-4.582263102292927e-08,-0.018118737265467644 | 0,0
2650 | 33.29139719903469 | 136.1633758544922,217.75274658203125,0.18393631279468536 | -3.911145629587054e-09,-6.249855299955698e-09,0.0005051338230259717 | 181.0 | 1.2051752946717897e-06,-8.72253679062851e-07,-6.220934878342632e-11 | 5.6232863698824076e-08,-2.451096392519503e-08,-0.010231014341115952 | 0,0
2660 | 33.42016199976206 | 136.1633758544922,217.75274658203125,0.18398353457450867 | -4.352106675042933e-09,-7.319698624996818e-09,0.0007179419626481831 | 181.0 | 1.4118910485194647e-06,-9.496279744780622e-07,-3.652718405522393e-11 | 2.154459366465744e-08,-3.0033542319785056e-10,-0.06902582198381424 | 0,0
2670 | 33.54957979917526 | 136.1633758544922,217.75274658203125,0.18398109078407288 | -2.807078569588839e-09,-2.639667151527192e-09,0.0005824409308843315 | 181.0 | 5.087114232082968e-07,-6.17241141753766e-07,6.254771440367124e-12 | 4.065868353109181e-08,-4.900609695823732e-08,0.15403558313846588 | 0,0
2680 | 33.67594650015235 | 136.1633758544922,217.75274658203125,0.18400779366493225 | -5.556146209784174e-09,-8.415781849180348e-09,0.0011455243220552802 | 181.0 | 1.6228502772719366e-06,-1.2384396086417837e-06,-1.7898985071873597e-10 | 1.1515730591327156e-07,-1.6124197088629444e-08,0.08377022296190262 | 0,0
2690 | 33.80566629767418 | 136.1633758544922,217.75274658203125,0.18395309150218964 | -7.733648388352776e-09,-9.75037561801173e-09,0.0013172468170523643 | 181.0 | 1.8832342902896926e-06,-1.4809197637077887e-06,5.235789024560233e-10 | 3.548294102984073e-07,-3.032008644154871e-09,0.13252876698970795 | 0,0
2700 | 33.93847719952464 | 136.1633758544922,217.75274658203125,0.18389655649662018 | -3.1933915511928035e-09,-1.8850891680965987e-10,-0.0008115649106912315 | 181.0 | 3.560073835728872e-08,-6.584260177078249e-07,2.0250284782363792e-10 | -1.223524179749802e-07,-1.653575409932273e-08,-0.06878228485584259 | 0,0
2710 | 34.06982949748635 | 136.1633758544922,217.75274658203125,0.1838529109954834 | 6.920993200765224e-08,4.053348945376456e-08,-0.0016061000060290098 | 181.0 | -7.807590009178966e-06,1.344042357231956e-05,-1.0248976778370888e-08 | 5.500642600964056e-06,3.253687737014843e-06,-0.07465812563896179 | 0,0
2720 | 34.19416959956288 | 136.1633758544922,217.75274658203125,0.18394622206687927 | -5.751472187398576e-09,-5.4950155536914735e-09,0.0009748812299221754 | 181.0 | 1.0596552328934195e-06,-1.2108502005503397e-06,3.030130590886415e-10 | -1.5556203436517535e-07,-3.828453998266923e-08,0.01294749602675438 | 0,0
2730 | 34.32363069802523 | 136.1633758544922,217.75274658203125,0.18391616642475128 | -7.463162865484207e-10,8.767165812773037e-12,-0.0006634467863477767 | 181.0 | -1.7919711270408811e-09,-1.4672731651899085e-07,9.351589641548586e-11 | -5.7735370262435026e-08,6.782319705855855e-10,-0.051324546337127686 | 0,0
2740 | 34.45098049938679 | 136.1633758544922,217.75274658203125,0.18387733399868011 | -1.176963859705893e-09,-2.838168811081232e-09,0.00047817049198783934 | 181.0 | 5.475947659761005e-07,-2.6120395091311366e-07,-2.2181997558212707e-11 | 1.1761955853728523e-08,-1.3321158065515704e-10,-0.03061390109360218 | 0,0
2750 | 34.57847809791565 | 136.1633758544922,217.75274658203125,0.18387024104595184 | 3.855430197319265e-09,9.529932398777419e-10,-0.0017099626129493117 | 181.0 | -1.8277390267940063e-07,8.26802875053545e-07,-3.008251633906944e-11 | 2.658794251431118e-08,-3.091373201868919e-08,-0.203535258769989 | 0,0
2760 | 34.70687859877944 | 136.1633758544922,217.75274658203125,0.18392539024353027 | -3.2904128310917713e-09,-2.911299201713291e-09,0.0012343261623755097 | 181.0 | 5.614746783066948e-07,-6.987817187109613e-07,1.813426492303094e-10 | -6.041423716851568e-08,-5.574095141014368e-08,0.12719345092773438 | 0,0
2770 | 34.840929199010134 | 136.1633758544922,217.75274658203125,0.18394950032234192 | 1.0126423033440801e-09,-1.934200355435678e-09,0.001149013638496399 | 181.0 | 3.741864418316254e-07,2.263973186700241e-07,8.47328457398433e-11 | -9.917458854147299e-09,-5.245042444812498e-08,0.0635540708899498 | 0,0
2780 | 34.967699497938156 | 136.1633758544922,217.75274658203125,0.18402092158794403 | -7.426694814682833e-09,5.935393843081727e-10,0.001239535864442587 | 181.0 | -1.1666796950748903e-07,-1.5558393897663336e-06,2.5744734122312707e-10 | -1.0292524876831521e-07,-1.4702179029768558e-08,0.043923962861299515 | 0,0
2790 | 35.097440999001265 | 136.1633758544922,217.75274658203125,0.18399466574192047 | -9.26549770241536e-09,-2.6958419940825706e-09,0.00048663775669410825 | 181.0 | 5.169688392925309e-07,-2.0205750388413435e-06,4.012080598303491e-11 | 1.1846721825747863e-08,-4.6475737036644205e-08,-0.07927125692367554 | 0,0
2800 | 35.22533229738474 | 136.1633758544922,217.75274658203125,0.18404380977153778 | -9.06039743231446e-10,-1.1567370394871546e-09,0.0002820035151671618 | 181.0 | 2.2632727336713288e-07,-2.43632509722147e-08,7.40212835470544e-10 | 3.8440396110672737e-07,-6.629640836308681e-08,-0.13963976502418518 | 0,0
2810 | 35.3583993986249 | 136.1633758544922,217.75274658203125,0.18398414552211761 | -8.12424438834114e-09,-5.4036251029288e-09,-0.0003382513241376728 | 181.0 | 1.0404903605376603e-06,-1.7502540003988543e-06,1.4897606759323168e-10 | -8.196597889309487e-08,-3.715462426612248e-08,-0.13911956548690796 | 0,0
2820 | 35.48521899804473 | 136.1633758544922,217.75274658203125,0.18403197824954987 | -8.463921119528095e-09,-6.3062790545131975e-09,-0.00013244859292171896 | 181.0 | 1.2150463817306445e-06,-1.8056069848171319e-06,2.265742315987751e-10 | -1.1768571539505501e-07,-2.1959678520033776e-08,-0.09037437289953232 | 0,0
2830 | 35.61366229876876 | 136.1633758544922,217.75274658203125,0.18392927944660187 | 7.17917447712324e-10,1.9370562931442237e-09,-9.071212116396055e-05 | 181.0 | -3.6993623098169337e-07,3.801225147981313e-07,8.079689695073e-10 | 2.1202244226969924e-07,-2.9403153689600003e-08,0.0471842885017395 | 0,0
2840 | 35.747730396687984 | 136.1633758544922,217.75274658203125,0.18385665118694305 | -2.486418626546083e-09,-4.1471750478194735e-09,0.001324863056652248 | 181.0 | 8.00225393504661e-07,-5.274308136904438e-07,1.0205283146325073e-10 | -3.504764833905938e-08,-2.2074001293503898e-08,0.013012588955461979 | 0,0
2850 | 35.87819330021739 | 136.1633758544922,217.75274658203125,0.18387968838214874 | 2.778230756561584e-09,-5.544123826695113e-09,0.0022209614980965853 | 181.0 | 1.0678329545044107e-06,3.735958955530805e-07,-1.074657654531741e-10 | -2.5527057800900366e-07,2.0545087409118423e-08,0.16206508874893188 | 0,0
2860 | 36.00232919678092 | 136.1633758544922,217.75274658203125,0.18394912779331207 | -1.5083443383190343e-09,-3.2482361245200764e-10,-0.0011189718497917056 | 181.0 | 6.217520365225937e-08,-3.2543198358325753e-07,4.3876544758569835e-11 | 1.036202590398716e-08,-3.800346703997093e-08,-0.07793933898210526 | 0,0
2870 | 36.130350299179554 | 136.1633758544922,217.75274658203125,0.18392203748226166 | 1.2848548613941801e-10,-3.98840116488941e-09,-4.60947303508874e-05 | 181.0 | 7.703428082095343e-07,3.05602263495075e-08,1.8048777533294369e-12 | -2.2822840506364628e-08,2.4059270131715493e-08,0.014121700078248978 | 0,0
2880 | 36.258672297000885 | 136.1633758544922,217.75274658203125,0.18393218517303467 | -2.6801409980237167e-09,-2.3375856805785133e-09,0.000593703065533191 | 181.0 | 4.5075708499098255e-07,-5.713912401006382e-07,1.450811831782417e-10 | -3.646464463713528e-08,-7.274725533079618e-08,0.0015113679692149162 | 0,0
2890 | 36.39304629713297 | 136.1633758544922,217.75274658203125,0.18388496339321136 | 0.0,0.0,0.0 | 181.0 | 0.0,0.0,0.0 | 6.707747388645657e-07,4.918384206575865e-07,-0.0680277869105339 | 0,0
2900 | 36.520927499979734 | 136.1633758544922,217.75274658203125,0.1838788539171219 | -2.945881760751945e-09,-3.4472267262941614e-09,0.00018734464538283646 | 181.0 | 6.649735269093071e-07,-6.159942245176353e-07,1.7639242844147418e-10 | -8.494334480246835e-08,-3.179874852321518e-08,0.008189808577299118 | 0,0
2910 | 36.65103289857507 | 136.1633758544922,217.75274658203125,0.18390731513500214 | -1.3579489754889096e-09,-4.912691586866913e-09,0.0018914513057097793 | 181.0 | 9.484799079473305e-07,-2.886067420604377e-07,3.068814993789637e-11 | -7.381051769783653e-09,-1.4185181029802152e-08,0.049921173602342606 | 0,0
2920 | 36.776786997914314 | 136.1633758544922,217.75274658203125,0.18394485116004944 | -6.045959288769609e-09,-6.944495645200277e-09,-0.0006309058517217636 | 181.0 | 1.3384012618189445e-06,-1.341569713986246e-06,-1.4520409874485551e-10 | 7.774984567276988e-08,3.416427674096667e-08,-0.1874016672372818 | 0,0
2930 | 36.912011098116636 | 136.1633758544922,217.75274658203125,0.1838221698999405 | -2.3707658058924608e-09,-2.298540691114681e-09,0.0009643590310588479 | 181.0 | 4.4326267811811704e-07,-5.00614362408669e-07,1.073153371722313e-10 | -3.122797664900645e-08,-2.978047319857069e-08,0.013030960224568844 | 0,0
2940 | 37.04002450034022 | 136.1633758544922,217.75274658203125,0.18388137221336365 | -3.188461938918863e-09,-8.864144085407588e-09,-0.0004802726034540683 | 181.0 | 1.7107714711528388e-06,-6.751984074071515e-07,2.1127682936494807e-10 | -7.175857064112279e-08,-9.196693895319186e-08,-0.09837215393781662 | 0,0
2950 | 37.173095997422934 | 136.1633758544922,217.75274658203125,0.18388083577156067 | -5.2568105424199985e-09,-1.2120053405340059e-08,9.641314682085067e-05 | 181.0 | 2.3385621261695633e-06,-1.1465548368505551e-06,4.599760849988144e-11 | -8.859125655291678e-10,-4.459907643195038e-08,-0.04889356344938278 | 0,0
2960 | 37.30201390013099 | 136.1633758544922,217.75274658203125,0.18392585217952728 | -2.561098000342099e-09,-6.164283528065084e-10,2.5784000172279775e-05 | 181.0 | 1.1817770229072266e-07,-5.459843350763549e-07,6.616227010702858e-11 | -2.0560920077627998e-08,-1.7276226671469885e-08,0.07842066884040833 | 0,0
2970 | 37.437277998775244 | 136.1633758544922,217.75274658203125,0.18391653895378113 | -7.216201858284421e-09,-6.083438641724115e-09,0.0014405763940885663 | 181.0 | 1.1723275292752078e-06,-1.5620797739757109e-06,1.4486899180266022e-10 | -3.448691288099326e-08,-6.804864938203536e-08,0.062100376933813095 | 0,0
2980 | 37.56951919943094 | 136.1633758544922,217.75274658203125,0.1839219629764557 | -7.08390057724273e-09,-6.9806906921598966e-09,-0.0003230038855690509 | 181.0 | 1.34549748054269e-06,-1.5186143400569563e-06,2.041890406756508e-10 | -8.378530935715389e-08,-6.320387058167398e-08,0.003201297949999571 | 0,0
2990 | 37.698490899056196 | 136.1633758544922,217.75274658203125,0.18392562866210938 | -1.7261946316793342e-09,-4.948780829572286e-10,-0.0006124189822003245 | 181.0 | 9.538779721651736e-08,-3.3836414559118566e-07,2.2036411584380744e-10 | -1.404730767262663e-07,-7.000518387201282e-09,-0.05381898954510689 | 0,0
3000 | 37.8276501968503 | 136.1633758544922,217.75274658203125,0.18390968441963196 | -3.511017254709259e-09,-3.101481960143815e-09,0.00036412428016774356 | 181.0 | 5.973289489702438e-07,-7.893787028478982e-07,-6.659005291620446e-11 | 7.171473015432639e-08,-4.793670171920894e-08,-0.028061097487807274 | 0,0
3010 | 37.957808297127485 | 136.1633758544922,217.75274658203125,0.18391235172748566 | -4.6461932079466806e-09,-6.56137366661369e-09,4.1651077481219545e-05 | 181.0 | 1.2657951629080344e-06,-9.774084901437163e-07,3.186670094468269e-10 | -1.1122376974981307e-07,-6.28820373549388e-08,-0.09403475373983383 | 0,0
3020 | 38.088229298591614 | 136.1633758544922,217.75274658203125,0.18392851948738098 | -2.3067382726171815e-10,1.10800590924498e-09,0.0023724655620753765 | 181.0 | -2.1445407583087217e-07,-4.554713228799301e-08,-6.389064277634304e-11 | -1.6543111769351526e-08,7.946226787680644e-08,0.17014485597610474 | 0,0
3030 | 38.21949980035424 | 136.1633758544922,217.75274658203125,0.18400566279888153 | -5.041790096527166e-09,-1.0691588725464385e-09,0.000803055358119309 | 181.0 | 2.0495093622230343e-07,-1.0706274906624458e-06,2.2925908393922612e-10 | -8.953285401958055e-08,-6.044923850367923e-08,-0.035016417503356934 | 0,0
3040 | 38.351429399102926 | 136.1633758544922,217.75274658203125,0.18400336802005768 | -2.649195529613735e-09,-4.5503663059776045e-09,-0.0011920728720724583 | 181.0 | 8.77106060670485e-07,-6.194491106725764e-07,-1.8535084578275018e-10 | 1.2804633797713905e-07,-1.6849458717160815e-08,-0.1227191761136055 | 0,0
3050 | 38.48460889980197 | 136.1633758544922,217.75274658203125,0.18400703370571136 | -7.117682443436024e-09,-7.240575694567042e-09,0.0005279750912450254 | 181.0 | 1.3963033325126162e-06,-1.5107638091649278e-06,3.196247155834442e-10 | -1.401701155145929e-07,-8.078511370968045e-08,0.013847933150827885 | 0,0
3060 | 38.61785999685526 | 136.1633758544922,217.75274658203125,0.18412429094314575 | -4.449584700694231e-09,-3.0793554373076404e-09,0.00022724008886143565 | 181.0 | 5.934840601184987e-07,-9.240724239134579e-07,3.077065824363956e-10 | -1.433604097655916e-07,-7.428326398439822e-08,-0.07476157695055008 | 0,0
3070 | 38.743812300264835 | 136.1633758544922,217.75274658203125,0.18414901196956635 | -6.615734626791436e-09,-6.5357261824772195e-09,-0.00011661034659482539 | 181.0 | 1.2599740557561745e-06,-1.400744963575562e-06,1.9951670870987925e-10 | -1.4695372385631345e-07,4.213521265228337e-08,-0.036260902881622314 | 0,0
3080 | 38.873623199760914 | 136.1633758544922,217.75274658203125,0.18407264351844788 | -2.3575768004491238e-09,-4.381829565858197e-09,-0.00043974968139082193 | 181.0 | 8.451636404060991e-07,-5.249463015388756e-07,-4.016287302732735e-11 | 2.3718945030282157e-08,-7.87678011704429e-09,0.07790321111679077 | 0,0
3090 | 39.00408609956503 | 136.1633758544922,217.75274658203125,0.18397757411003113 | -7.476347319013144e-11,-2.8662363593667806e-09,-0.0017394210444763303 | 181.0 | 5.534952265406901e-07,-8.897130143736831e-09,6.84827125563281e-11 | -1.0621062251914282e-08,-4.650029694630575e-08,-0.22682607173919678 | 0,0
3100 | 39.133970096707344 | 136.1633758544922,217.75274658203125,0.1839621663093567 | -6.715913158927833e-09,-7.044904215547376e-09,0.0005360501818358898 | 181.0 | 1.3581415032604127e-06,-1.4262343484006124e-06,9.837208131413533e-11 | -1.243740115342007e-07,9.880541540496779e-08,0.00969903077930212 | 0,0
3110 | 39.26615319773555 | 136.1633758544922,217.75274658203125,0.1839607208967209 | -1.5920837981298064e-09,-2.4342710069902296e-09,0.0006727425497956574 | 181.0 | 4.698314626239153e-07,-3.19140269766649e-07,1.6040299644082268e-10 | -9.851247995129597e-08,8.605061552202642e-09,-0.022147133946418762 | 0,0
3120 | 39.394203796982765 | 136.1633758544922,217.75274658203125,0.18390440940856934 | -3.4048838748468313e-10,-1.7713414068865063e-09,-0.00013590086018666625 | 181.0 | 3.4224279943373404e-07,-6.405698371736435e-08,9.520278315688913e-11 | -2.534770970896716e-08,-4.294121325187916e-08,0.0417071208357811 | 0,0
3130 | 39.51943250000477 | 136.1633758544922,217.75274658203125,0.18391044437885284 | -3.136428228245336e-09,-7.047089578549048e-09,0.0002773895103018731 | 181.0 | 1.3594183201348642e-06,-7.168254683165287e-07,-1.6602252905784098e-10 | 1.5094254024461407e-07,-3.645869028900961e-08,-0.047287289053201675 | 0,0
3140 | 39.650555197149515 | 136.1633758544922,217.75274658203125,0.18389472365379333 | -2.2277335531839526e-09,-1.0829407592893858e-08,0.0007141265668906271 | 181.0 | 2.0910820239805616e-06,-4.594388940404315e-07,1.9382558058556043e-10 | -8.59587814261431e-08,-4.599638003810469e-08,-0.06167155131697655 | 0,0
3150 | 39.776972498744726 | 136.1633758544922,217.75274658203125,0.18391211330890656 | -7.627272702315224e-10,-4.211336002146737e-10,-0.001126888208091259 | 181.0 | 8.127646822231327e-08,-1.4962799355089373e-07,1.2452218423053552e-10 | -6.235151062128352e-08,-3.442687557253521e-08,-0.09212097525596619 | 0,0
3160 | 39.903915498405695 | 136.1633758544922,217.75274658203125,0.18387579917907715 | -1.0133999195360843e-09,-3.96636545829665e-09,0.0006633510929532349 | 181.0 | 7.602541245432803e-07,-1.5409775642183376e-06,-5.287553950239499e-09 | 5.766237336501945e-06,-3.411156740185106e-06,0.05962293595075607 | 0,0
3170 | 40.029760397970676 | 136.1633758544922,217.75274658203125,0.18391922116279602 | 2.5234245804028888e-09,-3.2962286233839677e-09,-0.00020214339019730687 | 181.0 | 6.377387080647168e-07,5.52217443328118e-07,-1.3063326462225966e-11 | 2.286122402495039e-08,-1.7051311473892383e-08,-0.07905146479606628 | 0,0
3180 | 40.15407259762287 | 136.1633758544922,217.75274658203125,0.18395712971687317 | -3.2003457661744505e-09,-4.501333972228849e-09,0.00020647354540415108 | 181.0 | 8.677756682118343e-07,-7.110403430488077e-07,-9.469077605350762e-11 | 4.077953263958989e-08,2.3624105338626578e-08,-0.0708518698811531 | 0,0
3190 | 40.2844038978219 | 136.1633758544922,217.75274658203125,0.18394255638122559 | 2.2926032183789857e-09,2.832573509081726e-09,-0.0004508371639531106 | 181.0 | -5.465843742058496e-07,4.6534026409972284e-07,-1.8376715427148582e-10 | 1.0481260659389591e-07,1.625645751346383e-08,-0.00272559467703104 | 0,0
3200 | 40.41362959891558 | 136.1633758544922,217.75274658203125,0.18396224081516266 | -9.590258587266476e-10,3.936463377485211e-10,0.0006920051528140903 | 181.0 | -7.60602532068333e-08,-1.9300229325835971e-07,1.4653231406036582e-10 | -5.121162161003667e-08,-4.4842845881021276e-08,0.0331142283976078 | 0,0
3210 | 40.540901098400354 | 136.1633758544922,217.75274658203125,0.18397940695285797 | -4.6454560198583295e-09,-4.460367186709391e-09,-0.0010900938650593162 | 181.0 | 8.596168754593236e-07,-9.997866072808392e-07,1.3258855124931301e-10 | -3.9783245142643864e-08,-5.693125970651636e-08,-0.17515352368354797 | 0,0
3220 | 40.67657610028982 | 136.1633758544922,217.75274658203125,0.18395668268203735 | -4.425925403950259e-09,-2.4238095974737917e-09,-8.926133159548044e-05 | 181.0 | 4.6685033794346964e-07,-9.214816714120388e-07,2.4856403046946696e-10 | -1.3732801562582608e-07,-1.3291179712382473e-08,-0.08522681891918182 | 0,0
3230 | 40.804585199803114 | 136.1633758544922,217.75274658203125,0.1840321272611618 | -9.09003983196044e-09,-3.1003399847406854e-09,0.0007794673438183963 | 181.0 | 6.264132252908894e-07,-6.379461297001399e-07,1.2169485863466889e-08 | -4.945243290421786e-06,-2.721470082178712e-06,-0.02717008627951145 | 0,0
3240 | 40.94124049693346 | 136.1633758544922,217.75241088867188,0.18393607437610626 | -0.00029323503258638084,-0.017862990498542786,0.0018774656346067786 | 181.0 | -0.12052790075540543,0.0018556654686108232,-0.00015643694496247917 | -0.01178839523345232,-0.7429140210151672,0.09166555106639862 | 0,0
3250 | 41.06796909868717 | 136.16319274902344,217.74514770507812,0.18362845480442047 | -0.002261561807245016,-0.13645929098129272,0.0010462561622262 | 181.0 | -0.6616418957710266,0.010050954297184944,0.45077207684516907 | -0.03615584596991539,-2.2081456184387207,0.10678466409444809 | 0,0
3260 | 41.19728669896722 | 136.16268920898438,217.70684814453125,0.1821672022342682 | -0.00687669450417161,-0.43506789207458496,-0.00016510733985342085 | 181.0 | -1.1399203538894653,0.020594539120793343,-0.3640328347682953 | -0.04117969796061516,-2.2035980224609375,0.05833452194929123 | 0,0
3270 | 41.3286770991981 | 136.16087341308594,217.5945587158203,0.17948554456233978 | -0.017742985859513283,-1.0638773441314697,-0.002026124857366085 | 181.0 | -1.9441936016082764,0.03466389700770378,-0.020053742453455925 | -0.07956061512231827,-4.769168376922607,-0.12021070718765259 | 0,0
3280 | 41.45417569950223 | 136.15809631347656,217.42747497558594,0.1775890290737152 | -0.024941422045230865,-1.4975923299789429,0.00023368826077785343 | 181.0 | -0.9123268723487854,0.015425438992679119,0.005694111809134483 | -0.04545736312866211,-2.741834878921509,0.0009623403311707079 | 0,0
3290 | 41.58079759776592 | 136.15489196777344,217.23475646972656,0.17700332403182983 | -0.030074719339609146,-1.8148140907287598,0.0002889562747441232 | 180.9 | -0.14515553414821625,0.001043146476149559,0.011700714938342571 | -0.044091176241636276,-2.6915910243988037,-0.006811518222093582 | 0,0
3300 | 41.71140639856458 | 136.15013122558594,216.9477081298828,0.17712974548339844 | -0.03571042791008949,-2.174419403076172,-0.000910273171029985 | 180.9 | 0.24511240422725677,-0.007028516847640276,0.020832963287830353 | -0.03757078945636749,-2.548628807067871,-0.09945030510425568 | 0,0
3310 | 41.84209789708257 | 136.14511108398438,216.64134216308594,0.1775335669517517 | -0.0402422770857811,-2.4873969554901123,0.0010061826324090362 | 180.9 | 0.29756301641464233,-0.012762101367115974,0.036967113614082336 | -0.017201893031597137,-1.7374029159545898,0.15992121398448944 | 0,0
3320 | 41.97377239912748 | 136.13943481445312,216.2921600341797,0.17799270153045654 | -0.044474516063928604,-2.792762041091919,0.001047325786203146 | 180.9 | 0.25140485167503357,-0.011145689524710178,0.05472515895962715 | -0.02806483954191208,-2.1181447505950928,0.030144914984703064 | 0,0
3330 | 42.099155496805906 | 136.1342315673828,215.96632385253906,0.17840620875358582 | -0.04623768851161003,-2.967987537384033,-0.0015133710112422705 | 180.9 | 0.8604835271835327,-0.02020646445453167,0.077642060816288 | 0.02178870141506195,0.7154183387756348,-0.18128277361392975 | 0,0
3340 | 42.22581319883466 | 136.12823486328125,215.58363342285156,0.18181869387626648 | -0.03680717945098877,-2.4414377212524414,0.000280402455246076 | 180.9 | 3.5622243881225586,-0.05880080163478851,0.08947613835334778 | 0.08942116051912308,5.184601306915283,-0.02777354046702385 | 0,0
3350 | 42.3540606983006 | 136.12399291992188,215.3053436279297,0.18588340282440186 | -0.031246552243828773,-2.137105703353882,0.0005196596030145884 | 180.8 | 1.5416775941848755,-0.02634296379983425,0.08963941037654877 | 0.006768896710127592,-0.12513278424739838,-0.0054926383309066296 | 0,0
3360 | 42.482170298695564 | 136.1201934814453,215.0500946044922,0.18609511852264404 | -0.03231474757194519,-2.278308629989624,0.0014377071056514978 | 180.8 | -0.8135802149772644,0.008134018629789352,0.10916920006275177 | -0.00908907875418663,-1.3095840215682983,0.0036070183850824833 | 0,0
3370 | 42.611107498407364 | 136.11529541015625,214.71107482910156,0.1841844916343689 | -0.03446080535650253,-2.5229761600494385,5.16730360686779e-05 | 180.8 | -1.4587658643722534,0.01366464700549841,0.13914720714092255 | -0.010105284862220287,-1.9487522840499878,0.013772170059382915 | 0,0
3380 | 42.7435665987432 | 136.1107940673828,214.3900604248047,0.18228377401828766 | -0.03638309985399246,-2.778738021850586,-0.0009678257629275322 | 180.8 | -1.2929236888885498,0.007739496883004904,0.1739102452993393 | -0.012939593754708767,-2.382535696029663,-0.01365767139941454 | 0,0
3390 | 42.873547699302435 | 136.10560607910156,214.00588989257812,0.18079376220703125 | -0.038041915744543076,-3.0927538871765137,0.0006739446544088423 | 180.7 | -0.8395616412162781,-0.004513046704232693,0.22238746285438538 | -0.0029395276214927435,-1.929937720298767,-0.046226345002651215 | 0,0
3400 | 43.00284289941192 | 136.1002960205078,213.58905029296875,0.17986510694026947 | -0.03870987892150879,-3.3489062786102295,0.001272088848054409 | 180.7 | -0.5108082890510559,-0.01074824295938015,0.26677972078323364 | 0.012685245834290981,-2.047520160675049,0.0825137197971344 | 0,0
3410 | 43.1283371001482 | 136.09500122070312,213.14694213867188,0.17937225103378296 | -0.03885775804519653,-3.647770881652832,0.0006874215323477983 | 180.6 | -0.23889198899269104,-0.012706649489700794,0.3150689899921417 | 0.01417496521025896,-1.8964622020721436,0.0566377267241478 | 0,0
3420 | 43.25654339790344 | 136.08963012695312,212.66351318359375,0.1791345179080963 | -0.03694223240017891,-3.897953510284424,0.0008133291266858578 | 180.5 | 0.05645865947008133,-0.02776443213224411,0.38524988293647766 | 0.0374939851462841,-1.0491631031036377,0.08529423922300339 | 0,0
3430 | 43.38594380021095 | 136.0846405029297,212.16961669921875,0.18061873316764832 | -0.03086286410689354,-3.6595263481140137,0.000981973367743194 | 180.5 | 2.2638044357299805,-0.03108581341803074,0.39370474219322205 | 0.10234516113996506,4.263069152832031,-0.01813194714486599 | 0,0
3440 | 43.51612379774451 | 136.0806427001953,211.725341796875,0.1838516891002655 | -0.02441324107348919,-3.402791976928711,-4.185135549050756e-05 | 180.4 | 1.6108728647232056,-0.02708590403199196,0.3968716561794281 | 0.06294345110654831,0.3881111741065979,-0.031759992241859436 | 0,0
3450 | 43.644414599984884 | 136.0771484375,211.28717041015625,0.1846851259469986 | -0.021777309477329254,-3.474658727645874,0.0001237426622537896 | 180.4 | -0.14794273674488068,0.006011162884533405,0.40851891040802 | -0.02126135863363743,-1.0424654483795166,-0.042481325566768646 | 0,0
3460 | 43.774095598608255 | 136.0738983154297,210.8186798095703,0.18372169137001038 | -0.019057858735322952,-3.666189193725586,0.0005508398171514273 | 180.3 | -0.9125362634658813,0.009359561838209629,0.4421148896217346 | -0.018188131973147392,-1.700240969657898,0.07293009012937546 | 0,0
3470 | 43.9025032967329 | 136.0707550048828,210.28163146972656,0.18223990499973297 | -0.01548154279589653,-3.920577049255371,0.0015984686324372888 | 180.2 | -0.9311713576316833,-0.016721544787287712,0.48318687081336975 | 0.0510031096637249,-1.697346568107605,0.08685526251792908 | 0,0
3480 | 44.032560899853706 | 136.06851196289062,209.80972290039062,0.18118636310100555 | -0.012834806926548481,-4.138016223907471,0.0008346583344973624 | 180.2 | -0.6851852536201477,-0.004113346338272095,0.49479371309280396 | 0.05197926238179207,-1.6274288892745972,0.14021164178848267 | 0,0
3490 | 44.163585897535086 | 136.06643676757812,209.2439727783203,0.18049827218055725 | -0.008241076022386551,-4.352693557739258,0.0009979730239138007 | 180.1 | -0.2608679533004761,-0.0006904089241288602,0.5287428498268127 | 0.09198933839797974,-1.4685604572296143,0.05228962004184723 | 0,0
3500 | 44.295209396630526 | 136.06497192382812,208.65814208984375,0.1804540902376175 | -0.002857252024114132,-4.505147457122803,0.00019004249770659953 | 180.0 | 0.15466605126857758,-0.017765235155820847,0.5451302528381348 | 0.08358465135097504,-1.0368815660476685,-0.020424922928214073 | 0,0
3510 | 44.43341949954629 | 136.06410217285156,208.0467529296875,0.18173255026340485 | 0.0009575372678227723,-4.307814121246338,0.00022704857110511512 | 180.0 | 1.8817315101623535,0.034348174929618835,0.48277363181114197 | -0.003999628126621246,4.34539270401001,-0.14001254737377167 | 0,0
3520 | 44.56149919703603 | 136.06393432617188,207.53775024414062,0.18548385798931122 | 0.005366026423871517,-3.7901322841644287,0.001247246516868472 | 179.9 | 2.2988407611846924,-0.00018504417676012963,0.4244500398635864 | 0.08143444359302521,2.0641555786132812,0.011813330464065075 | 0,0
3530 | 44.692415699362755 | 136.0642547607422,207.0071563720703,0.18694168329238892 | 0.009029794484376907,-3.7193737030029297,0.0008380615036003292 | 179.9 | -0.12007154524326324,-0.01130029559135437,0.4091886281967163 | 0.050956763327121735,-0.45881137251853943,-0.050794463604688644 | 0,0
3540 | 44.82066049799323 | 136.06494140625,206.52056884765625,0.18580611050128937 | 0.011545225977897644,-3.8537967205047607,-0.0003354876535013318 | 179.8 | -1.205325722694397,-0.019819846376776695,0.38696736097335815 | 0.08143041282892227,-1.3268110752105713,-0.09386643767356873 | 0,0
3550 | 44.95075849816203 | 136.0658721923828,206.05001831054688,0.18405349552631378 | 0.013035531155765057,-4.036463260650635,0.0018017470138147473 | 179.8 | -1.3037928342819214,-0.011136870831251144,0.3484354019165039 | 0.14378835260868073,-1.619076132774353,0.14054520428180695 | 0,0
3560 | 45.07639639824629 | 136.06727600097656,205.53134155273438,0.18255615234375 | 0.01586505025625229,-4.226044654846191,0.00019061587227042764 | 179.8 | -0.9238040447235107,0.02818138152360916,0.3485153019428253 | -0.02962329424917698,-1.4085580110549927,-0.0891256034374237 | 0,0
3570 | 45.20527769997716 | 136.06915283203125,204.9833984375,0.18165649473667145 | 0.020291239023208618,-4.380041599273682,-0.0008853314793668687 | 179.7 | -0.3936336636543274,-0.01093995664268732,0.3607175350189209 | 0.09444509446620941,-0.9546542763710022,-0.1400265246629715 | 0,0
3580 | 45.335497196763754 | 136.071533203125,204.39498901367188,0.18141937255859375 | 0.02377445250749588,-4.489657878875732,0.001712873112410307 | 179.7 | 0.05420468747615814,-0.014715808443725109,0.35237303376197815 | 0.044480424374341965,-0.6212890148162842,0.21322208642959595 | 0,0
3590 | 45.476550698280334 | 136.07479858398438,203.7000274658203,0.1817779541015625 | 0.02616870403289795,-4.5583600997924805,-0.0004829889803659171 | 179.7 | 0.33578479290008545,0.007791043259203434,0.30501070618629456 | 0.02460906095802784,-0.30334270000457764,-0.12604869902133942 | 0,0
3600 | 45.60506599768996 | 136.07781982421875,203.11282348632812,0.18237578868865967 | 0.02752799168229103,-4.582138538360596,0.0009028188651427627 | 179.7 | 0.38946041464805603,0.013578231446444988,0.2578122913837433 | -0.010593432933092117,-0.10200008749961853,0.0529613271355629 | 0,0
3610 | 45.75922479853034 | 136.08181762695312,202.40625,0.18287986516952515 | 0.0299405325204134,-4.590302467346191,0.0025823290925472975 | 179.6 | 0.31905901432037354,-0.004934864118695259,0.23563826084136963 | 0.06800779700279236,-0.0396411307156086,0.10617072135210037 | 0,0
3620 | 45.88619579747319 | 136.08499145507812,201.8808135986328,0.18334968388080597 | 0.029957668855786324,-4.59129524230957,0.0015969874802976847 | 179.6 | 0.23030176758766174,0.02330087311565876,0.1814054548740387 | 0.007585110142827034,-0.004408450331538916,0.0322619304060936 | 0,0
3630 | 46.01298559829593 | 136.08865356445312,201.29547119140625,0.18360725045204163 | 0.031403549015522,-4.592520713806152,0.0013091075234115124 | 179.6 | 0.13463619351387024,0.01001138798892498,0.16873124241828918 | -0.012074620462954044,-0.017366662621498108,0.10890881717205048 | 0,0
3640 | 46.13921619951725 | 136.09278869628906,200.661865234375,0.1837492287158966 | 0.03212972730398178,-4.596923828125,-0.00102602771949023 | 179.6 | 0.05460742861032486,0.009930016472935677,0.13793648779392242 | -0.012015901505947113,-0.04793126508593559,-0.17296473681926727 | 0,0
3650 | 46.2662869989872 | 136.09674072265625,200.07730102539062,0.18376334011554718 | 0.032676707953214645,-4.6043171882629395,0.0009218736668117344 | 179.6 | 0.008201870135962963,0.00507706543430686,0.11306020617485046 | 0.0093004135414958,-0.061547961086034775,0.0874003991484642 | 0,0
3660 | 46.39547269791365 | 136.1004180908203,199.53880310058594,0.18373443186283112 | 0.03317831829190254,-4.613490104675293,0.0013797846622765064 | 179.6 | -0.014101311564445496,-8.33837257232517e-05,0.09666889905929565 | 0.01936950907111168,-0.08205301314592361,0.1359609216451645 | 0,0
3670 | 46.52330679818988 | 136.10450744628906,198.9499969482422,0.18371795117855072 | 0.03315168246626854,-4.625329971313477,0.00035242456942796707 | 179.6 | -0.022909030318260193,0.001733813202008605,0.06862452626228333 | 0.004573610611259937,-0.09576304256916046,0.025299832224845886 | 0,0
3680 | 46.65123539790511 | 136.10845947265625,198.3602752685547,0.18368400633335114 | 0.03054758720099926,-4.63953161239624,-0.0008485611178912222 | 179.6 | -0.021058859303593636,0.019987810403108597,-0.017536340281367302 | 0.0003105088835582137,-0.10382403433322906,0.004246882628649473 | 0,0
3690 | 46.78184859827161 | 136.11180114746094,197.74618530273438,0.18363967537879944 | 0.008950452320277691,-4.652961254119873,0.0014421474188566208 | 179.8 | -0.01563175581395626,0.3319844603538513,-0.5660187005996704 | -0.4961751699447632,-0.08336123824119568,-0.0014019400114193559 | 0,0
3700 | 46.90977579727769 | 136.11026000976562,197.1524200439453,0.18368102610111237 | -0.06549245119094849,-4.663124084472656,0.00046522082993760705 | 180.8 | -0.002030837582424283,1.09027099609375,-2.3870859146118164 | -1.7944631576538086,-0.03254622966051102,-0.036251720041036606 | 0,0
3710 | 47.04263789951801 | 136.09434509277344,196.47518920898438,0.18373900651931763 | -0.2521471083164215,-4.666106700897217,0.0003115541476290673 | 183.1 | 0.06012789160013199,2.0409188270568848,-6.651565074920654 | -2.761216640472412,0.1768762618303299,-0.0816420316696167 | 0,0
3720 | 47.170471999794245 | 136.060791015625,195.93467712402344,0.18391311168670654 | -0.4848419427871704,-4.650298595428467,0.00016042582865338773 | 186.0 | 0.13973188400268555,2.0420024394989014,-11.41055679321289 | -1.3542604446411133,0.028257615864276886,0.044622622430324554 | 0,0
3730 | 47.298264898359776 | 135.9872589111328,195.2888946533203,0.18419058620929718 | -0.8259117603302002,-4.605213642120361,0.0007863828213885427 | 190.2 | 0.21468894183635712,1.658739686012268,-17.060651779174805 | -1.6635427474975586,0.16860170662403107,0.05022507160902023 | 0,0
3740 | 47.42471889778972 | 135.89468383789062,194.76800537109375,0.18442007899284363 | -1.1402113437652588,-4.543308258056641,1.8785060092341155e-05 | 194.1 | 0.23227345943450928,1.221356987953186,-21.240192413330078 | -2.339789867401123,0.4381152391433716,-0.002088867826387286 | 0,0
3750 | 47.55512519925833 | 135.7540283203125,194.18212890625,0.18455290794372559 | -1.455954670906067,-4.472099304199219,0.0009991497499868274 | 198.0 | 0.06865950673818588,0.20669929683208466,-23.69593048095703 | -1.3253315687179565,0.1494627594947815,0.08814238756895065 | 0,0
3760 | 47.68382729962468 | 135.557861328125,193.55079650878906,0.18464690446853638 | -1.778871774673462,-4.380733013153076,0.00037459455779753625 | 202.1 | -0.14925822615623474,-0.5914176106452942,-25.185819625854492 | -0.7492126822471619,-0.0410800501704216,0.0015864416491240263 | 0,0
3770 | 47.81536789983511 | 135.36241149902344,193.03140258789062,0.18463706970214844 | -2.041389226913452,-4.287234306335449,0.0011553213698789477 | 205.5 | 0.03502405807375908,0.04340297356247902,-25.878803253173828 | -2.8995161056518555,1.3392294645309448,0.06614929437637329 | 0,0
3780 | 47.95351639762521 | 135.0968475341797,192.43603515625,0.18468406796455383 | -2.3211891651153564,-4.164868354797363,-0.0011401138035580516 | 209.1 | -0.0473315492272377,-0.2127160131931305,-26.270458221435547 | -1.420576810836792,0.47456246614456177,-0.16784824430942535 | 0,0
3790 | 48.082708198577166 | 134.81182861328125,191.89854431152344,0.18482093513011932 | -2.6245689392089844,-3.9894955158233643,0.0003514323616400361 | 213.3 | 0.31341058015823364,0.48903265595436096,-28.039443969726562 | -2.9988527297973633,2.005566120147705,0.04751499369740486 | 0,0
3800 | 48.21280199661851 | 134.4954376220703,191.37977600097656,0.18485938012599945 | -2.8664464950561523,-3.8412020206451416,0.0010047274408861995 | 216.7 | 0.25609317421913147,0.3709094524383545,-27.7305850982666 | -2.608410120010376,2.048966884613037,0.027135713025927544 | 0,0
3810 | 48.34532879665494 | 134.1288604736328,190.86851501464844,0.1850331872701645 | -3.1798095703125,-3.5844802856445312,0.00021883053705096245 | 221.6 | 0.6303009390830994,0.7966753840446472,-30.35042953491211 | -2.4944841861724854,2.231924057006836,0.04381319880485535 | 0,0
3820 | 48.47846530005336 | 133.72352600097656,190.385498046875,0.18518264591693878 | -3.5016467571258545,-3.280766487121582,0.00035520762321539223 | 226.0 | 0.8473089933395386,0.945644736289978,-32.27170944213867 | -3.3927760124206543,4.097789287567139,-0.022763419896364212 | 0,0
3830 | 48.60497899726033 | 133.30628967285156,189.95703125,0.1852773278951645 | -3.6938483715057373,-3.096602439880371,-5.153953316039406e-05 | 230.0 | 0.12252223491668701,0.13247716426849365,-31.294158935546875 | -2.929880380630493,3.778193950653076,-0.11645712703466415 | 0,0
3840 | 48.7339504994452 | 132.8466033935547,189.54351806640625,0.18518172204494476 | -3.902374505996704,-2.8641600608825684,-0.00032538853702135384 | 233.7 | -0.2697051465511322,-0.24173535406589508,-30.77499008178711 | -1.6766077280044556,1.8672404289245605,0.22062499821186066 | 0,0
3850 | 48.86178109794855 | 132.3181915283203,189.1425018310547,0.18538512289524078 | -4.159791946411133,-2.478410243988037,0.0007354419794864953 | 239.2 | 0.3794522285461426,0.26266220211982727,-33.27561950683594 | -1.7708271741867065,3.045577049255371,0.04071860760450363 | 0,0
3860 | 48.995600797235966 | 131.8346710205078,188.83045959472656,0.18534797430038452 | -4.3488616943359375,-2.1808602809906006,0.0002846824936568737 | 242.7 | -0.27170634269714355,-0.16711050271987915,-32.615509033203125 | -1.7448738813400269,3.5109634399414062,-0.04296319931745529 | 0,0
3870 | 49.1214758977294 | 131.30642700195312,188.54173278808594,0.18547813594341278 | -4.506927490234375,-1.8353358507156372,-0.0006175285670906305 | 247.8 | 0.6319429278373718,0.33217865228652954,-34.38173294067383 | -1.5306519269943237,3.9268202781677246,-0.1254555732011795 | 0,0
3880 | 49.251513697206974 | 130.7358856201172,188.2854461669922,0.18546004593372345 | -4.650331974029541,-1.4908678531646729,-0.0014834420289844275 | 252.2 | 0.2395957112312317,0.10353924334049225,-34.319427490234375 | -1.4863286018371582,5.0063018798828125,-0.003401255700737238 | 0,0
3890 | 49.377100098878145 | 130.16891479492188,188.08038330078125,0.18549911677837372 | -4.760884761810303,-1.1646058559417725,0.0002943912986665964 | 256.3 | -0.2822389006614685,-0.11504412442445755,-33.90430450439453 | -0.7656685709953308,1.9121524095535278,-0.05132241174578667 | 0,0
3900 | 49.50722609832883 | 129.50892639160156,187.90377807617188,0.18559561669826508 | -4.85732364654541,-0.7565438747406006,-0.0013594921911135316 | 261.1 | -1.1721844673156738,-0.3466838598251343,-33.9691162109375 | -0.57066810131073,0.733651876449585,-0.08228655904531479 | 0,0
3910 | 49.63444979861379 | 128.9618682861328,187.79006958007812,0.18528549373149872 | -4.9146952629089355,-0.5585467219352722,0.0003441759035922587 | 263.5 | -1.3241076469421387,-0.2419281154870987,-30.429248809814453 | -0.4490794539451599,1.994309425354004,-0.060006219893693924 | 0,0
3920 | 49.76264359802008 | 128.34608459472656,187.69064331054688,0.18492187559604645 | -4.956251621246338,-0.4034644663333893,0.001921514980494976 | 265.3 | -1.534441590309143,-0.20106321573257446,-25.971132278442383 | -0.23985570669174194,1.4473909139633179,0.2672061026096344 | 0,0
3930 | 49.890808299183846 | 127.65436553955078,187.60543823242188,0.1845911294221878 | -4.982380390167236,-0.29534459114074707,0.0005973442457616329 | 266.6 | -1.682952642440796,-0.1733914166688919,-20.737703323364258 | -0.13424336910247803,0.4904763400554657,0.03833278641104698 | 0,0
3940 | 50.0197809971869 | 127.08000946044922,187.5507354736328,0.1843903362751007 | -4.992788791656494,-0.21807241439819336,0.00017434726760257035 | 267.5 | -1.1348347663879395,-0.08531161397695541,-17.25831413269043 | -0.06302453577518463,0.6154488921165466,0.011725004762411118 | 0,0
3950 | 50.14418959990144 | 126.45978546142578,187.50546264648438,0.18429145216941833 | -4.99825382232666,-0.15046444535255432,0.0003225690743420273 | 268.3 | -0.7870678305625916,-0.04035579413175583,-14.15890121459961 | -0.029371073469519615,0.8120145201683044,-0.019107544794678688 | 0,0
3960 | 50.271554198116064 | 125.82252502441406,187.467041015625,0.18413123488426208 | -5.0011162757873535,-0.1434628963470459,0.0011223502224311233 | 268.4 | -0.8634092211723328,-0.0306242723017931,-10.355627059936523 | -0.027232903987169266,-0.10255975276231766,0.19425883889198303 | 0,0
3970 | 50.401151698082685 | 125.18144226074219,187.43829345703125,0.18403618037700653 | -5.005095481872559,-0.09194834530353546,0.00017436669440940022 | 268.9 | -0.3079736530780792,0.015045438893139362,-8.67588996887207 | -0.03465689346194267,0.5999771356582642,0.007557370234280825 | 0,0
3980 | 50.532577097415924 | 124.51921844482422,187.4173583984375,0.18443663418293 | -5.011162757873535,-0.051599547266960144,0.0020894126500934362 | 269.4 | -0.3236781656742096,0.022187689319252968,-7.140102863311768 | -0.052020363509655,0.11348886787891388,-0.04649811610579491 | 0,0
3990 | 50.65798529982567 | 123.9023208618164,187.404296875,0.18441741168498993 | -5.018077850341797,-0.016632869839668274,-0.0004449440457392484 | 269.8 | -0.2467629760503769,0.026320600882172585,-6.057601451873779 | -0.05737340822815895,0.060854941606521606,-0.008046507835388184 | 0,0
4000 | 50.78637569770217 | 123.18754577636719,187.3959503173828,0.18427619338035583 | -5.022492408752441,0.018755795434117317,-0.0006413061637431383 | 270.2 | -0.2025221884250641,-0.005051685031503439,-4.637557029724121 | -0.013850213028490543,0.05621038377285004,0.0010237290989607573 | 0,0
4010 | 50.9156483002007 | 122.54054260253906,187.39361572265625,0.18415527045726776 | -5.0038251876831055,0.047391656786203384,-0.006437472067773342 | 270.5 | -0.09171635657548904,-0.04585269093513489,-4.259847164154053 | -0.25440090894699097,0.3515705466270447,0.024296406656503677 | 0,0
4020 | 51.04554259777069 | 121.95348358154297,187.39622497558594,0.18416282534599304 | -5.0310516357421875,0.0708894282579422,0.000278476276434958 | 270.8 | -0.3068010210990906,0.11448951810598373,-3.5904312133789062 | -0.20761005580425262,0.32776352763175964,-0.00667192367836833 | 0,0
4030 | 51.170808497816324 | 121.3148193359375,187.40133666992188,0.18402449786663055 | -5.045527458190918,0.08330855518579483,-7.769506191834807e-05 | 270.9 | -0.23000818490982056,0.04302259162068367,-2.3643202781677246 | 0.150440514087677,0.24322237074375153,-0.00039189253584481776 | 0,0
4040 | 51.29731319844723 | 120.68247985839844,187.40904235839844,0.18407469987869263 | -5.030582427978516,0.09770680963993073,-9.834024967858568e-05 | 271.1 | -0.18003438413143158,-0.07014625519514084,-2.921294689178467 | -0.0516275130212307,-0.18233627080917358,0.0001309154467890039 | 0,0
4050 | 51.42446829751134 | 119.98072814941406,187.42022705078125,0.1841275691986084 | -5.031157493591309,0.11197595298290253,-6.649043643847108e-05 | 271.3 | -0.11582247167825699,-0.011395791545510292,-2.778064489364624 | -0.009698755107820034,-0.04470112919807434,0.0002084861189359799 | 0,0
4060 | 51.55467079952359 | 119.38679504394531,187.43167114257812,0.18422432243824005 | -5.015264511108398,0.12276983261108398,-3.644525713752955e-05 | 271.4 | -0.0235282052308321,-0.010875771753489971,-1.3081285953521729 | -0.29342448711395264,0.16347625851631165,0.0003046772617381066 | 0,0
4070 | 51.68166349828243 | 118.68869018554688,187.4468536376953,0.18408653140068054 | -5.043577194213867,0.13231763243675232,-1.9166585843777284e-05 | 271.5 | -0.06034977361559868,0.11970652639865875,-1.975648283958435 | -0.14255391061306,0.007020104676485062,5.7599114370532334e-05 | 0,0
4080 | 51.80733849853277 | 118.11290740966797,187.46080017089844,0.18395812809467316 | -5.062736511230469,0.14056822657585144,-1.2033880921080709e-05 | 271.6 | -0.040549151599407196,0.1010420098900795,-0.7816624045372009 | -0.3342639207839966,0.06461024284362793,5.4358304623747244e-05 | 0,0
4090 | 51.93896909803152 | 117.38529205322266,187.47970581054688,0.183857724070549 | -5.083247184753418,0.15118108689785004,-3.938061581720831e-06 | 271.7 | -0.015688659623265266,0.04897181689739227,-1.9145267009735107 | -0.23315784335136414,0.10300247371196747,0.000491788552608341 | 0,0
4100 | 52.06200749799609 | 116.81986236572266,187.49581909179688,0.18385100364685059 | -5.096721649169922,0.16005203127861023,-5.378061359806452e-06 | 271.8 | -0.004758504685014486,0.049377456307411194,-0.6075820326805115 | -0.32040488719940186,0.09016542136669159,4.9888247303897515e-05 | 0,0
4110 | 52.185165997594595 | 116.12947845458984,187.51670837402344,0.18376792967319489 | -5.1249494552612305,0.1719532161951065,-1.4494114566332428e-06 | 271.9 | 0.008423589169979095,0.04415106773376465,-1.4373538494110107 | -0.12729594111442566,0.07004252076148987,0.00036346702836453915 | 0,0
4120 | 52.31521339714527 | 115.46271514892578,187.53843688964844,0.18380165100097656 | -5.12965726852417,0.18234777450561523,-1.9356982647877885e-06 | 272.0 | -0.016371041536331177,-0.04984770715236664,-1.645305871963501 | 0.04690224304795265,0.03588688746094704,3.1097813916858286e-05 | 0,0
4130 | 52.444622699171305 | 114.87798309326172,187.55859375,0.18390396237373352 | -5.128452777862549,0.18965722620487213,1.1251978548898478e-06 | 272.1 | -0.030088283121585846,-0.05628133565187454,-0.40025782585144043 | -0.11376535892486572,0.061325911432504654,4.2326028051320463e-05 | 0,0
4140 | 52.574948597699404 | 114.19477081298828,187.58302307128906,0.18403488397598267 | -5.1204833984375,0.19532673060894012,7.437728868353588e-07 | 272.2 | -0.03888890892267227,-0.04783632233738899,-0.19649609923362732 | -0.14158950746059418,0.08628782629966736,2.6586174499243498e-05 | 0,0
4150 | 52.70045519992709 | 113.55039978027344,187.6066131591797,0.18402603268623352 | -5.1356940269470215,0.19630925357341766,2.1073733478260692e-06 | 272.2 | -0.077304407954216,0.051698993891477585,-0.09322300553321838 | -0.16790011525154114,0.01335681602358818,-2.5356324840686284e-05 | 0,0
4160 | 52.831536296755075 | 112.81460571289062,187.6335906982422,0.18397757411003113 | -5.147777557373047,0.19160974025726318,8.677287723912741e-07 | 272.1 | -0.12142026424407959,0.047833893448114395,-0.7557286024093628 | -0.2321220338344574,-0.09061145037412643,8.278436143882573e-05 | 0,0
4170 | 52.96361289918423 | 112.13410949707031,187.6580047607422,0.18394812941551208 | -5.155999660491943,0.18238608539104462,-1.0488818134035682e-06 | 272.0 | -0.12729009985923767,0.014506702311336994,-0.7074528336524963 | -0.11770276725292206,-0.11120579391717911,-0.00016499057528562844 | 0,0
4180 | 53.0865994989872 | 111.559814453125,187.67787170410156,0.18394851684570312 | -5.166428565979004,0.1713034063577652,-2.0310876607254613e-06 | 271.9 | -0.10767049342393875,0.048598457127809525,0.7660577297210693 | -0.29167574644088745,-0.06653685867786407,-0.0003051349485758692 | 0,0
4190 | 53.21131789684296 | 110.85294342041016,187.7005615234375,0.18383368849754333 | -5.196200370788574,0.15391628444194794,-1.6782440752649563e-06 | 271.7 | -0.10065511614084244,0.07634776830673218,0.31660720705986023 | -0.24895234405994415,-0.11578930169343948,-5.261506885290146e-06 | 0,0
4200 | 53.33608079701662 | 110.2038345336914,187.7197265625,0.18380118906497955 | -5.207343578338623,0.13619370758533478,-2.898830871345126e-06 | 271.5 | -0.11288678646087646,-0.0027887446340173483,0.6093792915344238 | -0.15803435444831848,-0.2370372712612152,-0.0001855430455179885 | 0,0
4210 | 53.465708296746016 | 109.59341430664062,187.73597717285156,0.1838337630033493 | -5.211334228515625,0.11665252596139908,-2.593669933048659e-06 | 271.3 | -0.047377292066812515,-0.06288266181945801,0.5968034267425537 | 0.17218604683876038,-0.06813917309045792,-9.75489238044247e-05 | 0,0
4220 | 53.59074899926782 | 108.93816375732422,187.7511749267578,0.18393699824810028 | -5.21034574508667,0.09826607257127762,-2.8130170903750695e-06 | 271.1 | -0.05916175991296768,-0.04603227972984314,1.7718218564987183 | -0.02604733034968376,-0.25097453594207764,-3.418714550207369e-05 | 0,0
4230 | 53.71599489822984 | 108.28984832763672,187.7639923095703,0.18395644426345825 | -5.220937252044678,0.08127716928720474,-2.6699856903178443e-07 | 270.9 | 0.02839326113462448,0.00441030552610755,1.7867122888565063 | -0.0700937956571579,-0.02738979458808899,4.363817788544111e-05 | 0,0
4240 | 53.8413142003119 | 107.62857818603516,187.77493286132812,0.18394827842712402 | -5.230460166931152,0.06118950620293617,-1.8785228803608334e-06 | 270.7 | 0.013166097924113274,0.0057589090429246426,1.1041113138198853 | -0.0887133926153183,-0.07222171127796173,-6.619185296585783e-05 | 0,0
4250 | 53.967849899083376 | 106.96958923339844,187.78378295898438,0.18395255506038666 | -5.2353129386901855,0.047718342393636703,7.819154461685685e-07 | 270.5 | 0.045571595430374146,-0.00661142123863101,1.8685710430145264 | -0.08883177489042282,-0.021546024829149246,-3.947915047319839e-06 | 0,0
4260 | 54.09482869878411 | 106.24130249023438,187.7911834716797,0.18397338688373566 | -5.241184711456299,0.029304198920726776,-1.3921978734288132e-06 | 270.3 | -0.006965638604015112,0.003988256212323904,0.9897305369377136 | -0.10636314749717712,-0.29036974906921387,-0.0004213659558445215 | 0,0
4270 | 54.22187449783087 | 105.57493591308594,187.79600524902344,0.18397003412246704 | -5.248373508453369,0.01539901178330183,-4.5770883616569336e-07 | 270.2 | -0.01244538463652134,0.008283402770757675,0.8764090538024902 | -0.028585895895957947,-0.2302321195602417,9.958044392988086e-05 | 0,0
4280 | 54.34617579728365 | 104.92202758789062,187.79898071289062,0.18395927548408508 | -5.2591118812561035,0.0040352316573262215,-1.0965816272801021e-06 | 270.0 | -0.0021047587506473064,0.03507799282670021,0.8709393739700317 | -0.21670357882976532,-0.28116726875305176,5.954400876362342e-06 | 0,0
4290 | 54.47241299971938 | 104.25728607177734,187.80084228515625,0.18392707407474518 | -5.268861770629883,-0.0021818438544869423,3.957238277507713e-06 | 270.0 | 0.04649091884493828,0.009490410797297955,0.5500988960266113 | -0.05259448662400246,0.012841840274631977,0.00010931466385954991 | 0,0
4300 | 54.596893798559904 | 103.66726684570312,187.80149841308594,0.18395233154296875 | -5.271039962768555,-0.010292671620845795,-6.484258392447373e-07 | 269.9 | 0.005165690556168556,-0.006938076112419367,1.2871166467666626 | -0.12324652820825577,-0.027199402451515198,5.1951432396890596e-05 | 0,0
4310 | 54.72068499773741 | 102.94786071777344,187.80105590820312,0.18393714725971222 | -5.284695148468018,-0.016767971217632294,1.087061036741943e-06 | 269.8 | 0.03801973909139633,0.02015158161520958,0.5286908149719238 | -0.1294022500514984,0.030166158452630043,-0.00010500019561732188 | 0,0
4320 | 54.84713699668646 | 102.27899169921875,187.79959106445312,0.18392761051654816 | -5.292580604553223,-0.023759325966238976,1.9166509446222335e-06 | 269.7 | 0.0015104722697287798,-0.0007905776728875935,0.3438692092895508 | -0.04539000615477562,-0.16647909581661224,-2.6804860681295395e-05 | 0,0
4330 | 54.97387709841132 | 101.67366790771484,187.79779052734375,0.18394698202610016 | -5.2944865226745605,-0.026080140843987465,1.4684816278531798e-06 | 269.7 | 0.0027543604373931885,-0.03449808806180954,1.0828418731689453 | 0.04983491078019142,-0.1972609907388687,-3.070987077080645e-05 | 0,0
4340 | 55.10180629789829 | 100.99637603759766,187.7950897216797,0.18400351703166962 | -5.295161247253418,-0.02833133190870285,1.506622766100918e-06 | 269.7 | 0.059181492775678635,-0.02042754739522934,0.932835042476654 | -0.013157527893781662,0.010457102209329605,-9.230619980371557e-06 | 0,0
4350 | 55.225423999130726 | 100.27552795410156,187.7917022705078,0.18400153517723083 | -5.30654764175415,-0.030745413154363632,-1.07752418898599e-06 | 269.7 | 0.02450643666088581,0.034420277923345566,0.05110342055559158 | -0.12191274762153625,0.04314974695444107,-0.00013922630751039833 | 0,0
4360 | 55.35272979736328 | 99.66355895996094,187.78854370117188,0.18396911025047302 | -5.3122429847717285,-0.03278408572077751,-1.8308411426914972e-06 | 269.6 | -0.004339445848017931,-0.004345029592514038,0.7856394052505493 | 0.0518404096364975,-0.05585320293903351,3.938490408472717e-05 | 0,0
4370 | 55.477774400264025 | 98.93425750732422,187.78428649902344,0.18396323919296265 | -5.322316646575928,-0.03417139872908592,-1.9166498077538563e-06 | 269.6 | 0.036358367651700974,0.011396503075957298,-0.12642860412597656 | -0.06897348910570145,0.07256603986024857,-0.00020253518596291542 | 0,0
4380 | 55.60633299872279 | 98.25021362304688,187.7805633544922,0.18399184942245483 | -5.324186325073242,-0.029226696118712425,6.2935168898548e-07 | 269.7 | 0.11368139833211899,-0.0006864868919365108,-0.2869274318218231 | -0.07672741264104843,0.19900159537792206,-3.0049334327486577e-06 | 0,0
