Simulation Frame | Timestamp | Position | Velocity | Heading | Angular Velocity | Acceleration | Stopped at Red Light + Light ID 
5110 | 64.89698699861765 | 136.33287048339844,226.54920959472656,0.19657237827777863 | -0.06274017691612244,-5.041469097137451,-7.957370689837262e-05 | 180.7 | 0.0016349878860637546,0.0344642698764801,-4.198721408843994 | 0.02624853514134884,-0.12176662683486938,0.00025760772405192256 | 0,0
5120 | 65.03043469786644 | 136.32955932617188,225.90289306640625,0.19621729850769043 | -0.04591462016105652,-4.864529609680176,-0.006284738425165415 | 180.5 | -0.09963680058717728,0.05097214877605438,-2.2192275524139404 | 0.09446176141500473,3.129972219467163,-0.028411077335476875 | 0,0
5130 | 65.15613159909844 | 136.32232666015625,225.323974609375,0.19565188884735107 | -0.09907743334770203,-4.065179347991943,0.0005338869523257017 | 181.4 | -0.32197076082229614,0.0020008867140859365,-2.713520050048828 | -0.09616994112730026,7.461885929107666,0.06342452764511108 | 0,0
5140 | 65.28227979689837 | 136.31451416015625,224.87869262695312,0.19522811472415924 | -0.07608482986688614,-3.1138317584991455,0.0007151091122068465 | 181.4 | -0.30803367495536804,0.04291534796357155,-1.7133113145828247 | 0.037988219410181046,6.351859092712402,0.002020337851718068 | 0,0
5150 | 65.41033469885588 | 136.30751037597656,224.50650024414062,0.1951366811990738 | -0.06903571635484695,-2.8428540229797363,0.00011481691763037816 | 181.4 | 0.0877300575375557,0.008548335172235966,-1.1832002401351929 | -0.22325469553470612,-0.24632109701633453,0.0024986222852021456 | 0,0
5160 | 65.5414469987154 | 136.29994201660156,224.1272430419922,0.19551505148410797 | -0.07224370539188385,-3.0216176509857178,0.0018279188079759479 | 181.4 | 0.2971956431865692,0.0012786384904757142,-1.0155283212661743 | -0.11692237854003906,-1.7569694519042969,0.027797987684607506 | 0,0
5170 | 65.67133549973369 | 136.291748046875,223.72080993652344,0.19596171379089355 | -0.07266197353601456,-3.065330743789673,0.0016673686914145947 | 181.4 | 0.14935967326164246,0.002903154119849205,-0.8503915071487427 | 0.11486455798149109,2.6063668727874756,-0.01805940829217434 | 0,0
5180 | 65.80768469721079 | 136.28414916992188,223.36065673828125,0.19578658044338226 | -0.05708355829119682,-2.3698675632476807,-0.004015687387436628 | 181.4 | -0.18574579060077667,0.010444164276123047,-0.5857081413269043 | 0.035074926912784576,5.002099514007568,-0.20282068848609924 | 0,0
5190 | 65.93808199837804 | 136.27783203125,223.06077575683594,0.19576679170131683 | -0.0544692687690258,-2.282980442047119,-0.0004952040035277605 | 181.4 | 0.07225661724805832,-0.005513577722012997,-0.44048598408699036 | -0.08511704951524734,-1.3883341550827026,-0.12490701675415039 | 0,0
5200 | 66.07054399698973 | 136.27098083496094,222.7390594482422,0.19602340459823608 | -0.05848688632249832,-2.5556018352508545,-0.0018535020062699914 | 181.3 | 0.2154719978570938,-0.006173943635076284,-0.3645669221878052 | -0.1424325406551361,-2.7422614097595215,-0.2335483729839325 | 0,0
5210 | 66.1989234983921 | 136.26333618164062,222.3863067626953,0.19638054072856903 | -0.06761481612920761,-2.8801770210266113,-0.0006560304900631309 | 181.3 | 0.19615960121154785,-0.0075372508727014065,-0.3881761133670807 | -0.08493959903717041,-2.636667251586914,-0.16832509636878967 | 0,0
5220 | 66.32640289887786 | 136.2554931640625,222.02471923828125,0.19648723304271698 | -0.062422722578048706,-2.7105064392089844,0.00020672124810516834 | 181.3 | -0.1083185002207756,0.003736831247806549,-0.30373406410217285 | 0.04467838630080223,4.314939975738525,0.011452596634626389 | 0,0
5230 | 66.45526769757271 | 136.24871826171875,221.70919799804688,0.1961866319179535 | -0.05295471474528313,-2.351703643798828,-0.0009056024719029665 | 181.3 | -0.1329837441444397,0.0012246201513335109,-0.18369844555854797 | -0.02876194752752781,-0.09731408208608627,-0.10030113905668259 | 0,0
5240 | 66.59132319688797 | 136.24151611328125,221.37811279296875,0.19606654345989227 | -0.057690784335136414,-2.550525665283203,-0.001772043528035283 | 181.3 | 0.09407076239585876,-0.003964219707995653,-0.17082206904888153 | -0.05984048172831535,-2.3612823486328125,0.25974640250205994 | 0,0
5250 | 66.71568669751287 | 136.23419189453125,221.03846740722656,0.1963997185230255 | -0.06303618848323822,-2.85040545463562,0.00044852393330074847 | 181.3 | 0.15163548290729523,-0.003637811401858926,-0.12980638444423676 | -0.08322292566299438,-2.518785238265991,-0.0009050856460817158 | 0,0
5260 | 66.84080090001225 | 136.22633361816406,220.67214965820312,0.19652053713798523 | -0.06221173703670502,-2.854128360748291,-0.0004194958892185241 | 181.2 | -0.04438807815313339,0.0006018832791596651,-0.09774105250835419 | 0.0532669872045517,3.3639769554138184,-0.03427783399820328 | 0,0
5270 | 66.96918389946222 | 136.21946716308594,220.35121154785156,0.19616802036762238 | -0.04865361750125885,-2.23449969291687,6.875113467685878e-05 | 181.2 | -0.2714991569519043,0.0052534593269228935,-0.07009949535131454 | 0.07032311707735062,3.2553024291992188,-0.019827023148536682 | 0,0
5280 | 67.1013322994113 | 136.21322631835938,220.05784606933594,0.19595061242580414 | -0.04896683618426323,-2.278362274169922,0.0001490585127612576 | 181.2 | 0.03694895654916763,-0.0017097073141485453,-0.03317650035023689 | -0.04884020611643791,-1.8621987104415894,-0.0022916242014616728 | 0,0
5290 | 67.23411099985242 | 136.20645141601562,219.7381591796875,0.1961652785539627 | -0.05456187576055527,-2.572129964828491,0.0013109674910083413 | 181.2 | 0.17196477949619293,-0.0037428501527756453,-0.013267898000776768 | -0.05426844581961632,-2.2779173851013184,0.1887037605047226 | 0,0
5300 | 67.36172419786453 | 136.1989288330078,219.38162231445312,0.19647055864334106 | -0.061421092599630356,-2.904151201248169,0.0007883523940108716 | 181.2 | 0.160989448428154,-0.003524978645145893,-0.007657570298761129 | -0.04975459724664688,-2.54838490486145,0.07939160615205765 | 0,0
5310 | 67.48935899883509 | 136.1912384033203,219.0160675048828,0.19654472172260284 | -0.057608477771282196,-2.7431750297546387,0.0013234599027782679 | 181.2 | -0.12970176339149475,0.0026912102475762367,-0.009997837245464325 | 0.08355075120925903,4.044193744659424,0.06142134964466095 | 0,0
5320 | 67.62144059687853 | 136.18470764160156,218.70477294921875,0.19606979191303253 | -0.04222903028130531,-2.00964617729187,0.0018218469340354204 | 181.2 | -0.32898154854774475,0.006248291581869125,-0.013064284808933735 | 0.12663953006267548,6.054274082183838,0.13005472719669342 | 0,0
5330 | 67.74826809763908 | 136.18072509765625,218.51388549804688,0.1956155002117157 | -0.0236227884888649,-1.1233749389648438,-7.491120777558535e-05 | 181.2 | -0.3443220555782318,0.006612046621739864,-0.011471283622086048 | 0.13444319367408752,6.404134273529053,-0.027068816125392914 | 0,0
5340 | 67.87582779675722 | 136.1794891357422,218.46054077148438,0.19503356516361237 | 1.493759555160068e-06,-0.00013589476293418556,0.00024108738580252975 | 181.2 | -0.22808502614498138,0.005383668001741171,-2.6718180379248224e-06 | -8.94132608664222e-06,0.00416717492043972,-0.02902187593281269 | 0,0
5350 | 68.00130399689078 | 136.17950439453125,218.46060180664062,0.19514624774456024 | 4.07908737543039e-06,0.00012904648610856384,0.00018991006072610617 | 181.2 | 0.22937710583209991,-0.004565963055938482,-6.231978204596089e-06 | 1.3934575690655038e-05,0.0009962028125301003,0.013696866109967232 | 0,0
5360 | 68.1308251991868 | 136.17950439453125,218.4608154296875,0.19552691280841827 | 5.145599971001502e-06,0.00015595687727909535,0.0017209646757692099 | 181.2 | 0.2664225697517395,-0.005257449112832546,-5.993383638269734e-06 | 2.142050288966857e-05,-0.00016647164011374116,0.08148441463708878 | 0,0
5370 | 68.25752079859376 | 136.17950439453125,218.46096801757812,0.19579841196537018 | 9.683218848977049e-08,1.9423416233621538e-05,-0.001433422090485692 | 181.2 | 0.03708944842219353,-0.0007764060865156353,-2.8427971301425714e-06 | 7.950294275360648e-06,0.0015947369392961264,-0.11768945306539536 | 0,0
5380 | 68.37924059852958 | 136.17950439453125,218.46102905273438,0.1959294080734253 | 1.1412536196075962e-06,6.0847665736218914e-05,0.0010107220150530338 | 181.2 | 0.10174418985843658,-0.001996462233364582,6.258672442527313e-07 | -8.742997124500107e-06,7.321436714846641e-05,0.013693150132894516 | 0,0
5390 | 68.50188779830933 | 136.17950439453125,218.4611053466797,0.19607627391815186 | 9.569778285367647e-07,5.3476782341022044e-05,0.0004451320564839989 | 181.2 | 0.08827577531337738,-0.0017378064803779125,5.756231757914065e-07 | -1.3828548617311753e-06,-0.00012200925266370177,0.02848326787352562 | 0,0
5400 | 68.62841369956732 | 136.17950439453125,218.46116638183594,0.19613657891750336 | 5.725253231503302e-07,3.501411629258655e-05,-7.104923133738339e-05 | 181.2 | 0.057303138077259064,-0.0010547102428972721,3.23316584172062e-07 | -6.40951930108713e-06,-0.00014874372573103756,-0.010533997789025307 | 0,0
5410 | 68.75230479985476 | 136.17950439453125,218.461181640625,0.19623473286628723 | 2.1663862526111188e-07,1.167850768979406e-05,0.00013549077266361564 | 181.2 | 0.01932673342525959,-0.0004217010282445699,-2.5165183714648265e-08 | 2.5888125492201652e-06,5.761868669651449e-05,-0.10931822657585144 | 0,0
5420 | 68.87824329733849 | 136.17950439453125,218.46121215820312,0.1962548792362213 | 2.476337783718918e-07,1.235643412655918e-05,0.0007603404228575528 | 181.2 | 0.020212769508361816,-0.0003911323437932879,5.1862681260672616e-08 | 1.078211084859504e-06,-2.22848557314137e-05,0.08251609653234482 | 0,0
5430 | 69.00494769960642 | 136.17950439453125,218.46121215820312,0.1962614804506302 | 1.4741651455096871e-07,8.687601621204522e-06,-0.0007001244812272489 | 181.2 | 0.014154900796711445,-0.00023887110000941902,4.754512872295891e-08 | -1.3310655049281195e-06,-3.1659368687542155e-05,-0.09301512688398361 | 0,0
5440 | 69.13148500025272 | 136.17950439453125,218.4612274169922,0.1962900161743164 | 6.058868251557215e-08,1.9747130863834172e-06,0.0005420587258413434 | 181.2 | 0.0032820552587509155,-0.0001034429733408615,-2.2442609548534165e-08 | 1.6332692212017719e-06,2.2076157620176673e-05,-0.07094167917966843 | 0,0
5450 | 69.25657729804516 | 136.17950439453125,218.4612274169922,0.19630466401576996 | 4.572004552727549e-09,2.769000275293365e-06,-0.0006561095942743123 | 181.2 | 0.004526040516793728,-6.746556755388156e-05,7.372245480752326e-09 | -1.7509991039332817e-06,-1.323177002632292e-06,-0.13773465156555176 | 0,0
5460 | 69.38140909746289 | 136.17950439453125,218.4612274169922,0.1963125616312027 | 5.973964078975769e-08,2.1102298433106625e-06,0.0008634315454401076 | 181.2 | 0.003434274811297655,-6.036266859155148e-05,8.708676446644859e-09 | -8.922813776734984e-07,-7.378420377790462e-06,0.10052121430635452 | 0,0
5470 | 69.50709699839354 | 136.17950439453125,218.4612274169922,0.19629935920238495 | 0.0,0.0,0.0 | 181.2 | 0.0,0.0,0.0 | -1.774751439143074e-07,-0.0001073264647857286,-0.02842801623046398 | 0,0
5480 | 69.63787239789963 | 136.17950439453125,218.4612274169922,0.19619254767894745 | 3.0884745427783855e-08,5.578214654633484e-07,0.00041997354128398 | 181.2 | 0.0009138310560956597,-1.0112223208125215e-05,-4.91548357572924e-10 | -2.0240556750650285e-06,5.04843967519264e-07,0.0504486970603466 | 0,0
5490 | 69.76293589919806 | 136.17950439453125,218.4612274169922,0.19625820219516754 | -1.0759168667107133e-08,4.859640512222541e-07,0.0006237890920601785 | 181.2 | 0.0007907473482191563,-3.497047146083787e-05,3.399249326463405e-09 | 1.347071020063595e-06,-1.1304229019515333e-06,-0.011491784825921059 | 0,0
5500 | 69.88552999868989 | 136.17950439453125,218.4612274169922,0.19629833102226257 | -7.642134036700554e-09,3.192342035163165e-07,0.00025463823112659156 | 181.2 | 0.0005176776903681457,-5.688171586371027e-05,6.3345706458051154e-09 | 1.0718991916291998e-07,-1.2043125252603204e-06,-0.07537379860877991 | 0,0
5510 | 70.01139099895954 | 136.17950439453125,218.4612274169922,0.19631701707839966 | 3.222691447035686e-09,1.1540830513467881e-07,0.0004820705216843635 | 181.2 | 0.00019166167476214468,2.590079930087086e-06,-2.0241079923266625e-09 | 1.7203035440616077e-07,1.1591761222007335e-06,-0.051984161138534546 | 0,0
5520 | 70.13834830000997 | 136.17950439453125,218.4612274169922,0.19631488621234894 | 2.4241208151920546e-08,1.1257807130959918e-07,7.801032188581303e-05 | 181.2 | 0.00018278193601872772,-2.1868652765988372e-05,3.140940563195471e-10 | 1.880799942455269e-07,-6.60930197682319e-07,-0.0685013085603714 | 0,0
5530 | 70.26451689749956 | 136.17950439453125,218.4612274169922,0.1963106095790863 | 1.989094577936612e-08,7.923512157503865e-08,-4.124122278881259e-05 | 181.2 | 0.00012816379603464156,-1.0729724635893945e-05,-1.1298633140199854e-09 | 1.1880375723194447e-06,-6.785209620829846e-07,-0.08267933875322342 | 0,0
5540 | 70.38745779916644 | 136.17950439453125,218.4612274169922,0.1962985247373581 | -6.9525150081517495e-09,2.3747917410332775e-08,-0.00011096585512859747 | 181.2 | 3.856826515402645e-05,1.4342494068841916e-05,2.9136423829179137e-10 | -1.1002182418451412e-06,-2.2384503139960543e-08,-0.057497721165418625 | 0,0
5550 | 70.51147549971938 | 136.17950439453125,218.4612274169922,0.19627349078655243 | 1.1483766826358988e-08,2.338155269399067e-08,0.0006176888709887862 | 181.2 | 3.981804911745712e-05,-2.1509918951778673e-05,-2.509304763975706e-09 | 2.5078320504690055e-06,4.524694077190361e-07,0.02677846886217594 | 0,0
5560 | 70.6419358998537 | 136.17950439453125,218.4612274169922,0.19619819521903992 | -8.150251140648379e-09,2.2379840203257118e-08,-0.0012276748893782496 | 181.2 | 3.788703543250449e-05,4.4314347178442404e-05,-9.611890172678272e-10 | -1.5325143749578274e-06,2.2535854782290698e-07,-0.1424991637468338 | 0,0
5570 | 70.77010099962354 | 136.17950439453125,218.4612274169922,0.19623881578445435 | 8.296791698114703e-09,5.649266388019214e-09,0.00021602811466436833 | 181.2 | 1.0441590347909369e-05,-1.5580004401272163e-05,-6.354874959590973e-10 | 6.278265232140257e-07,4.274856166830432e-07,0.016347063705325127 | 0,0
5580 | 70.89707999676466 | 136.17950439453125,218.4612274169922,0.19624732434749603 | -2.427993806008999e-08,4.092584493520235e-09,0.0013748749624937773 | 181.2 | 4.444321803021012e-06,2.156284244847484e-05,2.4961765987541185e-09 | -1.3840415249433136e-06,-6.622200885431084e-07,-0.0008770587737672031 | 0,0
5590 | 71.02795289829373 | 136.17950439453125,218.4612274169922,0.1962146759033203 | -9.673736478532646e-09,8.260059303211165e-09,0.00012334162602201104 | 181.2 | 1.661655551288277e-05,3.8193811633391306e-05,-1.4091764422019537e-09 | -1.4902057046128903e-06,9.384111763210967e-07,0.11922797560691833 | 0,0
5600 | 71.15543239936233 | 136.17950439453125,218.4612274169922,0.19627612829208374 | 2.1722023291204096e-08,4.205465753415183e-09,0.0013066555839031935 | 181.2 | 7.286507297976641e-06,-1.8828397514880635e-05,-1.007554373266828e-09 | 7.170884828155977e-07,4.7325400487352454e-08,0.0057974522933363914 | 0,0
5610 | 71.28263459727168 | 136.17950439453125,218.4612274169922,0.19632931053638458 | -1.1155202317425505e-09,2.448059532866864e-09,0.0012162294005975127 | 181.2 | 5.407223397924099e-06,-3.085912248934619e-05,-2.473326543572796e-10 | 2.0583033801813144e-06,6.560592851201363e-07,0.03596297651529312 | 0,0
5620 | 71.40538819879293 | 136.17950439453125,218.4612274169922,0.19636596739292145 | -1.2626503176349502e-09,-6.133512808759178e-09,0.0004976257332600653 | 181.2 | -1.1381766853446607e-05,2.945655069197528e-05,-2.285177602701083e-09 | 4.3038448893639725e-07,-7.256653020704107e-07,0.0009913138346746564 | 0,0
5630 | 71.53200449794531 | 136.17950439453125,218.4612274169922,0.1963171362876892 | -1.6489206666747691e-09,1.892823009441713e-09,-0.00012857730325777084 | 181.2 | 3.728347110154573e-06,3.234903124393895e-05,-6.733743007636406e-10 | -1.6390180235248408e-06,6.889437997870118e-08,-0.009729881770908833 | 0,0
5640 | 71.66162749752402 | 136.17950439453125,218.4612274169922,0.19629237055778503 | 5.8017253223852094e-08,1.202901889207908e-09,0.001108444412238896 | 181.2 | 3.469501507424866e-06,-4.9072859837906435e-05,-4.059828473401694e-09 | 2.9420880309771746e-06,1.610996633871764e-07,0.11172964423894882 | 0,0
5650 | 71.78586779907346 | 136.17950439453125,218.4612274169922,0.19634075462818146 | -2.8299425025579694e-08,7.449211802956768e-10,-0.0006497407448478043 | 181.2 | -9.10988262603496e-07,-3.8070349546615034e-05,2.5087705246562564e-09 | 2.3121976937545696e-06,-1.3965309619834443e-07,-0.06971318274736404 | 0,0
5660 | 71.91119089722633 | 136.17950439453125,218.4612274169922,0.1963178664445877 | -4.461153579882193e-08,-2.6820394793958258e-09,-0.00024056255642790347 | 181.2 | -5.4343659030564595e-06,3.95788811147213e-05,3.694102801432564e-09 | -3.0455048545263708e-06,-8.117536509644196e-08,-0.07450717687606812 | 0,0
5670 | 72.04003429785371 | 136.17950439453125,218.4612274169922,0.1962909996509552 | 2.78553073940202e-08,1.4610959109262467e-09,0.0009635641472414136 | 181.2 | 2.615520770632429e-06,-5.339038762031123e-05,-4.797802710676535e-10 | 2.037015519817942e-06,1.0024985641621242e-07,0.07055409252643585 | 0,0
5680 | 72.16819939762354 | 136.17950439453125,218.4612274169922,0.19626940786838531 | 1.5619127102795005e-09,5.656156432110038e-09,0.00023625241010449827 | 181.2 | 1.0600209861877374e-05,-2.9150420232326724e-05,1.746137123781466e-09 | -6.452323191297182e-07,7.125584602363233e-07,-0.0027323553804308176 | 0,0
5690 | 72.29289479926229 | 136.17950439453125,218.4612274169922,0.19630897045135498 | -1.1718668702087598e-08,4.1375640691398985e-09,0.0009867845801636577 | 181.2 | 8.374824574275408e-06,7.18128721928224e-05,-9.58619073010425e-10 | -4.021999302494805e-06,2.6963016352965496e-07,0.08723023533821106 | 0,0
5700 | 72.42081649973989 | 136.17950439453125,218.4612274169922,0.19630038738250732 | -1.2248424496874577e-08,-7.290282266758652e-11,0.0010606664000079036 | 181.2 | -5.885261771254591e-07,-1.662485556153115e-05,4.308302603561742e-09 | -1.318080421697232e-06,9.317464133573594e-08,0.06460036337375641 | 0,0
5710 | 72.54603399708867 | 136.17950439453125,218.4612274169922,0.19635044038295746 | 2.8780281269291663e-08,2.035192681049125e-09,0.001538293669000268 | 181.2 | 4.920348601444857e-06,-1.3586823115474544e-05,-5.158496740875762e-09 | 2.6414613785163965e-06,2.3117689806895214e-07,0.16658639907836914 | 0,0
5720 | 72.67604319751263 | 136.17950439453125,218.4612274169922,0.19630344212055206 | 2.750024918896088e-08,1.7085067804956111e-09,0.0013722043950110674 | 181.2 | 3.6913822896167403e-06,-2.3049402443575673e-05,-2.025214662637609e-09 | 1.2188859273010166e-06,1.3842011981068936e-07,0.08439262956380844 | 0,0
5730 | 72.79972549900413 | 136.17950439453125,218.4612274169922,0.19632598757743835 | 6.77373845903162e-09,-5.614406273224404e-09,0.00019343856547493488 | 181.2 | -1.0235930858470965e-05,2.9049381282675313e-06,-2.911034191477313e-10 | 2.2062733862071582e-08,-4.6435610556727624e-07,-0.08327518403530121 | 0,0
5740 | 72.92668649926782 | 136.17950439453125,218.4612274169922,0.19630660116672516 | -4.0198844253325206e-09,7.61521457004477e-10,0.00020411809964571148 | 181.2 | 1.6702239236110472e-06,1.1768777767429128e-05,5.04361352682281e-09 | -5.29055432707537e-06,2.3437905838363804e-07,0.051170311868190765 | 0,0
5750 | 73.05593269690871 | 136.17950439453125,218.4612274169922,0.19628170132637024 | 5.92523274889345e-09,6.314198497392454e-09,0.0019515875028446317 | 181.2 | 9.403907824889757e-06,-1.4951787306927145e-05,-1.863776244448445e-09 | 2.3419027002091752e-06,-2.7111283884551085e-07,0.02408960461616516 | 0,0
5760 | 73.18297999724746 | 136.17950439453125,218.4612274169922,0.19630122184753418 | -4.613233173245135e-08,5.639580358263174e-09,0.0013152206083759665 | 181.2 | 1.006412821880076e-05,6.074917837395333e-05,-1.0469113076450043e-10 | -1.8679984350455925e-06,4.804745117326092e-07,0.02795305848121643 | 0,0
5770 | 73.30781249701977 | 136.17950439453125,218.4612274169922,0.19633892178535461 | -4.868714764683091e-09,-2.810661703378514e-09,0.0005773789016529918 | 181.2 | -5.997537300572731e-06,1.3462471542879939e-05,1.3568118850670885e-09 | -1.3926045312473434e-06,-6.141413564364484e-07,-0.1124558076262474 | 0,0
5780 | 73.43559029698372 | 136.17950439453125,218.4612274169922,0.19633902609348297 | -1.010810812829277e-08,5.756027654513218e-09,0.001045762561261654 | 181.2 | 1.1065400030929595e-05,-2.0379386114655063e-05,2.445223135083552e-09 | -4.0136919210453925e-07,7.695207386859693e-07,0.10458656400442123 | 0,0
5790 | 73.5618217997253 | 136.17950439453125,218.4612274169922,0.19632048904895782 | -2.2551571277062976e-08,-2.725159875538452e-09,-0.0007066858233883977 | 181.2 | -4.865589289693162e-06,-3.978465429099742e-06,1.218470435659924e-09 | 6.431278620766534e-07,1.233678972312191e-07,-0.08515677601099014 | 0,0
5800 | 73.69076919928193 | 136.17950439453125,218.4612274169922,0.19628246128559113 | 0.0,0.0,0.0 | 181.2 | 0.0,0.0,0.0 | -6.561791110470949e-07,1.8293178527528653e-08,-0.048693474382162094 | 0,0
5810 | 73.81530779972672 | 136.17950439453125,218.4612274169922,0.19628532230854034 | 3.2007516637122535e-09,-1.0995450105966142e-09,0.0007735862163826823 | 181.2 | -2.6375344077678164e-06,-1.1284612810413819e-05,-4.3844897157363505e-10 | 8.667284987495805e-07,-1.9180117760697613e-07,0.03595926985144615 | 0,0
5820 | 73.9448409974575 | 136.17950439453125,218.4612274169922,0.1962531954050064 | -3.557076766469436e-08,5.76153125209089e-09,0.0002559624263085425 | 181.2 | 8.204016012314241e-06,1.0161294312638347e-06,3.9209240298987424e-09 | -1.1856334367621457e-06,5.352826093485419e-08,-0.015888463705778122 | 0,0
5830 | 74.0738362967968 | 136.17950439453125,218.4612274169922,0.19624140858650208 | 1.8562129611154887e-08,1.5893317772963655e-09,0.0001673767837928608 | 181.2 | 2.4378264242841396e-06,-1.9192868421669118e-05,-2.926328068753037e-09 | 3.420228949835291e-06,-2.2917429021163116e-07,-0.09194224327802658 | 0,0
5840 | 74.20510219782591 | 136.17950439453125,218.4612274169922,0.1963513195514679 | -1.592020204554956e-08,-3.007100124463591e-09,0.0004395012219902128 | 181.2 | -5.4048909987614024e-06,1.4407385606318712e-05,1.5243423190369754e-09 | -1.2773224398188177e-06,-6.581581857290075e-08,-0.04611452668905258 | 0,0
5850 | 74.33209509775043 | 136.17950439453125,218.4612274169922,0.1963537186384201 | 7.771632226649672e-10,2.4729616132646015e-09,-0.00014961221313569695 | 181.2 | 4.210814040561672e-06,-3.46752085533808e-06,-1.7797114892914578e-09 | 1.8713909639700432e-06,8.587594635400819e-08,0.025959782302379608 | 0,0
5860 | 74.45708309859037 | 136.17950439453125,218.4612274169922,0.19636259973049164 | 7.290558379224876e-09,-1.089273324317297e-10,8.407510904362425e-05 | 181.2 | 4.224116025852709e-07,1.138764218922006e-05,-9.242945853138451e-10 | -5.874359203517088e-07,7.825059356036945e-08,0.004698192235082388 | 0,0
5870 | 74.58504369854927 | 136.17950439453125,218.4612274169922,0.19630737602710724 | 2.8474504976117032e-09,-1.781351732788039e-09,-0.001257508178241551 | 181.2 | -3.0781313853367465e-06,-1.669768266765459e-06,5.767638588949353e-10 | -6.354779316097847e-07,-4.866746650122877e-08,-0.055481087416410446 | 0,0
5880 | 74.71253589913249 | 136.17950439453125,218.4612274169922,0.1963038593530655 | 8.688123998012998e-09,-1.84039086054133e-11,0.0008966521127149463 | 181.2 | 7.115266384971619e-07,1.073173825716367e-05,-3.772646639532695e-10 | -1.154439928541251e-06,8.969040266038064e-08,0.033072080463171005 | 0,0
5890 | 74.8407716974616 | 136.17950439453125,218.4612274169922,0.19628119468688965 | -1.6673761038532575e-08,1.5884177306801917e-09,-0.00015295921184588224 | 181.2 | 1.9803364921244793e-06,3.700719025800936e-05,1.3092943396131318e-09 | -2.440597199893091e-06,-2.5065565978366067e-07,0.012501189485192299 | 0,0
5900 | 74.96801099926233 | 136.17950439453125,218.4612274169922,0.19627676904201508 | -8.179322996682004e-09,-4.863065061755378e-09,-0.00036975895636714995 | 181.2 | -8.981342034530826e-06,1.5342795450123958e-05,5.664217983536446e-10 | -6.677760779894015e-07,-3.970302486777655e-07,-0.030187850818037987 | 0,0
5910 | 75.10527359694242 | 136.17950439453125,218.4612274169922,0.19614264369010925 | -1.3176777891032998e-08,-9.474794282482435e-09,-0.003814722876995802 | 181.2 | -1.789978523447644e-05,1.0551522791502066e-05,1.0663866456539495e-09 | -9.283947122185054e-08,-9.053733265318442e-07,-0.4449208974838257 | 0,0
5920 | 75.23334949836135 | 136.17950439453125,218.4612274169922,0.19626575708389282 | 7.0501724458438275e-09,5.113587775440465e-09,0.001400359207764268 | 181.2 | 9.384417353430763e-06,-1.3833725461154245e-05,3.1917501974731977e-10 | -3.1020690016703156e-08,3.512349167067441e-07,0.02685868740081787 | 0,0
5930 | 75.36209779977798 | 136.17950439453125,218.4612274169922,0.19628353416919708 | 9.999495675927506e-10,1.8216320674113717e-09,0.001630563521757722 | 181.2 | 3.261169013057952e-06,2.0758574464707635e-05,-7.336648510936072e-10 | -9.681735946287517e-07,-2.2440392655198593e-08,0.14797620475292206 | 0,0
5940 | 75.48935459926724 | 136.17950439453125,218.4612274169922,0.19627048075199127 | -5.923464385659827e-09,-5.058787277967269e-10,0.001522729522548616 | 181.2 | -1.0488213320059003e-06,1.2107735528843477e-05,-6.627766668820811e-10 | 1.0784987125589396e-07,-8.384360938862301e-08,0.1280634105205536 | 0,0
5950 | 75.62058739736676 | 136.17950439453125,218.4612274169922,0.1962154358625412 | 3.6450285012534778e-09,-6.134889041220504e-09,-0.002079690806567669 | 181.2 | -1.1587353583308868e-05,4.941164206684334e-06,-1.2497988755022504e-10 | 1.3259175091206998e-07,-5.864809509148472e-07,-0.17395731806755066 | 0,0
5960 | 75.74641050025821 | 136.17950439453125,218.4612274169922,0.19627471268177032 | 1.9356857450247844e-08,5.0092903158827085e-09,0.001096374704502523 | 181.2 | 8.876269930624403e-06,-1.6631953258183785e-05,-1.1745088235315393e-09 | 7.765882514831901e-07,1.684106507582328e-07,0.07004021853208542 | 0,0
5970 | 75.88196909800172 | 136.17950439453125,218.4612274169922,0.1961069107055664 | 1.5660967633834844e-08,5.129837443718088e-09,0.00020912244508508593 | 181.2 | 9.565125765220728e-06,-1.62187479872955e-05,-3.0074811530056422e-09 | 2.432853762002196e-06,4.116700154099817e-07,0.17595885694026947 | 0,0
5980 | 76.01035159826279 | 136.17950439453125,218.4612274169922,0.19620345532894135 | -8.473020507437923e-09,9.214298657411746e-09,0.0017387991538271308 | 181.2 | 1.521720059827203e-05,-1.5784622519277036e-05,1.4369745671150014e-10 | 1.2909110864711693e-06,3.178899987688055e-07,-0.03806518763303757 | 0,0
5990 | 76.14026049897075 | 136.17950439453125,218.4612274169922,0.19623614847660065 | -2.643206187258329e-08,-2.569631618598578e-09,0.0009539469610899687 | 181.2 | -4.59107695860439e-06,3.6953631934011355e-05,2.1519823700799634e-09 | -2.539626393627259e-06,-1.0958416396533721e-07,-0.05216969549655914 | 0,0
6000 | 76.2662015967071 | 136.17950439453125,218.4612274169922,0.19631393253803253 | 3.1304733028036935e-08,7.310099747748211e-10,0.0010640379041433334 | 181.2 | 1.7289653442276176e-06,-2.3674856493016705e-05,4.218343729878171e-10 | -7.458533559656644e-07,-5.374594280738165e-08,0.006081274710595608 | 0,0
6010 | 76.39082759991288 | 136.17950439453125,218.4612274169922,0.1963420808315277 | -1.6267792446456042e-08,1.4028677108868237e-09,-0.000299158418783918 | 181.2 | 8.055031912590493e-07,-2.831581332429778e-05,2.8718880606959374e-09 | 5.674728527083062e-07,-1.3173827539958438e-07,-0.04887034744024277 | 0,0
6020 | 76.51819640025496 | 136.17950439453125,218.4612274169922,0.1963038593530655 | -2.167186607948679e-08,3.2207772560077785e-10,0.00016323909221682698 | 181.2 | 1.2675220659730257e-06,6.216971814865246e-05,-8.302774023860593e-10 | -2.2399999579647556e-06,1.0904504677000659e-07,0.032811153680086136 | 0,0
6030 | 76.65082990005612 | 136.17950439453125,218.4612274169922,0.19625148177146912 | 3.689405048135086e-08,5.900637312095114e-09,0.001124097965657711 | 181.2 | 1.0853133971977513e-05,-6.92741887178272e-05,-1.1725305171239597e-09 | 3.032429276572657e-06,4.849905508308439e-07,0.09239288419485092 | 0,0
6040 | 76.77774420008063 | 136.17950439453125,218.4612274169922,0.19631491601467133 | -1.0084015400479984e-08,6.6390999364784875e-09,0.0008093805518001318 | 181.2 | 1.2568985766847618e-05,5.996620893711224e-05,-3.007608606608869e-09 | -1.468071104682167e-06,3.2609477784717456e-07,-0.04256633296608925 | 0,0
6050 | 76.9047005996108 | 136.17950439453125,218.4612274169922,0.19632655382156372 | -2.401473153668121e-08,-2.8112309702343907e-10,0.00025911955162882805 | 181.2 | 6.562198677784181e-07,5.6629625760251656e-05,-1.5215773085941464e-11 | -2.4697717435628874e-06,2.7386246870264586e-07,-0.0419054813683033 | 0,0
6060 | 77.03249069675803 | 136.17950439453125,218.4612274169922,0.19633887708187103 | 1.566186824675242e-08,-1.7352959069683038e-09,-0.0012678306084126234 | 181.2 | -1.2654174952331232e-06,-2.9757226002402604e-05,-6.052722212324113e-10 | 1.1665379133773968e-06,5.95595281538408e-07,-0.052693966776132584 | 0,0
6070 | 77.16337599977851 | 136.17950439453125,218.4612274169922,0.19632045924663544 | 3.466994868972506e-08,-6.883100756027716e-09,0.0007550535374321043 | 181.2 | -1.3236915947345551e-05,-1.8204851585323922e-05,9.528941524727941e-11 | -3.836478299490409e-07,-1.1059071312047308e-06,0.02192174457013607 | 0,0
6080 | 77.29201509803534 | 136.17950439453125,218.4612274169922,0.1963101476430893 | -2.8136632579389698e-08,-5.386604051693666e-09,-0.0015379771357402205 | 181.2 | -1.1664952580758836e-05,-2.4956967536127195e-05,4.921742569052867e-09 | -1.267728976017679e-06,-5.095111532682495e-07,-0.07724688202142715 | 0,0
6090 | 77.41662279888988 | 136.17950439453125,218.4612274169922,0.19633452594280243 | 5.583046802648539e-10,2.4149935384798482e-09,0.00026992338825948536 | 181.2 | 5.238302492216462e-06,2.3930737370392308e-05,-3.482071228577688e-11 | -2.0223387764417566e-06,3.460396271748323e-07,-0.04962281510233879 | 0,0
6100 | 77.54154409840703 | 136.17950439453125,218.4612274169922,0.19627243280410767 | -1.1158096668850703e-08,-2.5561950334207495e-09,-0.0016246829181909561 | 181.2 | -4.308592451707227e-06,1.1154204003105406e-05,1.1779486275287354e-09 | -7.544992399743933e-07,-2.2747028705083494e-09,-0.004382157698273659 | 0,0
6110 | 77.669752497226 | 136.17950439453125,218.4612274169922,0.19624000787734985 | -4.5298701678575526e-08,4.68372007844664e-09,0.0007878299802541733 | 181.2 | 6.683095307380427e-06,4.098596764379181e-05,3.4972909013220033e-09 | -2.617312020447571e-06,-8.899761638758719e-08,-0.057892221957445145 | 0,0
6120 | 77.79749299958348 | 136.17950439453125,218.4612274169922,0.1962491124868393 | 1.7607657554208345e-08,-1.1423890722284114e-09,0.000897641759365797 | 181.2 | -1.1808459703388507e-06,2.233204577350989e-05,-4.1661958327665616e-09 | 6.222052775228804e-07,-1.2278781014174456e-07,0.10791973024606705 | 0,0
6130 | 77.92571089789271 | 136.17950439453125,218.4612274169922,0.1962367594242096 | 3.9849677335723754e-08,-6.786856077134473e-10,-3.277366340626031e-05 | 181.2 | -1.429890744475415e-06,-7.672663195990026e-05,-5.704642314086072e-10 | 3.4437061913195066e-06,-8.066113821314502e-08,-0.006401744205504656 | 0,0
6140 | 78.05099899694324 | 136.17950439453125,218.4612274169922,0.19624930620193481 | -1.2010366035042352e-08,8.608748380822817e-09,0.001121617155149579 | 181.2 | 1.4999479390098713e-05,-6.532701718242606e-06,3.882553833989277e-09 | -2.962009148177458e-06,7.029088351373503e-07,0.08644386380910873 | 0,0
6150 | 78.18128589913249 | 136.17950439453125,218.4612274169922,0.19624419510364532 | -3.425971062398503e-09,2.1204242806049933e-09,-0.0005590268410742283 | 181.2 | 2.5505487428745255e-06,7.879812073952053e-07,-1.636217938916218e-09 | 2.2027998056728393e-06,-3.345927268583182e-07,-0.15987379848957062 | 0,0
6160 | 78.30739609897137 | 136.17950439453125,218.4612274169922,0.1962881088256836 | -3.6611773612804654e-09,-9.943849077487243e-10,0.000555638107471168 | 181.2 | -1.457319285691483e-06,3.379934423719533e-05,-1.5600873926047143e-09 | -5.795182005385868e-07,-1.764111345892161e-07,-0.08375923335552216 | 0,0
6170 | 78.4336529970169 | 136.17950439453125,218.4612274169922,0.1962895542383194 | 8.954612162881403e-09,-2.3142705529721752e-09,0.0010788983199745417 | 181.2 | -4.6482418838422745e-06,-3.314283458166756e-05,-1.9247443638903405e-09 | 3.8721796045138035e-06,-2.392582416632649e-07,0.10782954841852188 | 0,0
6180 | 78.55624289810658 | 136.17950439453125,218.4612274169922,0.1963174045085907 | -1.2430820817144195e-08,2.222750428160225e-09,0.00022182639804668725 | 181.2 | 4.6222112359828316e-06,7.36132133170031e-05,-7.665899581787983e-10 | -3.982523594459053e-06,6.056736623349934e-08,-0.04840285703539848 | 0,0
6190 | 78.68022219836712 | 136.17950439453125,218.4612274169922,0.19631846249103546 | -2.5858339469664315e-08,-4.139866227603761e-09,0.0009885987965390086 | 181.2 | -9.023854545375798e-06,2.4263128580059856e-05,3.547660387681617e-09 | -2.424230387987336e-06,-6.320514671642741e-07,0.011842389591038227 | 0,0
6200 | 78.80715470016003 | 136.17950439453125,218.4612274169922,0.19624243676662445 | 1.7977685118353293e-08,5.995172802641946e-09,0.000713788322173059 | 181.2 | 1.0582811228232458e-05,-1.5942465324769728e-05,-1.3498225870378633e-09 | 8.125334716169164e-07,1.904800086549585e-07,0.09579892456531525 | 0,0
6210 | 78.93120439723134 | 136.17950439453125,218.4612274169922,0.1962430477142334 | -2.121829290047117e-08,-4.0285044744514664e-10,0.00018744995759334415 | 181.2 | -1.2905843504995573e-07,-3.3810306376835797e-06,1.7470785929063481e-09 | -2.6298681632397347e-07,4.507987227952981e-07,0.09077758342027664 | 0,0
6220 | 79.05915829911828 | 136.17950439453125,218.4612274169922,0.1962599903345108 | -2.060495596367673e-08,1.5795978969279645e-09,0.0016540834913030267 | 181.2 | 3.6236749565432547e-06,-4.256120519130491e-06,1.875331223644139e-09 | -2.2199452587301494e-07,5.562020533034229e-07,0.16380606591701508 | 0,0
6230 | 79.18859289959073 | 136.17950439453125,218.4612274169922,0.19617731869220734 | 1.5875363246209417e-08,4.184116164651641e-09,1.0393746379122604e-05 | 181.2 | 7.873811227909755e-06,-1.3324025530891959e-05,-1.304843344485107e-09 | 7.606905114698748e-07,3.140775959309394e-07,0.15941110253334045 | 0,0
6240 | 79.32443199679255 | 136.17950439453125,218.4612274169922,0.1961331069469452 | -3.663823378019515e-08,5.489541710090862e-09,0.0008271765545941889 | 181.2 | 9.932996363204438e-06,5.5149863328551874e-05,2.1049799681094328e-09 | -3.539596491464181e-06,4.048679898005503e-07,0.022407742217183113 | 0,0
6250 | 79.47091919928789 | 136.17950439453125,218.4612274169922,0.19613955914974213 | -7.829595638497722e-09,-3.968941009180327e-10,-0.0013254117220640182 | 181.2 | -1.7866098005470121e-06,7.2357779572485015e-06,7.095948273416752e-10 | -1.3370841145388113e-07,-2.3212500366298627e-07,-0.11214349418878555 | 0,0
6260 | 79.69395479932427 | 136.17950439453125,218.4612274169922,0.1962720900774002 | -8.90350193571976e-09,-1.0574260578266603e-08,-0.004902425687760115 | 181.2 | -1.9647808585432358e-05,-1.952377743918987e-07,1.2670311466678186e-09 | -1.4252252356072859e-07,-6.033174599906488e-07,-0.4875800311565399 | 0,0
6270 | 79.83615519851446 | 136.17950439453125,218.4612274169922,0.1961565762758255 | -1.5876884251753154e-09,3.125463221564928e-09,-1.4398534631254734e-06 | 181.2 | 5.767986749560805e-06,9.414080523129087e-06,-5.922097257027303e-10 | -3.6514535395326675e-07,2.33762520451819e-07,-0.08654163032770157 | 0,0
6280 | 79.9811098985374 | 136.17950439453125,218.4612274169922,0.19610393047332764 | 0.0,0.0,0.0 | 181.2 | 0.0,0.0,0.0 | -2.1819991502525227e-07,1.4277853210842295e-07,-0.10393831133842468 | 0,0
6290 | 80.12812109664083 | 136.17950439453125,218.4612274169922,0.19614112377166748 | -2.0525680710647976e-08,2.224368245151709e-09,-0.0002929842157755047 | 181.2 | 5.728250016545644e-06,-1.4261765500123147e-05,3.1542193856815004e-10 | 9.210281746163673e-07,8.706100516064907e-07,0.226872980594635 | 0,0
6300 | 80.28909189999104 | 136.17950439453125,218.4612274169922,0.19614535570144653 | -5.985662632213007e-09,-7.541905766572654e-09,-0.002373641123995185 | 181.2 | -1.0848075362446252e-05,-3.174388666593586e-06,4.0197120632079475e-10 | -1.383728545079066e-07,3.852440215723618e-07,0.15494559705257416 | 0,0
6310 | 80.428989097476 | 136.17950439453125,218.4612274169922,0.19611495733261108 | -2.3074937516298633e-09,2.1173307551691778e-09,0.0007258560508489609 | 181.2 | 3.262186965002911e-06,2.3324195353779942e-05,-5.59866653038199e-10 | -8.64991420712613e-07,-1.762555825735035e-07,0.05835093930363655 | 0,0
6320 | 80.56073039770126 | 136.17950439453125,218.4612274169922,0.19613204896450043 | -1.1299391644570278e-08,-4.1343861667542114e-09,6.208541890373453e-05 | 181.2 | -8.402533239859622e-06,3.901606032741256e-05,-5.647519674134571e-10 | -7.814298328412406e-07,-7.187428536781226e-07,-0.03920508176088333 | 0,0
6330 | 80.6957988999784 | 136.17950439453125,218.4612274169922,0.19617626070976257 | -2.3919193736787747e-08,3.377165880280586e-09,0.0024897302500903606 | 181.2 | 6.339646461128723e-06,-3.928287696908228e-06,2.404117460663713e-10 | 1.3867055486116442e-06,5.916114673709671e-07,0.15854091942310333 | 0,0
6340 | 80.84003679826856 | 136.17950439453125,218.4612274169922,0.19615958631038666 | -2.928924602851879e-10,-1.404962279849542e-08,-0.007363068871200085 | 181.2 | -2.5885290597216226e-05,5.365590709516255e-07,9.00994334696037e-10 | -1.6328408847243736e-08,-7.832498454263259e-07,-0.41048237681388855 | 0,0
6350 | 80.99094629660249 | 136.17950439453125,218.4612274169922,0.19608542323112488 | 2.6643967032669025e-09,-4.502598294209292e-09,-0.0013701251009479165 | 181.2 | -6.930721610842738e-06,-2.588762072264217e-06,-3.8189296169832687e-10 | 2.7959691806245246e-07,3.499541989526733e-08,0.0613342821598053 | 0,0
6360 | 81.17264639958739 | 136.17950439453125,218.4612274169922,0.1961621791124344 | -1.8451279615305793e-08,-1.5935295749613942e-08,-0.005432602018117905 | 181.2 | -2.717761708481703e-05,4.103523224330274e-06,2.0766095509827665e-09 | -8.320474762513186e-07,-2.601992434847489e-07,-0.06976525485515594 | 0,0
6370 | 81.32225799933076 | 136.17950439453125,218.4612274169922,0.1963883936405182 | -9.85105064188474e-09,8.138123952505794e-09,0.0023882631212472916 | 181.2 | 1.3924126506026369e-05,-1.2010144928353839e-05,1.4729147901348938e-09 | -3.625337683388352e-07,4.811456051356799e-07,0.05145837739109993 | 0,0
6380 | 81.45336439833045 | 136.17950439453125,218.4612274169922,0.196476548910141 | 2.2277967914874353e-08,2.3528303749742463e-09,0.0003632371372077614 | 181.2 | 3.1431000024895184e-06,-9.159258297586348e-06,-1.7771030480506766e-10 | -4.164245126503374e-07,-4.5426915562529757e-07,-0.05705730617046356 | 0,0
6390 | 81.59687529876828 | 136.17950439453125,218.4612274169922,0.1964634209871292 | 6.300439281403669e-09,-2.490612160954697e-09,-0.0012688414426520467 | 181.2 | -4.665159394789953e-06,1.8171456758864224e-05,-1.7340382602037963e-11 | -1.4390413980436279e-06,-4.111647626814374e-07,-0.044105708599090576 | 0,0
6400 | 81.7261859998107 | 136.17950439453125,218.4612274169922,0.1963263303041458 | -6.686745379624881e-09,-1.3368676166081173e-09,-0.000402285746531561 | 181.2 | -1.7596050838619703e-06,-1.6866347323230002e-06,1.3963747935719084e-09 | -8.084066394076217e-07,1.992829226082904e-07,-0.04473225399851799 | 0,0
6410 | 81.85513489693403 | 136.17950439453125,218.4612274169922,0.1962587684392929 | 7.2909012160948805e-09,3.090765421376318e-09,0.0019306835019961 | 181.2 | 5.6788662732287776e-06,-6.129489520390052e-06,-5.701205063601833e-10 | 9.785789956140434e-08,2.5294096417383116e-07,0.08957388252019882 | 0,0
6420 | 81.98035119846463 | 136.17950439453125,218.4612274169922,0.1963009536266327 | 1.8476473684359007e-08,1.4091128264226427e-09,0.0012161843478679657 | 181.2 | 1.959969722520327e-06,-6.786055564589333e-06,-1.2439467234059975e-09 | 3.3660822396086587e-07,-2.9116864652678487e-07,0.03645026311278343 | 0,0
6430 | 82.11677349731326 | 136.17950439453125,218.4612274169922,0.196212500333786 | -1.8684547242742156e-08,-3.3132225851773e-09,0.0006019673310220242 | 181.2 | -5.2646723815996666e-06,1.5056181837280747e-05,2.2519493214634423e-10 | -1.041024830783499e-07,1.56035085296935e-07,0.08331765234470367 | 0,0
6440 | 82.24892289936543 | 136.17950439453125,218.4612274169922,0.19619891047477722 | 9.230384456770935e-09,-8.524036587687078e-09,-0.0030622058548033237 | 181.2 | -1.4199534234649036e-05,-1.5866049579926766e-05,7.569719850941681e-11 | 5.79573281811463e-07,-1.7317600509159092e-07,-0.23968149721622467 | 0,0
6450 | 82.38541439920664 | 136.17950439453125,218.4612274169922,0.1962103545665741 | -2.8527018969271012e-08,5.409065639838673e-09,-0.0009249895811080933 | 181.2 | 8.21922549221199e-06,5.4716398153686896e-05,9.360117125822853e-10 | -2.3636182504560566e-06,-1.517898766678627e-07,-0.1793869286775589 | 0,0
6460 | 82.52091989666224 | 136.17950439453125,218.4612274169922,0.1961948424577713 | 1.0050575482978275e-08,-4.132644892962389e-09,-0.0021604017820209265 | 181.2 | -7.656440175196622e-06,-4.126872283904959e-07,-3.000217019266671e-10 | 1.374117886143722e-07,-4.319416291309608e-07,-0.05489030480384827 | 0,0
6470 | 82.66406510025263 | 136.17950439453125,218.4612274169922,0.1961042732000351 | 1.2200356280800406e-08,5.686427995144072e-10,9.644071542425081e-05 | 181.2 | 2.8490114800661104e-07,-2.5033957626874326e-06,-8.561830133757553e-10 | 3.1097502528609766e-07,-2.649213968197728e-07,-0.01644422672688961 | 0,0
6480 | 82.79756600037217 | 136.17950439453125,218.4612274169922,0.1962408721446991 | 5.078724107931976e-09,6.816372799534065e-09,0.0014756532618775964 | 181.2 | 1.2348312338872347e-05,-1.9657862139865756e-05,6.590618051305341e-10 | -7.625918385656405e-08,4.842167413698917e-07,-0.08236772567033768 | 0,0
6490 | 82.93453829735518 | 136.17950439453125,218.46090698242188,0.19629642367362976 | -0.00015885010361671448,-0.007114214822649956,0.00016658534877933562 | 181.2 | 0.0029825062956660986,-8.905514550860971e-05,-0.0009326659492217004 | 0.014838925562798977,0.7566396594047546,-0.03214815631508827 | 0,0
6500 | 83.065773896873 | 136.17933654785156,218.45082092285156,0.19630667567253113 | -0.0043159048072993755,-0.18214742839336395,0.00047043367521837354 | 181.2 | 0.08264931291341782,0.0053967987187206745,-0.45080986618995667 | -0.03712701052427292,-0.1309092789888382,-0.041030965745449066 | 0,0
6510 | 83.19723599776626 | 136.17892456054688,218.40167236328125,0.19649550318717957 | -0.012587059289216995,-0.5563606023788452,0.0013105673715472221 | 181.2 | 0.14670394361019135,-0.0015787315787747502,-0.5684135556221008 | -0.033269818872213364,-5.190300941467285,-0.03401648625731468 | 0,0
