Simulation Frame | Timestamp | Position | Velocity | Heading | Angular Velocity | Acceleration | Stopped at Red Light + Light ID 
1510 | 18.917882297188044 | 136.31150817871094,226.17300415039062,0.21233661472797394 | 0.026607761159539223,-5.382885456085205,1.3635983577842126e-06 | 179.7 | -0.0010264168959110975,-0.015075999312102795,-4.259570598602295 | -0.13616539537906647,-0.10595367848873138,1.4014581211085897e-05 | 0,0
1520 | 19.041311599314213 | 136.31715393066406,225.50802612304688,0.21233485639095306 | -0.008176040835678577,-5.392820835113525,1.1824142802652204e-06 | 180.1 | -0.0014526615850627422,-0.010238684713840485,-3.6663410663604736 | -0.3878669738769531,-0.08520519733428955,2.5985902539105155e-05 | 0,0
1530 | 19.167527597397566 | 136.3187255859375,224.82737731933594,0.21233507990837097 | -0.03345484659075737,-5.393670558929443,6.007428510201862e-07 | 180.4 | 0.0011328291147947311,-0.009783070534467697,-2.9716858863830566 | -0.29014506936073303,-0.04620208591222763,2.422555371595081e-05 | 0,0
1540 | 19.30215059965849 | 136.31674194335938,224.1026153564453,0.2123405784368515 | -0.05526009574532509,-5.376774787902832,5.721378215639561e-08 | 180.6 | 0.004640267230570316,-0.005231662653386593,-2.257753610610962 | -0.2821113169193268,0.008339541964232922,5.668803714797832e-05 | 0,0
1550 | 19.430801697075367 | 136.3114471435547,223.4105224609375,0.21234114468097687 | -0.07186490297317505,-5.387709617614746,-9.535454204012694e-09 | 180.8 | -0.004274103324860334,-0.00881899893283844,-1.792579174041748 | -0.21997152268886566,-0.21319948136806488,-4.9358754040440544e-05 | 0,0
1560 | 19.55762119963765 | 136.3036651611328,222.7263946533203,0.21233615279197693 | -0.08785787224769592,-5.401374816894531,-4.767769112845599e-08 | 180.9 | -0.004585552960634232,-0.006056998390704393,-1.5082416534423828 | -0.08445879817008972,-0.19960175454616547,5.805371256428771e-05 | 0,0
1570 | 19.686288099735975 | 136.29360961914062,222.03050231933594,0.21233245730400085 | -0.09837403148412704,-5.411423206329346,7.628465681364105e-08 | 181.0 | -0.0012792994966730475,-0.009329425171017647,-1.0797771215438843 | 0.047689616680145264,-0.0812363475561142,-2.965234853036236e-05 | 0,0
1580 | 19.81533119827509 | 136.28170776367188,221.33204650878906,0.21233314275741577 | -0.11137660592794418,-5.414743423461914,1.1442723035770541e-07 | 181.2 | 0.0004250527417752892,-0.004537734668701887,-0.9210947155952454 | -0.04626680165529251,-0.10582317411899567,-3.402220272619161e-06 | 0,0
1590 | 19.940712098032236 | 136.2685089111328,220.65235900878906,0.21233230829238892 | -0.12160581350326538,-5.428323268890381,-1.1538022590684704e-06 | 181.3 | -0.002232504775747657,-0.0027798640076071024,-0.8108530044555664 | -0.12865442037582397,-0.1523904800415039,-9.811665222514421e-05 | 0,0
1600 | 20.06537599861622 | 136.25396728515625,219.97474670410156,0.2123304009437561 | -0.13147050142288208,-5.440903186798096,-7.628352705069119e-07 | 181.4 | -0.0015686320839449763,-0.0018292295280843973,-0.6626021862030029 | -0.10048282146453857,-0.1172885075211525,1.568565858178772e-05 | 0,0
1610 | 20.194316998124123 | 136.237548828125,219.27349853515625,0.21233268082141876 | -0.14102770388126373,-5.437544822692871,-1.3349813343666028e-07 | 181.5 | 0.0025995417963713408,-0.0011416489724069834,-0.5320858955383301 | -0.08519990742206573,-0.054654017090797424,-3.1994823075365275e-06 | 0,0
1620 | 20.322948597371578 | 136.21981811523438,218.57424926757812,0.2123359590768814 | -0.15185965597629547,-5.437412738800049,-4.5770619294671633e-07 | 181.6 | 0.0010220796102657914,0.00022846917272545397,-0.47016820311546326 | -0.10162253677845001,-0.07526455074548721,2.8470643883338198e-05 | 0,0
1630 | 20.450674198567867 | 136.20069885253906,217.8795623779297,0.212336465716362 | -0.16260698437690735,-5.442535877227783,2.669918330866494e-07 | 181.7 | -0.001048379228450358,-0.00019733808585442603,-0.42725658416748047 | -0.08627556264400482,-0.12733031809329987,-2.202403720730217e-06 | 0,0
1640 | 20.576931700110435 | 136.18055725097656,217.19232177734375,0.21233642101287842 | -0.17095772922039032,-5.445443153381348,-3.2421161222373485e-07 | 181.8 | -0.0007517783087678254,-0.0019876654259860516,-0.4682542681694031 | -0.050017960369586945,-0.08283650130033493,-7.228133199532749e-06 | 0,0
1650 | 20.704499199986458 | 136.15924072265625,216.4971466064453,0.2123352736234665 | -0.17681829631328583,-5.451828479766846,1.621054224187901e-07 | 181.9 | -0.000657532480545342,-0.0034394843969494104,-0.2559248208999634 | -0.03625957667827606,-0.022218847647309303,1.2733262337860651e-05 | 0,0
1660 | 20.832766696810722 | 136.1371307373047,215.7978057861328,0.21233585476875305 | -0.17873027920722961,-5.453388690948486,-7.723868975517689e-07 | 181.9 | 8.962542051449418e-05,-0.005398435052484274,-0.09335043281316757 | -0.020453475415706635,-0.025792459025979042,-5.877945295651443e-05 | 0,0
1670 | 20.957643799483776 | 136.11532592773438,215.11614990234375,0.21233493089675903 | -0.17726649343967438,-5.462219715118408,9.249552022083662e-07 | 181.9 | -0.001334266853518784,-0.006180429365485907,0.0715976133942604 | 0.018588995561003685,-0.09060081839561462,5.92337892157957e-06 | 0,0
1680 | 21.082111097872257 | 136.09373474121094,214.43557739257812,0.2123335599899292 | -0.17208163440227509,-5.472163200378418,-1.2396118620472407e-07 | 181.8 | -0.0016916507156565785,-0.007187917362898588,0.33570489287376404 | 0.06575008481740952,-0.1026419848203659,3.7946123484289274e-05 | 0,0
1690 | 21.212259899824858 | 136.07177734375,213.72335815429688,0.21233409643173218 | -0.1628757268190384,-5.47364616394043,4.10019623586777e-07 | 181.7 | 0.0006937453872524202,-0.00750730698928237,0.8557541966438293 | 0.10931941866874695,-0.02624533325433731,9.616932402423117e-06 | 0,0
1700 | 21.338064298033714 | 136.05181884765625,213.03521728515625,0.2123366892337799 | -0.1493963748216629,-5.473116397857666,6.198100095389236e-07 | 181.6 | -0.00011908244778169319,-0.007000992074608803,0.9321897029876709 | 0.0877142995595932,-0.09164625406265259,1.2373217941785697e-05 | 0,0
1710 | 21.46477199718356 | 136.0331573486328,212.3412628173828,0.21233603358268738 | -0.13425962626934052,-5.480410575866699,1.2586941693371045e-06 | 181.4 | -0.0012335429200902581,-0.006475979927927256,1.2048369646072388 | 0.17437945306301117,-0.06106499210000038,5.9493813751032576e-05 | 0,0
1720 | 21.588162798434496 | 136.0167694091797,211.66448974609375,0.21233490109443665 | -0.10991019010543823,-5.484638690948486,3.814208469066216e-07 | 181.1 | 0.0005990194040350616,-0.019168561324477196,1.5291903018951416 | 0.8516276478767395,0.26390406489372253,-1.2222991244925652e-05 | 1,6
1730 | 21.713170800358057 | 136.0045928955078,211.00572204589844,0.21242709457874298 | -0.06140321493148804,-4.854247570037842,-1.1442682534834603e-07 | 180.7 | 0.22724974155426025,-0.007258562371134758,3.780147075653076 | 0.30105793476104736,9.642294883728027,5.6058805057546124e-05 | 1,6
1740 | 21.839211497455835 | 135.995849609375,210.49661254882812,0.21233397722244263 | -0.0009783700807020068,-3.3717520236968994,-0.0004539617511909455 | 180.0 | 0.3492718040943146,-0.00490540312603116,4.7741923332214355 | 0.2927168309688568,11.18368148803711,0.015432759188115597 | 1,6
1750 | 21.96319989860058 | 135.9925994873047,210.18624877929688,0.21269816160202026 | 0.009897288866341114,-1.7830169200897217,0.00016406863869633526 | 179.7 | 0.29990091919898987,0.02987012267112732,2.758585214614868 | 0.02209300547838211,12.53909683227539,-0.024930361658334732 | 1,6
1760 | 22.08623569831252 | 135.99166870117188,210.07843017578125,0.21304915845394135 | 0.0016953092999756336,-0.17399927973747253,0.0007133475737646222 | 179.7 | 0.18005500733852386,0.021373320370912552,-0.24101462960243225 | 0.005859057884663343,6.5984578132629395,0.027342738583683968 | 1,6
1770 | 22.21438379958272 | 135.9916534423828,210.07833862304688,0.21294371783733368 | 1.7536438463139348e-05,4.059125421917997e-05,-0.00316624459810555 | 179.7 | -0.2593078911304474,0.00040497086592949927,3.6903456930303946e-05 | -0.0004756823182106018,0.00024944948381744325,-0.3018062710762024 | 1,6
1780 | 22.341012597084045 | 135.99166870117188,210.0780792236328,0.21267284452915192 | -3.828176431852626e-06,4.875374725088477e-05,0.0010795140406116843 | 179.7 | -0.29162710905075073,-0.003037526272237301,3.633863525465131e-05 | -2.0010158550576307e-05,-2.790672442642972e-05,0.15019558370113373 | 1,6
1790 | 22.4677349999547 | 135.99166870117188,210.077880859375,0.2124319076538086 | -4.4733337745128665e-06,3.687774369609542e-05,0.0017842550296336412 | 179.7 | -0.20621724426746368,-0.0024695326574146748,2.713696267164778e-05 | 2.3019574655336328e-05,-0.00010443907376611605,0.006647513248026371 | 1,6
1800 | 22.589665099978447 | 135.99166870117188,210.07781982421875,0.2123475968837738 | 5.18463281196091e-08,1.5016153156466316e-05,-0.00063073739875108 | 179.7 | -0.07960277795791626,-0.0012906454503536224,-1.136097671405878e-05 | 2.5543911760905758e-05,5.3310024668462574e-05,-0.0017647647764533758 | 1,6
1810 | 22.72008129954338 | 135.99166870117188,210.07774353027344,0.2121770828962326 | 3.6529137048546545e-08,1.5488025383092463e-05,-0.0018499208381399512 | 179.7 | -0.08241358399391174,-0.0011729805264621973,-1.3194435268815141e-05 | -3.1373139108836767e-07,-2.0872203094768338e-05,-0.2102496176958084 | 1,6
1820 | 22.849384799599648 | 135.99166870117188,210.07769775390625,0.21212966740131378 | 7.91758325568992e-10,1.0540159564698115e-05,0.0005803517997264862 | 179.7 | -0.05551297962665558,-0.000712630688212812,-9.130008038482629e-06 | 2.0374664018163458e-06,-4.34651410614606e-05,0.10837894678115845 | 1,6
1830 | 22.971233498305082 | 135.99166870117188,210.07766723632812,0.2121586948633194 | 1.5902292815894725e-08,2.665737383722444e-06,0.0005164212197996676 | 179.7 | -0.013189909979701042,-0.0002508946636226028,-1.7868845816337853e-06 | -5.567464995692717e-07,2.6058633011416532e-05,-0.018085896968841553 | 1,6
1840 | 23.092340297996998 | 135.99166870117188,210.07766723632812,0.21214419603347778 | 2.1829597685041335e-08,3.609563236750546e-06,0.00019982813682872802 | 179.7 | -0.018520142883062363,-0.0002900094841606915,-2.912006038968684e-06 | 4.743566819342959e-07,-2.37231779465219e-06,0.009906712919473648 | 1,6
1850 | 23.221861999481916 | 135.99166870117188,210.07765197753906,0.21203909814357758 | -4.080379645277077e-10,2.6865768631978426e-06,-0.0007593271438963711 | 179.7 | -0.013909303583204746,-0.00016154952754732221,-2.3282814254343975e-06 | -1.7332132529190858e-06,-1.0775169357657433e-05,0.1408277302980423 | 1,6
1860 | 23.34616729989648 | 135.99166870117188,210.07763671875,0.21208499372005463 | 0.0,0.0,0.0 | 179.7 | 0.0,0.0,0.0 | 6.41455102368127e-08,-0.0001231728820130229,-0.014223717153072357 | 1,6
1870 | 23.47204139828682 | 135.99166870117188,210.07763671875,0.21207332611083984 | 1.6142436720656406e-08,7.544238656009838e-07,0.0009065417107194662 | 179.7 | -0.0038152895867824554,-4.021747372462414e-05,-5.887520160285931e-07 | 1.4043913552086451e-06,1.0534158718655817e-06,-0.04618571326136589 | 1,6
1880 | 23.59520959854126 | 135.99166870117188,210.07763671875,0.21208404004573822 | -2.9596283201982487e-09,6.491563908639364e-07,-0.0005566836916841567 | 179.7 | -0.0033281436190009117,-5.0736496632453054e-05,-5.442537940325565e-07 | -4.021509028007131e-07,-1.568454990774626e-06,-0.04271813854575157 | 1,6
1890 | 23.721230000257492 | 135.99166870117188,210.07763671875,0.21208205819129944 | -1.009975658661233e-09,4.181852091278415e-07,0.0003469422517810017 | 179.7 | -0.0021561961621046066,-1.2525569218269084e-05,-3.5679261145560304e-07 | -7.505186090384086e-07,-1.5251031300067552e-06,-0.0008148230263032019 | 1,6
1900 | 23.848097998648882 | 135.99166870117188,210.07763671875,0.21206511557102203 | 4.872066639016737e-10,1.5078313708727364e-07,2.7357509679859504e-05 | 179.7 | -0.000754917913582176,-1.4603253475797828e-05,-1.1299524516061865e-07 | -4.151514758632402e-07,3.0170440368237905e-07,-0.08315516263246536 | 1,6
1910 | 23.968809496611357 | 135.99166870117188,210.07763671875,0.21211279928684235 | 5.260259783312904e-09,1.528659225868978e-07,0.0006193393492139876 | 179.7 | -0.0007796539575792849,-4.842742782784626e-06,-1.233934199262876e-07 | -6.967573540350713e-07,-2.1422857798825135e-07,0.010751117952167988 | 1,6
1920 | 24.093338899314404 | 135.99166870117188,210.07763671875,0.21208731830120087 | 5.859014606812707e-09,1.0988364351760538e-07,-0.000884742068592459 | 179.7 | -0.0005600714357569814,-1.4375562386703677e-05,-9.326809902177047e-08 | 2.148923840650241e-06,2.2624466744503025e-09,-0.10924786329269409 | 1,6
1930 | 24.22497119754553 | 135.99166870117188,210.07763671875,0.2120329588651657 | -4.198420278100912e-09,2.4584718261166927e-08,-0.000756178458686918 | 179.7 | -0.00011914116475963965,6.603461315535242e-06,-1.5711171030829973e-08 | -9.920869459278947e-09,1.743147635124842e-07,0.000160778290592134 | 1,6
1940 | 24.349580697715282 | 135.99166870117188,210.07763671875,0.21211330592632294 | 1.1690362455851755e-08,3.3696444745601184e-08,0.0005293009453453124 | 179.7 | -0.00017227508942596614,-6.0251084505580366e-05,-2.8913476057823573e-08 | 9.262032563128741e-07,-1.2973569596397283e-07,-0.031377118080854416 | 1,6
1950 | 24.475568000227213 | 135.99166870117188,210.07763671875,0.21211937069892883 | -1.1682532274903679e-08,2.274383881228914e-08,0.0004241332644596696 | 179.7 | -0.00012003180745523423,-2.860816675820388e-05,-2.0193775540633396e-08 | -8.115817990983487e-07,-3.1383692089548276e-07,0.012944433838129044 | 1,6
1960 | 24.598694998770952 | 135.99166870117188,210.07763671875,0.21213145554065704 | 0.0,0.0,0.0 | 179.7 | 0.0,0.0,0.0 | 3.620976940510445e-08,-1.2886386002719519e-06,-0.006989259272813797 | 1,6
1970 | 24.723180897533894 | 135.99166870117188,210.07763671875,0.21211226284503937 | 2.284448186173904e-09,4.523039276449481e-09,-0.0015584087232127786 | 179.7 | -2.6938951123156585e-05,-6.215610483195633e-06,-6.385569406575087e-09 | 2.817894717566105e-08,-2.0079511386938975e-07,-0.0847650021314621 | 1,6
1980 | 24.846129398792982 | 135.99166870117188,210.07763671875,0.21212783455848694 | 1.7363946946957753e-09,6.278714881347014e-09,-5.3942752856528386e-05 | 179.7 | -3.0857718229526654e-05,-7.284165349119576e-06,-5.046407292041977e-09 | 4.821467314286565e-07,8.98712002594948e-08,-0.09040550142526627 | 1,6
1990 | 24.968166198581457 | 135.99166870117188,210.07763671875,0.21213287115097046 | 3.0246951610024553e-09,3.077188281963572e-09,0.00014177532284520566 | 179.7 | -1.5086005078046583e-05,-9.194714948534966e-06,-2.3476680599543442e-09 | 1.0173445019745486e-07,2.4306183732392128e-08,-0.04385249316692352 | 1,6
2000 | 25.09158329665661 | 135.99166870117188,210.07763671875,0.21210643649101257 | -6.244288197621017e-09,2.3036783591834364e-09,0.00042422075057402253 | 179.7 | -8.5572910393239e-06,-1.929786321852589e-06,7.047625816269942e-10 | -7.18883995887154e-07,2.4929542519203096e-07,-0.013734322041273117 | 1,6
2010 | 25.21924849972129 | 135.99166870117188,210.07763671875,0.2120383083820343 | -1.7404417462785204e-08,1.0223644153484202e-10,-0.002194597851485014 | 179.7 | -3.2015855140343774e-06,-6.812932952016126e-06,-2.7751212439142137e-10 | -2.126221943399287e-06,-1.4443259033214417e-07,-0.078905388712883 | 1,6
2020 | 25.34174469858408 | 135.99166870117188,210.07763671875,0.21209479868412018 | -1.549535433298388e-08,-2.3615964739320816e-09,-0.00016901764320209622 | 179.7 | 9.053135727299377e-06,-1.1682824151648674e-05,2.0603603267943527e-09 | -2.144202426279662e-06,-1.482597014046405e-07,-0.05692048370838165 | 1,6
2030 | 25.46505619958043 | 135.99166870117188,210.07763671875,0.21207210421562195 | 1.6661259871764145e-10,-4.7395531943550395e-09,0.0002481460978742689 | 179.7 | 1.856777635111939e-05,-9.554214557283558e-07,4.581477974774373e-10 | 2.5241067902470604e-08,-3.5526338137970015e-07,0.06537029892206192 | 1,6
2040 | 25.593229599297047 | 135.99166870117188,210.07763671875,0.2119460254907608 | -5.12263431673432e-09,-4.247123097655958e-09,-0.005598025396466255 | 179.7 | 1.3246069102024194e-05,-5.358526323107071e-06,-8.809273310816934e-10 | -5.805335945296974e-07,-5.234708169155056e-07,-0.29515790939331055 | 1,6
2050 | 25.724175598472357 | 135.99166870117188,210.07763671875,0.21204379200935364 | 2.4692501376932796e-09,-2.694688916449195e-09,-0.00012063395843142644 | 179.7 | 8.096055353234988e-06,-8.682801308168564e-06,-1.6106413980310208e-09 | 2.019268237063443e-07,-3.577461882287025e-07,-0.1298438310623169 | 1,6
2060 | 25.848018396645784 | 135.99166870117188,210.07763671875,0.21209125220775604 | 7.890205822036478e-09,6.113043404809559e-10,0.0011434191837906837 | 179.7 | -5.501084160641767e-06,-2.297574155818438e-06,-2.2269335264724077e-09 | 3.9544545415992616e-07,-2.5874663833747036e-07,0.040302447974681854 | 1,6
2070 | 25.971337098628283 | 135.99166870117188,210.07763671875,0.2121625542640686 | 1.3994372327630344e-09,7.692607661979878e-10,0.0005251831607893109 | 179.7 | -3.799951855398831e-06,-4.829740191780729e-06,-6.233529803445492e-10 | 3.755494404344972e-08,2.5735726882913923e-09,0.011405020020902157 | 1,6
2080 | 26.09164349734783 | 135.99166870117188,210.07763671875,0.21218131482601166 | 2.9357780650940413e-09,-3.2092435375830064e-09,0.0003280640230514109 | 179.7 | 1.0740870493464172e-05,-9.168181350105442e-06,-1.1565192137297231e-09 | 2.1309590181317617e-07,-4.003804008334555e-07,-0.024346159771084785 | 1,6
2090 | 26.21890340000391 | 135.99166870117188,210.07763671875,0.21208685636520386 | -1.5420482668559998e-09,-1.78941972350799e-09,-0.001643489464186132 | 179.7 | 6.42203622192028e-06,-1.348229943687329e-05,4.987271706724528e-10 | -6.605841917917132e-07,-2.2361494700362528e-07,-0.11320517212152481 | 1,6
2100 | 26.34133379906416 | 135.99166870117188,210.07763671875,0.21213477849960327 | -2.1607101885479096e-08,-2.768033136035797e-09,0.00011121347051812336 | 179.7 | 8.313944817928132e-06,-1.19076812552521e-05,2.003053278798461e-09 | -2.8396311790857e-06,-4.6846267309774703e-07,-0.05296948552131653 | 1,6
2110 | 26.464717499911785 | 135.99166870117188,210.07763671875,0.2121305763721466 | 6.522518969376279e-09,9.380566323713424e-10,-8.80610168678686e-05 | 179.7 | -4.542795068118721e-06,2.1706307961721905e-05,-5.016149717818053e-10 | -4.8134150887335636e-08,-3.757859090569582e-08,-0.056739792227745056 | 1,6
2120 | 26.58618339896202 | 135.99166870117188,210.07763671875,0.21213451027870178 | 5.330541341663775e-09,1.8079973074236477e-09,0.0007767739589326084 | 179.7 | -6.3370803218276706e-06,-2.856892251656973e-06,-2.084420636094819e-09 | 2.0991687961213756e-06,2.9492576913980884e-07,0.06771629303693771 | 1,6
2130 | 26.708627697080374 | 135.99166870117188,210.07763671875,0.2121090590953827 | -2.9079603169890333e-09,2.455337488882492e-09,-0.0002999799035023898 | 179.7 | -9.650142601458356e-06,-1.1612505659286398e-05,-2.1644854311664297e-11 | -2.0893966734547575e-07,1.7641829685999255e-07,-0.02155383676290512 | 1,6
2140 | 26.83146919682622 | 135.99166870117188,210.07763671875,0.2120911329984665 | 2.1371436176309544e-08,1.0167467978661193e-09,-0.00029632702353410423 | 179.7 | -5.120331934449496e-06,1.8426648239255883e-05,-2.6822304377560613e-09 | 1.8699205384109518e-06,-4.779778350894048e-09,0.003633977845311165 | 1,6
2150 | 26.955884099006653 | 135.99166870117188,210.07763671875,0.21208922564983368 | -1.9002686091340593e-09,-2.0893131669197373e-09,0.0016978869680315256 | 179.7 | 1.0324500181013718e-05,-5.680653430317761e-06,-1.0411332906912207e-09 | 2.00856675292016e-06,3.458172415093941e-08,0.12282442301511765 | 1,6
2160 | 27.07952480018139 | 135.99166870117188,210.07763671875,0.21209365129470825 | -1.0052491283829568e-08,1.6292696081166014e-09,2.8330168788670562e-05 | 179.7 | -5.560915269597899e-06,-1.992312172660604e-05,2.3571451457371495e-09 | -2.1806768017995637e-06,2.3027563145205932e-07,-0.07384932041168213 | 1,6
2170 | 27.206312999129295 | 135.99166870117188,210.07763671875,0.21211951971054077 | -1.1351362516620611e-08,-1.3131558063150806e-09,-0.0008060143445618451 | 179.7 | 3.4991546726814704e-06,-1.65528072102461e-05,1.2790913883620192e-09 | -2.2397962311515585e-06,-1.850634703259857e-07,-0.16786368191242218 | 1,6
2180 | 27.329303696751595 | 135.99166870117188,210.07763671875,0.21215441823005676 | 1.1982528747012111e-08,-1.4599162989625825e-09,0.0003120809269603342 | 179.7 | 9.980948561860714e-06,1.396408424625406e-05,-1.019585194050876e-09 | 3.27602424476936e-06,2.60449326106027e-07,0.035832639783620834 | 1,6
2190 | 27.45549399778247 | 135.99166870117188,210.07763671875,0.21210898458957672 | 1.7148096276287106e-08,-1.5719014978543555e-09,0.00013453718565870076 | 179.7 | 5.19025979883736e-06,9.264605978387408e-06,-1.7261538864943304e-09 | 1.3316265494722757e-06,-2.526713842598838e-07,0.039607513695955276 | 1,6
2200 | 27.578878697007895 | 135.99166870117188,210.07763671875,0.212105855345726 | -7.416170344498596e-09,-3.1001379241502036e-10,-0.0009885291801765561 | 179.7 | 1.3149282267477247e-06,2.292598583153449e-05,1.0671666883510511e-09 | -9.789583828023751e-07,-7.1471011331425416e-09,-0.13014601171016693 | 1,6
2210 | 27.707723196595907 | 135.99166870117188,210.07763671875,0.21202613413333893 | -2.2157122359089954e-08,1.9286801045126367e-09,0.0006526706274598837 | 179.7 | -4.483124030230101e-06,-1.0244372788292821e-05,4.2509400444146195e-09 | -2.417363930362626e-06,3.9068029877853405e-07,0.08474214375019073 | 1,6
2220 | 27.83889489993453 | 135.99166870117188,210.07763671875,0.21204741299152374 | -1.4028012085276487e-09,1.0112816140050995e-09,0.001953957136720419 | 179.7 | -2.3745203634462086e-06,-1.4218941942090169e-05,1.3590515379746648e-09 | -6.282219828790403e-07,2.196129855747131e-07,0.07563135027885437 | 1,6
2230 | 27.96128999814391 | 135.99166870117188,210.07763671875,0.21210956573486328 | 0.0,0.0,0.0 | 179.7 | 0.0,0.0,0.0 | -1.0079455705636065e-06,-8.629217895794739e-10,0.023051980882883072 | 1,6
2240 | 28.083129599690437 | 135.99166870117188,210.07763671875,0.21208758652210236 | 2.231552942433268e-09,-4.910990017426009e-11,0.0011130707571282983 | 179.7 | 3.1386298360303044e-07,-6.4501464294153266e-06,4.777209183792763e-11 | 1.509565272783675e-08,3.221575228806728e-10,0.05187220126390457 | 1,6
2250 | 28.208492398262024 | 135.99166870117188,210.07763671875,0.21205264329910278 | -1.6295620408612876e-09,-2.1336812872085886e-10,0.0009301891550421715 | 179.7 | 9.447478532820242e-07,-2.178935801566695e-06,-1.2211547328888628e-09 | 1.1976256928392104e-06,3.891917543796808e-08,-0.0570346862077713 | 1,6
2260 | 28.33322899788618 | 135.99166870117188,210.07763671875,0.21208667755126953 | 2.8342539426517988e-09,-2.779946828290747e-10,0.0011359616182744503 | 179.7 | 1.4609175877922098e-06,-7.011173238424817e-06,2.2296781088115836e-10 | 7.286900860492551e-09,-2.942919241633035e-10,0.01880776323378086 | 1,6
2270 | 28.46002670004964 | 135.99166870117188,210.07763671875,0.2120303362607956 | -1.0949254836134514e-08,1.660282605842056e-10,0.0002959167759399861 | 179.7 | -8.242158173743519e-07,-2.3546856482425937e-06,2.0180117576984458e-09 | -1.9261326542618917e-06,-4.138743392445576e-08,0.3060002028942108 | 1,6
2280 | 28.581512097269297 | 135.99166870117188,210.07763671875,0.21210135519504547 | -1.4427953942686145e-08,-1.7516702532915929e-09,0.0013207771116867661 | 179.7 | 5.882431651116349e-06,-1.4674547855975106e-05,1.6604275732134965e-09 | -1.7235036011697957e-06,-2.0375824760776595e-07,0.012146443128585815 | 1,6
2290 | 28.705165799707174 | 135.99166870117188,210.07763671875,0.21209800243377686 | 1.7345005431934624e-08,-7.096436216436075e-10,0.0001640120317460969 | 179.7 | 3.714058266268694e-06,2.8719037800328806e-05,-1.0422867013915038e-09 | 1.2990124105272116e-06,4.307319301233292e-08,-0.05289182811975479 | 1,6
2300 | 28.83218889683485 | 135.99166870117188,210.07763671875,0.21207880973815918 | 8.30076718472128e-09,2.5027229177965182e-09,6.427923653973266e-05 | 179.7 | -9.81508128461428e-06,3.360082337167114e-05,-9.148345969656191e-10 | 6.027217409609875e-07,1.8488533726213063e-07,-0.06468053162097931 | 1,6
2310 | 28.953929498791695 | 135.99166870117188,210.07763671875,0.21211780607700348 | 2.1774724245915422e-09,2.485101013860458e-11,0.0007990871672518551 | 179.7 | -9.490788954735763e-08,-6.3233824221242685e-06,-3.6729525670908814e-11 | 2.0745714479630806e-08,-1.4594527808498015e-09,-0.03297842666506767 | 1,6
2320 | 29.081798996776342 | 135.99166870117188,210.07763671875,0.21205909550189972 | 3.4431715256744155e-09,-4.715950199796204e-11,0.001192151685245335 | 179.7 | 3.9440877230845217e-07,-7.573898528789869e-06,7.621374364941147e-11 | 2.5118177759964055e-08,5.702838201671057e-09,-0.05034768581390381 | 1,6
2330 | 29.207682698965073 | 135.99166870117188,210.07763671875,0.2120717614889145 | 1.1093401752759746e-09,5.718000031795789e-11,0.00023772123677190393 | 179.7 | -1.8361170361913537e-07,-1.0413495147076901e-05,-1.0544345396823473e-09 | 1.2453542694856878e-06,-3.556395355985842e-08,0.06779976189136505 | 1,6
2340 | 29.33003230020404 | 135.99166870117188,210.07763671875,0.21224109828472137 | 2.5300352035628748e-08,3.632173728451704e-11,0.00048031716141849756 | 179.7 | 3.4872080778569625e-09,5.889914064027835e-06,-2.7349509323926213e-09 | 2.431521352264099e-06,4.27846664763365e-08,-0.09664452821016312 | 1,6
2350 | 29.450124498456717 | 135.99166870117188,210.07763671875,0.21225692331790924 | 1.3942121235288596e-08,2.4151001198902122e-09,0.00025091145653277636 | 179.7 | -9.25272615859285e-06,3.460093921603402e-06,-4.7004364844838165e-09 | 4.05551554649719e-06,1.8700083614930918e-07,-0.005236125085502863 | 1,6
2360 | 29.57148589938879 | 135.99166870117188,210.07763671875,0.21220725774765015 | -1.479222633271604e-09,-1.0125357219337161e-09,-2.5536395696690306e-05 | 179.7 | 2.199006075898069e-06,2.1533260223804973e-05,-1.1176386482958378e-09 | 5.132761771164951e-07,-2.4301587586705864e-07,-0.02065526694059372 | 1,6
2370 | 29.69703909754753 | 135.99166870117188,210.07763671875,0.21215292811393738 | 9.327827399374655e-11,-2.8102995625056693e-11,-0.0005494646029546857 | 179.7 | 1.4751330468243395e-07,-1.3748690435022581e-06,1.567434376736898e-11 | 7.627262377241095e-09,2.298651963217324e-10,0.0035138751845806837 | 1,6
2380 | 29.828569497913122 | 135.99166870117188,210.07763671875,0.2121078073978424 | 6.761530224608236e-10,1.1258192988972127e-10,0.0005741263157688081 | 179.7 | -4.912777171739435e-07,-1.1257602636760566e-06,-1.553205480897546e-11 | -2.185739411686427e-08,3.8007770264414376e-09,-0.07557237893342972 | 1,6
2390 | 29.95588519796729 | 135.99166870117188,210.07763671875,0.21211382746696472 | 7.691471348714174e-10,4.945109252640911e-11,-0.0011508347233757377 | 179.7 | -2.5941250214600586e-07,-2.588639517853153e-06,-6.57662743708265e-11 | 1.4066407594270913e-08,-1.3890716354936217e-09,-0.14731304347515106 | 1,6
2400 | 30.082262698560953 | 135.99166870117188,210.07763671875,0.21211287379264832 | 0.0,0.0,0.0 | 179.7 | 0.0,0.0,0.0 | 3.339167733429349e-07,4.073625348155474e-08,0.06422235816717148 | 1,6
2410 | 30.212828498333693 | 135.99166870117188,210.07763671875,0.2120579481124878 | -5.18924681003341e-10,-7.357936482321747e-11,-0.0005428066942840815 | 179.7 | 2.7394844437367283e-07,-5.6051926549116615e-06,-1.208548816578059e-09 | 1.1567285582714248e-06,3.646704627158215e-08,-0.024988194927573204 | 1,6
2420 | 30.340787298977375 | 135.99166870117188,210.07763671875,0.2120894193649292 | 1.5034828493298846e-08,-7.185922690222668e-11,0.0008005215786397457 | 179.7 | 4.3364798330003396e-07,3.6240118788555264e-05,-1.0575493814002357e-09 | 9.610638471713173e-07,1.2946753669140776e-09,-0.04897211492061615 | 1,6
2430 | 30.465065699070692 | 135.99166870117188,210.07763671875,0.21211951971054077 | 2.5781247359191184e-08,7.758460540685519e-12,0.00024233711883425713 | 179.7 | -3.5606706916269104e-08,8.471096225548536e-05,-1.8179833194409412e-09 | 1.4907138847775059e-06,-2.5816286886026774e-09,-0.003727078903466463 | 1,6
2440 | 30.592004496604204 | 135.99166870117188,210.07763671875,0.21214908361434937 | 1.2069605315190302e-09,4.235735373558924e-11,0.00014414891484193504 | 179.7 | -2.2170411284605507e-07,-3.8391558518924285e-06,-6.229013832514951e-11 | 1.6069868991053227e-08,-2.2217547801517412e-09,-0.06499302387237549 | 1,6
2450 | 30.717595297843218 | 135.99166870117188,210.07763671875,0.21215064823627472 | -4.35498703765802e-09,-6.771477822908878e-10,0.0009820082923397422 | 179.7 | 6.245304575713817e-07,-7.2846469265641645e-06,-1.8937926227202695e-10 | -6.124808464846865e-07,-1.963369982149743e-07,0.03672659397125244 | 1,6
2460 | 30.844930298626423 | 135.99166870117188,210.07763671875,0.21213138103485107 | -2.885194305690675e-09,-7.111274902271703e-10,0.0004980820813216269 | 179.7 | 8.678253493599186e-07,-1.0886455129366368e-05,-4.178727919246228e-10 | -5.698018412658712e-07,-2.3160325213211763e-07,0.02217717096209526 | 1,6
2470 | 30.97238179668784 | 135.99166870117188,210.07763671875,0.21209663152694702 | 2.8543598595831554e-09,2.758166806060558e-09,-0.0003698537184391171 | 179.7 | -1.0995695447491016e-05,1.2120349310862366e-05,-5.822213822170852e-10 | 2.1423093699013407e-07,2.030429868682404e-07,0.1259884089231491 | 1,6
2480 | 31.095669999718666 | 135.99166870117188,210.07763671875,0.21211712062358856 | -3.4218463618174155e-09,-1.3233570905768488e-09,-0.0015016826801002026 | 179.7 | 6.7132923504686914e-06,1.7600381397642195e-05,2.6129727270784997e-09 | -1.8638361325429287e-06,9.782361587440391e-10,-0.13025523722171783 | 1,6
2490 | 31.222850799560547 | 135.99166870117188,210.07763671875,0.21207939088344574 | -1.3086757455482712e-08,5.022755544814572e-10,-0.0012560859322547913 | 179.7 | -5.3392514018923976e-06,-1.4048638149688486e-05,2.743959781614791e-10 | -2.157772996724816e-06,-2.4699403411432286e-07,-0.06650514155626297 | 1,6
2500 | 31.350730299949646 | 135.99166870117188,210.07763671875,0.21207137405872345 | 3.0906552872522752e-09,2.525476272552396e-09,0.0001466001122025773 | 179.7 | -9.929281077347696e-06,1.2343143680482171e-05,-5.249501944248891e-10 | 2.2586070258512336e-07,1.8455823180829611e-07,0.01071332860738039 | 1,6
2510 | 31.477974697947502 | 135.99166870117188,210.07763671875,0.21204513311386108 | -7.13081593772813e-09,3.4724438879862873e-09,4.0974202420329675e-05 | 179.7 | -1.2000784408883192e-05,1.9019364117411897e-05,4.528149522009528e-10 | -4.076560600196899e-08,4.0712259874453594e-07,-0.02454901486635208 | 1,6
2520 | 31.608641497790813 | 135.99166870117188,210.07763671875,0.21203483641147614 | -1.2819056927071415e-08,9.462706174190316e-10,-0.0001693026424618438 | 179.7 | -4.7757516767887864e-06,-4.523531060840469e-06,-5.194883967440944e-10 | 3.681716620462794e-08,-3.4873618659503336e-08,-0.06890574842691422 | 1,6
2530 | 31.737400397658348 | 135.99166870117188,210.07763671875,0.21204005181789398 | 5.28932764254364e-09,2.2735560101239116e-09,-0.000584313936997205 | 179.7 | -8.45445720187854e-06,5.777023375230783e-07,-1.6908183742003757e-09 | 1.6852931139510474e-06,2.426940852728876e-07,0.0570075586438179 | 1,6
2540 | 31.864491999149323 | 135.99166870117188,210.07763671875,0.21204711496829987 | 1.322713466533898e-10,-1.7431211639037936e-12,-0.00011042134428862482 | 179.7 | -4.3486711120976906e-08,-1.157277779384458e-06,-6.780566386144216e-11 | 2.6539527908653326e-08,-4.2247840781328705e-09,-0.10214497894048691 | 1,6
2550 | 31.995925396680832 | 135.99166870117188,210.07763671875,0.21202141046524048 | 3.946799331799866e-09,2.3883355293463637e-09,0.00015206258103717119 | 179.7 | -9.183709153148811e-06,1.0296217624272685e-05,-3.2261829319146784e-10 | 2.1447169729071902e-07,1.9772598136569286e-07,-0.04208735004067421 | 1,6
2560 | 32.119710098952055 | 135.99166870117188,210.07763671875,0.21209990978240967 | 1.7542368668799213e-09,-2.153339312416236e-10,0.0008005902636796236 | 179.7 | 1.1011900369339855e-06,-5.559773853747174e-06,1.4432738337788464e-10 | 1.931365645191363e-08,-2.058712755825809e-09,0.018941977992653847 | 1,6
2570 | 32.25501499697566 | 135.99166870117188,210.07763671875,0.21200960874557495 | 1.1214530415415425e-09,-6.715680789248779e-11,-0.00035515674971975386 | 179.7 | 2.9087192388033145e-07,-2.554265165599645e-06,-1.6537698294127878e-11 | 3.582858809636491e-08,-4.430741551431083e-09,-0.06539087742567062 | 1,6
2580 | 32.382004000246525 | 135.99166870117188,210.07763671875,0.21209560334682465 | 1.4272703019457822e-08,-1.1684270218026427e-10,0.0007405420765280724 | 179.7 | 6.152628202471533e-07,3.715939601534046e-05,-9.724069327532447e-10 | 9.810441952140536e-07,-7.914878752401933e-10,-0.013955436646938324 | 1,6
2590 | 32.509917698800564 | 135.99166870117188,210.07763671875,0.2120869755744934 | 2.912943219968156e-09,-6.950436753916378e-11,-0.0021172952838242054 | 179.7 | 5.685027417712263e-07,-1.322054595220834e-05,-6.266079877192965e-10 | 1.3772181546300999e-06,-3.163725281751795e-08,-0.21620337665081024 | 1,6
2600 | 32.6373593993485 | 135.99166870117188,210.07763671875,0.2120775580406189 | 1.4137245152312516e-08,7.911336030730354e-10,-0.00022753742814529687 | 179.7 | -8.08023457921081e-07,-2.1732275854446925e-05,-6.275984176795646e-10 | 1.68986264270643e-06,2.419749591808795e-07,-0.0381917767226696 | 1,6
2610 | 32.77274349704385 | 135.99166870117188,210.07763671875,0.21198908984661102 | 1.5998343982914776e-08,-1.7141534858211571e-09,0.0007946327095851302 | 179.7 | 5.992316346237203e-06,1.7133810615632683e-05,-6.080701497879204e-10 | 2.68354767740675e-07,-2.398093954525393e-07,-0.08847229182720184 | 1,6
2620 | 32.90037629753351 | 135.99166870117188,210.07763671875,0.21205227077007294 | 1.739945609813276e-08,4.4030477042156235e-09,0.0015460654394701123 | 179.7 | -1.634349064261187e-05,2.4186205337173305e-05,-2.605215376760839e-09 | 2.5205208658007905e-06,3.750596420104557e-07,0.12975507974624634 | 1,6
2630 | 33.02521250024438 | 135.99166870117188,210.07763671875,0.21209914982318878 | 0.0,0.0,0.0 | 179.7 | 0.0,0.0,0.0 | -4.4743600824403984e-08,6.719700706980802e-08,-0.012646114453673363 | 1,6
2640 | 33.15578920021653 | 135.99166870117188,210.07763671875,0.21202552318572998 | -1.1610074679424542e-08,-2.288825573515396e-09,-0.0001007236132863909 | 179.7 | 8.670685929246247e-06,-2.5870001991279423e-05,6.896662685385024e-10 | -6.09514131610922e-07,-1.8255286704516038e-07,-0.01473913248628378 | 1,6
2650 | 33.29139719903469 | 135.99166870117188,210.07763671875,0.21198950707912445 | 2.6602615221804626e-08,1.2403273963457195e-09,0.0007403651252388954 | 179.7 | -3.3314204301859718e-06,5.5494849220849574e-05,-2.5473327891489816e-09 | 3.1840124847803963e-06,2.705215536025207e-07,-0.01026940904557705 | 1,6
2660 | 33.42016199976206 | 135.99166870117188,210.07763671875,0.21207107603549957 | 1.530520243875344e-08,1.7784584915858659e-09,0.0007877136813476682 | 179.7 | -5.951331331743859e-06,1.322241860179929e-05,-1.6358379095748887e-09 | 1.8121380662705633e-06,2.2134675248253188e-07,-0.007912558503448963 | 1,6
2670 | 33.54957979917526 | 135.99166870117188,210.07763671875,0.212091326713562 | 1.3028724765717925e-09,3.30371147105879e-11,0.00010032311547547579 | 179.7 | -1.5002042630385404e-07,-4.458423973119352e-06,-4.58283862247999e-11 | 2.2397410148755625e-08,-1.0572990261081827e-09,-0.046741534024477005 | 1,6
2680 | 33.67594650015235 | 135.99166870117188,210.07763671875,0.2121247500181198 | 1.2828073048254396e-09,-1.08317493863197e-10,0.001170917646959424 | 179.7 | 5.726283802687249e-07,-5.814340056531364e-06,-6.216574477413417e-10 | 3.76843132698923e-07,1.973751828643344e-09,0.08348935842514038 | 1,6
2690 | 33.80566629767418 | 135.99166870117188,210.07763671875,0.2120872437953949 | -6.411196462607904e-09,-8.238404403115851e-10,0.001325287506915629 | 179.7 | 1.4090878721617628e-06,-7.77272907726001e-06,-1.0737536415561522e-09 | 4.749646791424311e-07,-2.39463417983643e-07,0.00015789478493388742 | 1,6
2700 | 33.93847719952464 | 135.99166870117188,210.07763671875,0.21207496523857117 | 1.6856605000725722e-10,3.675658041824015e-11,-8.115648961393163e-05 | 179.7 | -1.2872116883499984e-07,-5.139989411873103e-07,8.03453224090811e-12 | -2.99381852642e-09,3.473019205557648e-09,-0.08331651240587234 | 1,6
2710 | 34.06982949748635 | 135.99166870117188,210.07763671875,0.21205207705497742 | -5.4792468340281175e-09,-5.124470847661655e-10,-0.001718541025184095 | 179.7 | -1.9627449887593684e-07,-3.947408913518302e-06,-5.632110888775799e-10 | -7.54397660784889e-07,-2.3486592226618086e-07,-0.0775870829820633 | 1,6
2720 | 34.19416959956288 | 135.99166870117188,210.07763671875,0.21212424337863922 | -1.7128344964589814e-08,5.714568263037734e-10,3.8485472032334656e-05 | 179.7 | -2.751796444044885e-07,-5.539935045817401e-06,3.192800690499098e-09 | -2.020414285652805e-06,2.1482080114765267e-07,-0.05146489292383194 | 1,6
2730 | 34.32363069802523 | 135.99166870117188,210.07763671875,0.21206985414028168 | -5.665653016184713e-11,1.3250663587205391e-11,-0.00023793152649886906 | 179.7 | -4.153326216282949e-08,-1.3654868098456063e-06,-7.06189501407245e-13 | 5.173466099961388e-09,1.717614828145031e-09,-0.07615001499652863 | 1,6
2740 | 34.45098049938679 | 135.99166870117188,210.07763671875,0.21204334497451782 | 2.9842246451750043e-09,-2.2271045413673612e-13,0.00041456829058006406 | 179.7 | 7.278388380882461e-08,-7.164601356635103e-06,1.7111976766126524e-11 | 1.3245067265188482e-08,2.4495966366444577e-10,-0.03218619525432587 | 1,6
2750 | 34.57847809791565 | 135.99166870117188,210.07763671875,0.21204257011413574 | 1.5243040607515468e-08,-8.725793004815685e-11,0.0016496933531016111 | 179.7 | 4.957627197654801e-07,3.774228025577031e-05,-8.832164444250168e-10 | 7.697067303524818e-07,-1.4542357318347854e-09,0.24030828475952148 | 1,6
2760 | 34.70687859877944 | 135.99166870117188,210.07763671875,0.21206294000148773 | 1.2994938458632532e-08,-2.592348558039248e-09,0.0011408677091822028 | 179.7 | 1.0336289051338099e-05,2.228638913948089e-05,-6.650228145943515e-10 | 7.462249982381763e-07,-1.7706864241517906e-07,0.1275222897529602 | 1,6
2770 | 34.840929199010134 | 135.99166870117188,210.07763671875,0.2121194750070572 | 2.0192860716861105e-09,-1.1041596456595748e-11,0.0010859265457838774 | 179.7 | 6.335686464353785e-08,-5.268304903438548e-06,-1.830758288023926e-11 | 2.1525249138676372e-08,-2.526809206315761e-09,0.06191365793347359 | 1,6
2780 | 34.967699497938156 | 135.99166870117188,210.07763671875,0.21217571198940277 | 8.068457013621355e-10,-1.164591617586197e-10,0.0011046925792470574 | 179.7 | 6.880014780108468e-07,-9.225961548509076e-06,-9.557027391693396e-10 | 1.3402010381469154e-06,-3.9681594898866024e-08,0.04405626654624939 | 1,6
2790 | 35.097440999001265 | 135.99166870117188,210.07763671875,0.2121339738368988 | 5.0167745513363116e-09,-8.247492966351189e-11,0.00038468357524834573 | 179.7 | 5.061900196778879e-07,-1.1509911018947605e-05,9.235020387299286e-11 | 5.804023039956974e-09,-1.2939609383977313e-09,-0.0790901929140091 | 1,6
2800 | 35.22533229738474 | 135.99166870117188,210.07763671875,0.21213886141777039 | 9.622552754606772e-10,-2.8419554903846844e-11,0.0006841400172561407 | 179.7 | 1.5800885933003883e-07,-3.877578365063528e-06,-6.519008943772775e-11 | 4.11634673014305e-08,-4.783344276226842e-10,0.05269499123096466 | 1,6
2810 | 35.3583993986249 | 135.99166870117188,210.07763671875,0.212080717086792 | 1.0705294428703382e-08,-2.569495505255759e-09,0.0017656621057540178 | 179.7 | 1.0225070582237095e-05,2.9014627216383815e-05,-3.478224652742057e-10 | 5.68695611491421e-07,-1.7455624856665963e-07,0.14249323308467865 | 1,6
2820 | 35.48521899804473 | 135.99166870117188,210.07763671875,0.21212172508239746 | 2.867689641306015e-09,-6.597259544216527e-11,-2.2913891370990314e-05 | 179.7 | 2.8700961252070556e-07,-7.214766810648143e-06,-3.5305744439106945e-11 | 2.879986737980289e-08,-5.521614721004653e-09,-0.09037794172763824 | 1,6
2830 | 35.61366229876876 | 135.99166870117188,210.07763671875,0.21206362545490265 | 4.811666620696542e-10,8.848970167729675e-11,0.0004827967204619199 | 179.7 | -4.444589194463333e-07,-2.6760083073895657e-06,-1.0747085166240566e-10 | 2.0739474138053993e-08,-6.161668952842092e-10,0.038524042814970016 | 1,6
2840 | 35.747730396687984 | 135.99166870117188,210.07763671875,0.2120150327682495 | -5.2280748619182305e-09,-5.500783162304401e-10,0.001310044783167541 | 179.7 | -1.1141598754704773e-08,-5.048228558734991e-06,-3.8651970513114975e-10 | -6.690627287753159e-07,-2.2202713978458632e-07,0.01123339869081974 | 1,6
2850 | 35.87819330021739 | 135.99166870117188,210.07763671875,0.2120470404624939 | -4.219948834816023e-08,-5.702219252334828e-10,0.0015266778646036983 | 179.7 | -3.7068068081680394e-07,-8.78538685356034e-06,4.051553315065348e-09 | -4.596735834638821e-06,-2.2109500719125208e-07,-0.04170277714729309 | 1,6
2860 | 36.00232919678092 | 135.99166870117188,210.07763671875,0.21208781003952026 | 9.130065627138695e-12,-7.792612909118812e-12,-0.0011484079295769334 | 179.7 | 8.003145701707126e-09,-1.0180660865444224e-06,-2.02877107474686e-11 | 8.621722002999377e-09,-2.536156396004685e-09,-0.07858375459909439 | 1,6
2870 | 36.130350299179554 | 135.99166870117188,210.07763671875,0.21205374598503113 | 8.446447985477334e-09,-2.368173435129961e-09,-9.992277045967057e-05 | 179.7 | 9.105655408347957e-06,3.393519000383094e-05,-5.040610151496594e-10 | 6.042536710992863e-07,-1.88717336868649e-07,0.014112482778728008 | 1,6
2880 | 36.258672297000885 | 135.99166870117188,210.07763671875,0.21205992996692657 | 1.996031118167707e-09,1.7410570207765375e-10,7.981236558407545e-05 | 179.7 | -8.665761015436146e-07,-5.177721504878718e-06,-1.8760190623190454e-10 | 3.932509429205311e-08,-1.0529106475587469e-09,-0.029392629861831665 | 1,6
2890 | 36.39304629713297 | 135.99166870117188,210.07763671875,0.2120072841644287 | 0.0,0.0,0.0 | 179.7 | 0.0,0.0,0.0 | -1.79015316348341e-07,-1.6531508606476564e-08,-0.06632072478532791 | 1,6
2900 | 36.520927499979734 | 135.99166870117188,210.07763671875,0.21199996769428253 | -6.37098640510203e-09,-4.3804190830165624e-10,0.0001756540877977386 | 179.7 | -6.473616167568252e-07,-1.9804899693554034e-06,-5.033113925634325e-10 | -7.396733963105362e-07,-2.3808118498891417e-07,0.00828500371426344 | 1,6
2910 | 36.65103289857507 | 135.99166870117188,210.07763671875,0.21202704310417175 | 2.2183128667307983e-09,1.109280722833006e-10,0.001881057396531105 | 179.7 | -5.070769475423731e-07,-7.325518254219787e-06,-3.738027110067321e-10 | 1.7214411229815596e-07,1.296144164220081e-10,0.049837131053209305 | 1,6
2920 | 36.776786997914314 | 135.99166870117188,210.07763671875,0.21206672489643097 | 1.0413602424819146e-08,2.656113329280174e-09,0.0002372825110796839 | 179.7 | -1.0577253306109924e-05,2.8450671379687265e-05,-1.2879481925409664e-09 | 7.056076469780237e-07,1.6399832247770973e-07,0.05788528546690941 | 1,6
2930 | 36.912011098116636 | 135.99166870117188,210.07763671875,0.21192915737628937 | 1.126490900560384e-09,-1.645742847555809e-10,-0.0008306496893055737 | 179.7 | 8.129030106829305e-07,-4.079707650816999e-06,9.592365096677824e-11 | 1.671589444640631e-08,-2.296494772124902e-09,-0.1316475123167038 | 1,6
2940 | 37.04002450034022 | 135.99166870117188,210.07763671875,0.2119995504617691 | 2.6430033717161905e-09,-2.1564040830757136e-10,-0.00048201761092059314 | 179.7 | 1.036050548464118e-06,-9.459525244892575e-06,-3.939450710088721e-10 | 4.292152766538493e-07,3.488450417421518e-08,-0.09831834584474564 | 1,6
2950 | 37.173095997422934 | 135.99166870117188,210.07763671875,0.21201319992542267 | 1.1023405521726204e-09,-2.774958596241106e-10,0.0011461254907771945 | 179.7 | 1.3573225032814662e-06,-8.807114681985695e-06,-1.154443540762884e-09 | 1.2516065908130258e-06,4.003416265163651e-08,0.07545609027147293 | 1,6
2960 | 37.30201390013099 | 135.99166870117188,210.07763671875,0.21205367147922516 | -4.049756086033085e-08,-1.9597894418410533e-09,0.0007646089070476592 | 179.7 | 9.624817721487489e-06,-2.9359634936554357e-05,7.067368468227642e-09 | -4.617882495949743e-06,-1.99858440907974e-09,0.04635642096400261 | 1,6
2970 | 37.437277998775244 | 135.99166870117188,210.07763671875,0.21203449368476868 | -9.503652975695331e-09,8.711020793583657e-10,0.001438592909835279 | 179.7 | -4.411765985423699e-06,-1.1472287951619364e-05,3.493938471876845e-11 | -5.454579650177038e-07,3.2255695892047243e-09,0.06212998181581497 | 1,6
2980 | 37.56951919943094 | 135.99166870117188,210.07763671875,0.2120397835969925 | -9.834047354218e-09,4.439469680761476e-09,-0.00032313738483935595 | 179.7 | -1.6847030565259047e-05,2.543966365919914e-05,4.0934730605179936e-10 | -2.6338585712437634e-07,3.582525494039146e-07,0.0031776551622897387 | 1,6
2990 | 37.698490899056196 | 135.99166870117188,210.07763671875,0.21204352378845215 | 9.96866234004301e-09,-1.8394769041307768e-09,-5.0099824875360355e-05 | 179.7 | 9.391534149472136e-06,-3.354983709868975e-05,-7.536431478882832e-10 | 1.7735957271725056e-06,7.738609042462485e-08,0.039200156927108765 | 1,6
3000 | 37.8276501968503 | 135.99166870117188,210.07763671875,0.21202754974365234 | 2.6220299265133917e-09,-1.8383118360887352e-09,0.00036426729639060795 | 179.7 | 6.5075146267190576e-06,1.7327552995993756e-05,4.660353214447355e-10 | -7.355446314250003e-07,-1.8601713236421347e-07,-0.02797282673418522 | 1,6
3010 | 37.957808297127485 | 135.99166870117188,210.07763671875,0.2120300978422165 | -9.76569136668104e-09,5.365296540382758e-10,4.249019912094809e-05 | 179.7 | -5.566201707551954e-06,1.2739209523715544e-05,-2.645213492691312e-10 | -1.7213446881214622e-06,-2.2428282875353034e-07,-0.09402351081371307 | 1,6
3020 | 38.088229298591614 | 135.99166870117188,210.07763671875,0.21207492053508759 | 4.542768244908402e-11,1.1371095037793211e-10,0.0023724655620753765 | 179.7 | -4.4709528879138816e-07,1.814530889987509e-07,-1.5995219038167363e-11 | 3.257913050447314e-09,8.154947828131753e-09,0.17014485597610474 | 1,6
3030 | 38.21949980035424 | 135.99166870117188,210.07763671875,0.21212340891361237 | -1.521874537502299e-08,-1.895311019239898e-09,0.0008027884177863598 | 179.7 | 6.650338491454022e-06,-1.3928532098361757e-05,1.5106829120981047e-09 | -1.6235946986853378e-06,-1.8625065933974838e-07,-0.03496801480650902 | 1,6
3040 | 38.351429399102926 | 135.99166870117188,210.07763671875,0.2120794951915741 | 7.322819239874434e-09,1.6466797925218657e-09,-0.002787249628454447 | 179.7 | -5.311612312652869e-06,-3.4937922919198172e-06,-6.725391910045175e-10 | 1.1841806326629012e-06,1.8349912522808154e-07,-0.09211361408233643 | 1,6
3050 | 38.48460889980197 | 135.99166870117188,210.07763671875,0.21212482452392578 | 1.4216602117755883e-08,-5.41447886526214e-10,0.0005274697323329747 | 179.7 | 2.7455962481326424e-06,3.545510480762459e-05,-1.3345313742973985e-09 | 1.5356356470874744e-06,4.466821224013984e-08,0.013719189912080765 | 1,6
3060 | 38.61785999685526 | 135.99166870117188,210.07763671875,0.21224208176136017 | 1.2300821472521761e-09,1.3237248797093315e-10,0.00022934743901714683 | 179.7 | -6.584226071026933e-07,-4.131943569518626e-06,-1.4293816130717119e-10 | 3.251562930017826e-08,1.3479942162497593e-10,-0.07459481805562973 | 1,6
3070 | 38.743812300264835 | 135.99166870117188,210.07763671875,0.21226684749126434 | 1.1527236942754371e-08,2.57274979098554e-09,-0.00011638149589998648 | 179.7 | -1.0092078809975646e-05,2.6445410185260698e-05,-9.7095498308164e-10 | 6.799336347285134e-07,1.9743788470805157e-07,-0.03623412176966667 | 1,6
3080 | 38.873623199760914 | 135.99166870117188,210.07763671875,0.2121606022119522 | 3.9901775217288105e-09,-1.0065005252857251e-11,-0.002120500896126032 | 179.7 | 1.1002806132864862e-07,-1.2201791832922027e-05,-3.4053462827365877e-10 | 2.435272676848399e-07,3.064954678944076e-10,-0.12516163289546967 | 1,6
3090 | 39.00408609956503 | 135.99166870117188,210.07763671875,0.2120996117591858 | 1.435833452134716e-09,1.070313629392139e-11,0.00033023502328433096 | 179.7 | -4.490306793059062e-08,-4.444300884642871e-06,-3.4910106055940915e-11 | 2.4254472208440347e-08,-1.8560087911012602e-09,0.15059423446655273 | 1,6
3100 | 39.133970096707344 | 135.99166870117188,210.07763671875,0.2120952606201172 | -2.4783375351944414e-08,1.2065827503793258e-10,0.0012800126569345593 | 179.7 | -8.683214787197358e-07,-3.7236438856780296e-06,2.930569564796315e-09 | -2.769344973785337e-06,-1.8157380043959392e-09,0.05455169826745987 | 1,6
3110 | 39.26615319773555 | 135.99166870117188,210.07763671875,0.21207858622074127 | -1.9843307441647084e-08,-5.647010081766268e-10,0.0006729618180543184 | 179.7 | -1.0513194581562857e-07,-5.366370714909863e-06,3.6277005704965504e-11 | -8.002515983207559e-07,-2.5894155442074407e-07,-0.022099338471889496 | 1,6
3120 | 39.394203796982765 | 135.99166870117188,210.07763671875,0.21202704310417175 | -7.1303225546159865e-09,2.09020911690061e-09,0.00040734189678914845 | 179.7 | -7.842787454137579e-06,-3.0194109058356844e-05,1.972516816550751e-09 | -1.9641886410681764e-06,2.157713367978431e-07,0.03928838297724724 | 1,6
3130 | 39.51943250000477 | 135.99166870117188,210.07763671875,0.21203726530075073 | 2.110301799973513e-08,9.872841433278268e-10,0.0007576799253001809 | 179.7 | -4.799715952685801e-06,2.0173143639112823e-05,-2.042620739217682e-09 | 1.32119714635337e-06,-4.041250534214669e-08,0.03568567335605621 | 1,6
3140 | 39.650555197149515 | 135.99166870117188,210.07763671875,0.21201246976852417 | 1.184723652514208e-09,8.260257755576816e-11,0.0007148607401177287 | 179.7 | -3.337348061904777e-06,2.386074629612267e-05,-4.3579043151886765e-10 | -1.2548506447274121e-06,-2.3605687715644308e-07,-0.06157911568880081 | 1,6
3150 | 39.776972498744726 | 135.99166870117188,210.07763671875,0.21202799677848816 | 4.302683556667297e-11,1.3943501735169672e-11,-0.00016151358431670815 | 179.7 | -3.464410269771179e-08,-9.51703043483576e-07,-3.939197492502933e-12 | 1.2494936640905507e-08,2.5787498802998243e-09,0.07296150922775269 | 1,6
3160 | 39.903915498405695 | 135.99166870117188,210.07763671875,0.21199366450309753 | 1.8732888573680384e-09,-8.240048400554034e-12,0.000663942308165133 | 179.7 | 2.5337657305612993e-08,-5.035525191487977e-06,-6.277962177891894e-11 | 3.89458847394053e-08,-3.5717446777994155e-09,0.05960824713110924 | 0,0
3170 | 40.029760397970676 | 135.99168395996094,210.07760620117188,0.21203692257404327 | -0.0003026690683327615,-0.0007810332463122904,-0.00020233409304637462 | 179.7 | -1.4815139365964569e-05,0.0006001221481710672,-0.006158126518130302 | -0.05199502408504486,0.7875388860702515,-0.07896023243665695 | 0,0
3180 | 40.15407259762287 | 135.99172973632812,210.07247924804688,0.2120593637228012 | 0.000926427892409265,-0.11608772724866867,0.00020642585877794772 | 179.7 | -0.040442511439323425,-0.001028312835842371,0.042459700256586075 | 0.009964756667613983,-2.44938063621521,-0.07090000063180923 | 0,0
3190 | 40.2844038978219 | 135.99203491210938,210.0216522216797,0.21191096305847168 | 0.005310223437845707,-0.6000948548316956,-0.0004759536241181195 | 179.7 | -0.10500708222389221,-0.002531813457608223,0.08678903430700302 | -0.009769381023943424,-0.3877960741519928,-0.001303988043218851 | 0,0
3200 | 40.41362959891558 | 135.9925537109375,209.91065979003906,0.21181559562683105 | 0.009667990729212761,-1.110470175743103,0.000743726035580039 | 179.5 | -0.10830424726009369,-0.0014112992212176323,0.522059440612793 | 0.11128576099872589,-4.084845542907715,0.033225029706954956 | 0,0
3210 | 40.540901098400354 | 135.99388122558594,209.7338409423828,0.21174030005931854 | 0.016799453645944595,-1.6141232252120972,-0.0010425118962302804 | 179.4 | -0.06820856034755707,-0.0022121367510408163,0.4673941433429718 | 0.043804824352264404,-3.721986770629883,-0.17520149052143097 | 0,0
3220 | 40.67657610028982 | 135.99598693847656,209.48048400878906,0.21162784099578857 | 0.0227254219353199,-2.0594241619110107,-0.0001966877025552094 | 179.4 | -0.01240742951631546,-0.0008028363808989525,0.5435476303100586 | 0.06596269458532333,-2.68540620803833,-0.08128086477518082 | 0,0
3230 | 40.804585199803114 | 135.99862670898438,209.19058227539062,0.21171623468399048 | 0.02789217419922352,-2.428210496902466,0.0009114969871006906 | 179.3 | 0.013706727884709835,0.00034978598705492914,0.5874422192573547 | 0.050675757229328156,-2.182276964187622,-0.02678077667951584 | 0,0
3240 | 40.94124049693346 | 136.00210571289062,208.83050537109375,0.2116917371749878 | 0.03373383730649948,-2.801919460296631,0.002004050649702549 | 179.3 | 0.01929589733481407,0.00016436017176602036,0.6093997359275818 | 0.10725238174200058,-2.516615629196167,0.09130380302667618 | 0,0
3250 | 41.06796909868717 | 136.006103515625,208.4519500732422,0.21177005767822266 | 0.03943702206015587,-3.137373685836792,0.0011297594755887985 | 179.3 | 0.016867507249116898,0.00045131726074032485,0.6093230843544006 | 0.06445573270320892,-2.3276174068450928,0.10652434080839157 | 0,0
3260 | 41.19728669896722 | 136.01084899902344,208.0224151611328,0.21177054941654205 | 0.04336477816104889,-3.47066593170166,0.000548351788893342 | 179.3 | 0.013075457885861397,0.0018479212885722518,0.5351241230964661 | 0.09671294689178467,-2.09613037109375,0.042591918259859085 | 0,0
3270 | 41.3286770991981 | 136.01646423339844,207.54244995117188,0.2117486149072647 | 0.048289552330970764,-3.8004961013793945,-0.001889311126433313 | 179.3 | 0.010103234089910984,0.003937874920666218,0.4786379635334015 | -0.14520174264907837,-2.6631429195404053,-0.11932225525379181 | 0,0
3280 | 41.45417569950223 | 136.02259826660156,207.04440307617188,0.21181578934192657 | 0.056941140443086624,-4.1042304039001465,0.0003912826650775969 | 179.2 | 0.009217639453709126,-0.0011428339639678597,0.505347490310669 | 0.08782235532999039,-2.1627447605133057,0.0006420439458452165 | 0,0
3290 | 41.58079759776592 | 136.029541015625,206.50421142578125,0.21182189881801605 | 0.06211880221962929,-4.396121501922607,0.0006190124549902976 | 179.2 | 0.00976620614528656,-0.0006276954081840813,0.44466114044189453 | 0.06501725316047668,-1.981340765953064,0.018444497138261795 | 0,0
3300 | 41.71140639856458 | 136.0374755859375,205.90939331054688,0.2117873728275299 | 0.06753456592559814,-4.680980682373047,-0.0009247289272025228 | 179.2 | 0.010761014185845852,-0.00041892295121215284,0.3878624737262726 | 0.04429592564702034,-2.2095062732696533,-0.09992341697216034 | 0,0
3310 | 41.84209789708257 | 136.04620361328125,205.2789764404297,0.21179214119911194 | 0.07109241932630539,-4.931077003479004,0.0009611271088942885 | 179.2 | 0.017514852806925774,0.0022386901546269655,0.29500192403793335 | 0.005112791899591684,-1.2325528860092163,0.15994152426719666 | 0,0
3320 | 41.97377239912748 | 136.0554962158203,204.61631774902344,0.21229949593544006 | 0.07260488718748093,-5.1037917137146,0.002608011243864894 | 179.2 | 0.03479158133268356,0.00434891739860177,0.1847168207168579 | -0.0478346087038517,-0.9249187111854553,-0.05041036009788513 | 0,0
3330 | 42.099155496805906 | 136.06439208984375,203.9699249267578,0.21241843700408936 | 0.07202290743589401,-5.186778545379639,-0.0003798159887082875 | 179.2 | 0.047954630106687546,0.0019310322823002934,0.07581642270088196 | -0.0009768271120265126,-0.40043705701828003,-0.009496415965259075 | 0,0
3340 | 42.22581319883466 | 136.07347106933594,203.31092834472656,0.21239493787288666 | 0.07234253734350204,-5.208998680114746,-0.0006762327393516898 | 179.2 | 0.04920864850282669,0.0006227293633855879,0.08035943657159805 | -0.0030618312302976847,-0.0022198008373379707,0.00033818112569861114 | 0,0
3350 | 42.3540606983006 | 136.08267211914062,202.64361572265625,0.21237365901470184 | 0.07222208380699158,-5.194343566894531,-0.00047408914542756975 | 179.2 | 0.04195966571569443,0.00024653965374454856,0.3295884430408478 | -0.011593306437134743,0.2824013829231262,0.00163752562366426 | 0,0
3360 | 42.482170298695564 | 136.09182739257812,201.980712890625,0.21236960589885712 | 0.0718342512845993,-5.158171653747559,-0.0002722710487432778 | 179.2 | 0.030147956684231758,0.00023510582104790956,0.48759523034095764 | -0.011766891926527023,0.1729767918586731,0.0010882557835429907 | 0,0
3370 | 42.611107498407364 | 136.10107421875,201.31809997558594,0.212370365858078 | 0.07123606652021408,-5.127021789550781,-0.00014844912220723927 | 179.2 | 0.015638863667845726,0.00037190152215771377,0.7673671245574951 | -0.013451109640300274,0.14887377619743347,0.0007156258798204362 | 0,0
3380 | 42.7435665987432 | 136.11048889160156,200.64093017578125,0.2123684585094452 | 0.07119440287351608,-5.100691318511963,-7.526394620072097e-05 | 179.2 | 0.006605993025004864,0.00011555599485291168,1.0084259510040283 | -0.014443094842135906,0.2806684076786041,0.00047568403533659875 | 0,0
3390 | 42.873547699302435 | 136.11976623535156,199.9788055419922,0.21236293017864227 | 0.07334428280591965,-5.099769592285156,-3.805640881182626e-05 | 179.2 | -0.006694714538753033,-0.0028744246810674667,0.7461895942687988 | 0.09369131177663803,-0.2740096151828766,0.00017326066154055297 | 0,0
3400 | 43.00284289941192 | 136.1299591064453,199.3182373046875,0.21234877407550812 | 0.09773390740156174,-5.124914646148682,-1.9738559785764664e-05 | 178.9 | -0.013401982374489307,-0.026986904442310333,1.2961987257003784 | 0.6755346655845642,-0.38398507237434387,6.128607492428273e-05 | 0,0
3410 | 43.1283371001482 | 136.14553833007812,198.6725311279297,0.21233199536800385 | 0.2001502513885498,-5.159323215484619,-9.8407408586354e-06 | 177.8 | -0.009499263018369675,-0.09651172906160355,3.678194999694824 | 2.480837821960449,-0.057099077850580215,2.8929369364050217e-05 | 0,0
3420 | 43.25654339790344 | 136.179443359375,198.01046752929688,0.21232612431049347 | 0.4676663875579834,-5.156030654907227,-5.683215022145305e-06 | 174.8 | 0.008502190932631493,-0.21003320813179016,9.84298038482666 | 4.337657928466797,0.5362710356712341,4.4074433390051126e-05 | 0,0
3430 | 43.38594380021095 | 136.249267578125,197.34518432617188,0.21233431994915009 | 0.8497968912124634,-5.104275226593018,-4.271949364920147e-06 | 170.5 | 0.025320138782262802,-0.21565966308116913,17.620351791381836 | 3.440840244293213,0.7747695446014404,-6.833289080532268e-05 | 0,0
3440 | 43.51612379774451 | 136.37506103515625,196.68896484375,0.21235918998718262 | 1.4452252388000488,-4.947215557098389,-3.947687218897045e-06 | 163.7 | 0.04918899014592171,-0.2479410022497177,28.920324325561523 | 3.997037410736084,1.3582098484039307,-3.883485624101013e-05 | 0,0
3450 | 43.644414599984884 | 136.56198120117188,196.0618896484375,0.21238146722316742 | 1.9350836277008057,-4.783915996551514,-2.746211748672067e-06 | 158.0 | 0.015276120975613594,-0.04226350039243698,34.51288604736328 | 3.17625093460083,1.3107872009277344,-3.1860814488027245e-05 | 0,0
3460 | 43.774095598608255 | 136.80780029296875,195.44749450683594,0.21239478886127472 | 2.4201834201812744,-4.568415641784668,-1.621045697675072e-07 | 152.1 | 0.022117214277386665,-0.03655806556344032,38.02934646606445 | 4.597316741943359,2.963453769683838,-2.8420006401574938e-06 | 0,0
3470 | 43.9025032967329 | 137.11106872558594,194.86770629882812,0.21233786642551422 | 2.9829835891723633,-4.222252368927002,0.001185756758786738 | 144.8 | 0.0808015763759613,-0.1461445689201355,43.44828414916992 | 4.847224712371826,3.2283775806427,0.658547043800354 | 0,0
3480 | 44.032560899853706 | 137.4947509765625,194.33425903320312,0.21192863583564758 | 3.6341445446014404,-3.674572467803955,-0.0018323218682780862 | 135.3 | 0.11439691483974457,-0.15786243975162506,52.43231201171875 | 4.837338447570801,5.195375442504883,-0.09434309601783752 | 0,0
3490 | 44.163585897535086 | 137.95755004882812,193.87217712402344,0.21200606226921082 | 4.256849765777588,-2.863517999649048,0.0018574390560388565 | 123.9 | 0.18254251778125763,-0.16528205573558807,62.790340423583984 | 4.18953800201416,7.247949123382568,0.024446425959467888 | 0,0
3500 | 44.295209396630526 | 138.49212646484375,193.50216674804688,0.21212607622146606 | 4.690850734710693,-2.227210283279419,0.0023071439936757088 | 115.4 | -0.06295883655548096,0.05719376727938652,63.97355651855469 | 2.1297767162323,2.666217803955078,0.10678665339946747 | 0,0
3510 | 44.43341949954629 | 139.1039581298828,193.13619995117188,0.21253204345703125 | 4.809078216552734,-2.296233892440796,0.0042756604962050915 | 115.5 | -0.35897448658943176,0.2347046583890915,45.18505096435547 | -0.05373895540833473,-1.59076988697052,-0.06843748688697815 | 0,0
3520 | 44.56149919703603 | 139.70294189453125,192.83335876464844,0.21268466114997864 | 4.989811420440674,-1.844056248664856,-3.585383092286065e-05 | 110.3 | -0.04019380360841751,0.025994691997766495,43.13053894042969 | 1.269972324371338,4.2758612632751465,-0.011003038845956326 | 0,0
3530 | 44.692415699362755 | 140.33729553222656,192.57080078125,0.21261291205883026 | 5.057934284210205,-1.59695565700531,-0.0006135085131973028 | 107.5 | -0.1225728765130043,0.059677932411432266,36.34579086303711 | 1.1966522932052612,3.4602222442626953,-0.0005613385001197457 | 0,0
3540 | 44.82066049799323 | 140.97161865234375,192.35186767578125,0.21253612637519836 | 5.108786106109619,-1.3386955261230469,-0.00047346638166345656 | 104.7 | -0.12025360763072968,0.039914924651384354,31.3729248046875 | 0.5829465985298157,0.7291526794433594,0.0011799668427556753 | 0,0
3550 | 44.95075849816203 | 141.62582397460938,192.1661834716797,0.21247676014900208 | 5.148355007171631,-1.094382405281067,-0.00027208999381400645 | 102.0 | -0.10697490721940994,0.024195963516831398,27.523494720458984 | 0.4854484796524048,0.1349049061536789,0.0012746840948238969 | 0,0
3560 | 45.07639639824629 | 142.26620483398438,192.0157012939453,0.21243247389793396 | 5.195087909698486,-0.8972152471542358,-0.00015415188681799918 | 99.8 | -0.07227297872304916,0.0031183629762381315,24.104585647583008 | 0.7002493143081665,2.211724042892456,0.000686891668010503 | 0,0
3570 | 45.20527769997716 | 142.93080139160156,191.88661193847656,0.2123989760875702 | 5.232104778289795,-0.7205366492271423,-8.159407298080623e-05 | 97.8 | -0.03922073915600777,-0.0058463700115680695,21.18391227722168 | 0.6758281588554382,2.0032474994659424,0.0004690124187618494 | 0,0
3580 | 45.335497196763754 | 143.6070098876953,191.7805938720703,0.2123802900314331 | 5.2425737380981445,-0.5909531116485596,-4.025914313388057e-05 | 96.4 | -0.07382471114397049,0.00532182352617383,17.907878875732422 | 0.4573880434036255,0.29900068044662476,0.00021182857744861394 | 0,0
3590 | 45.476550698280334 | 144.3454132080078,191.68673706054688,0.21236175298690796 | 5.2700347900390625,-0.47682619094848633,-1.949043507920578e-05 | 95.2 | -0.07284045964479446,0.004829093813896179,14.846786499023438 | -0.3712605834007263,-0.2616715133190155,7.650500629097223e-05 | 0,0
3600 | 45.60506599768996 | 145.0206298828125,191.6175537109375,0.21235519647598267 | 5.276395320892334,-0.37232792377471924,-8.286416232294869e-06 | 94.0 | -0.03815920278429985,0.0021720838267356157,12.713733673095703 | -0.22747047245502472,0.5869259238243103,0.000136829650728032 | 0,0
3610 | 45.75922479853034 | 145.83120727539062,191.55308532714844,0.21235576272010803 | 5.256900310516357,-0.27373477816581726,-3.4518784559622873e-06 | 93.0 | -0.035605479031801224,0.008300436660647392,10.42799186706543 | -0.14848877489566803,0.8829575181007385,8.45619579195045e-05 | 0,0
3620 | 45.88619579747319 | 146.49884033203125,191.51231384277344,0.21235153079032898 | 5.284090518951416,-0.20783284306526184,-7.628445359841862e-07 | 92.3 | -0.0297567006200552,-0.008829724043607712,8.824869155883789 | 0.7028388977050781,0.5551518201828003,9.635269088903442e-05 | 0,0
3630 | 46.01298559829593 | 147.17018127441406,191.4807586669922,0.21233859658241272 | 5.314958572387695,-0.15204109251499176,-1.1252039939790848e-06 | 91.6 | -0.024930516257882118,-0.008832764811813831,7.541973114013672 | 0.5117000937461853,0.21816818416118622,7.0231020799838e-05 | 0,0
3640 | 46.13921619951725 | 147.841796875,191.45700073242188,0.21233108639717102 | 5.335723876953125,-0.10507354140281677,-1.4303227544587571e-06 | 91.1 | -0.02177196554839611,-0.004704131744801998,6.399815559387207 | 0.5188511610031128,0.36404362320899963,-3.2333529816241935e-05 | 0,0
3650 | 46.2662869989872 | 148.51980590820312,191.4400177001953,0.21232962608337402 | 5.341982841491699,-0.05993475764989853,-2.0215481981722405e-06 | 90.6 | -0.012557766400277615,0.001155948149971664,5.535065650939941 | 0.36692190170288086,0.567076563835144,-0.00019354608957655728 | 0,0
3660 | 46.39547269791365 | 149.20896911621094,191.42881774902344,0.2123345583677292 | 5.335691452026367,-0.027788082137703896,1.1728743629646488e-06 | 90.3 | -0.021249504759907722,0.003979894798249006,4.610901355743408 | 0.41012099385261536,-0.0616631880402565,0.00017717661103233695 | 0,0
3670 | 46.52330679818988 | 149.8905792236328,191.4226837158203,0.21233806014060974 | 5.337522983551025,0.004756313282996416,-1.544755377835827e-06 | 89.9 | -0.01088295504450798,-7.159171218518168e-05,3.9357080459594727 | 0.42757970094680786,0.44935548305511475,-7.115725020412356e-05 | 0,0
3680 | 46.65123539790511 | 150.57318115234375,191.4208526611328,0.21233820915222168 | 5.342252254486084,0.02900739572942257,-2.031054236795171e-06 | 89.7 | -0.011597788892686367,-0.002373700961470604,3.313979148864746 | 0.4371424615383148,0.15569309890270233,-0.00011678637383738533 | 0,0
3690 | 46.78184859827161 | 151.26956176757812,191.4227752685547,0.212340846657753 | 5.334617614746094,0.053482163697481155,-4.100314754396095e-07 | 89.4 | -0.007476788014173508,-0.001204052590765059,2.865354537963867 | 0.45427459478378296,0.2902914583683014,1.2227523257024586e-05 | 0,0
3700 | 46.90977579727769 | 151.9525604248047,191.4276580810547,0.21233810484409332 | 5.347787380218506,0.07029657065868378,-1.0012350912802503e-06 | 89.2 | -0.006293908227235079,-0.0050931088626384735,2.383481740951538 | 0.39402467012405396,0.21393711864948273,-3.178711631335318e-05 | 0,0
3710 | 47.04263789951801 | 152.66278076171875,191.43540954589844,0.21233676373958588 | 5.349136829376221,0.08566383272409439,-7.72377461544238e-07 | 89.1 | -0.0052888039499521255,-0.002102441154420376,1.997011661529541 | 0.5351520776748657,0.24763338267803192,6.245780241442844e-05 | 0,0
3720 | 47.170471999794245 | 153.34689331054688,191.44525146484375,0.21233512461185455 | 5.3596038818359375,0.09864591062068939,1.6210553610562783e-07 | 88.9 | -0.006083075888454914,-0.0037290987093001604,1.6927920579910278 | 0.478385865688324,0.05841004103422165,6.604686495848e-05 | 0,0
3730 | 47.298264898359776 | 154.03237915039062,191.4568328857422,0.21233275532722473 | 5.371382713317871,0.10905066877603531,5.339942958926258e-07 | 88.8 | -0.00563294580206275,-0.003173729171976447,1.41037118434906 | 0.4582069218158722,0.06567934155464172,0.00010336467676097527 | 0,0
3740 | 47.42471889778972 | 154.7122802734375,191.46981811523438,0.21233069896697998 | 5.3837456703186035,0.1185881718993187,-3.528152774379123e-07 | 88.7 | -0.00360222184099257,-0.0023627937771379948,1.1960954666137695 | 0.38456469774246216,0.1256415992975235,3.1258830858860165e-05 | 0,0
3750 | 47.55512519925833 | 155.4139404296875,191.4845428466797,0.2123325616121292 | 5.38424015045166,0.12694738805294037,-3.3374192298651906e-07 | 88.6 | -0.002256506122648716,0.00012433869414962828,1.0194121599197388 | 0.41524332761764526,0.11678405851125717,1.9980107026640326e-06 | 0,0
3760 | 47.68382729962468 | 156.10655212402344,191.50030517578125,0.2123347371816635 | 5.386110782623291,0.1349109262228012,-5.149197477294365e-07 | 88.6 | -0.0013028213288635015,-0.0005722586647607386,0.8968518376350403 | 0.3766956925392151,0.09320658445358276,-1.3498805856215768e-05 | 0,0
3770 | 47.81536789983511 | 156.814453125,191.51763916015625,0.21233688294887543 | 5.385662078857422,0.1432289034128189,-4.2909755393338855e-07 | 88.5 | -0.0007521085208281875,-0.0010347784264013171,0.8177840709686279 | 0.4138857424259186,0.08270862698554993,-1.639770925976336e-05 | 0,0
3780 | 47.95351639762521 | 157.55966186523438,191.5371856689453,0.21233326196670532 | 5.402660846710205,0.15285034477710724,-1.7736125528244884e-06 | 88.4 | -7.813805132173002e-05,-0.0030910347122699022,0.7802289128303528 | -0.19167737662792206,0.051449257880449295,-4.997583164367825e-05 | 0,0
3790 | 48.082708198577166 | 158.2580108642578,191.55667114257812,0.2123326063156128 | 5.402276039123535,0.1617775857448578,-3.1467320127376297e-07 | 88.3 | -0.00029770148103125393,0.0029000446666032076,0.7662338018417358 | -0.36366093158721924,0.03432976454496384,-1.0463769285706803e-05 | 0,0
3800 | 48.21280199661851 | 158.9607696533203,191.57737731933594,0.21233592927455902 | 5.399397850036621,0.16837440431118011,-3.623455597789871e-07 | 88.2 | -0.0024435201194137335,0.003267387393862009,0.6966873407363892 | -0.24984613060951233,-0.00297794328071177,-4.495934990700334e-05 | 0,0
3810 | 48.34532879665494 | 159.6761016845703,191.59933471679688,0.21233908832073212 | 5.394237995147705,0.17306146025657654,1.2586830280270078e-06 | 88.2 | -0.002783135510981083,0.0028302986174821854,0.5903456211090088 | -0.4066177010536194,0.005228962283581495,0.00012853904627263546 | 0,0
3820 | 48.47846530005336 | 160.39401245117188,191.62181091308594,0.21234141290187836 | 5.392467498779297,0.17361751198768616,-3.242076331844146e-07 | 88.2 | -0.00468985503539443,-0.00021167853265069425,0.4108744263648987 | -0.22885970771312714,-0.03962445259094238,1.6252732166321948e-05 | 0,0
3830 | 48.60497899726033 | 161.07778930664062,191.6433563232422,0.21233657002449036 | 5.414279460906982,0.17205192148685455,9.726226153361495e-07 | 88.2 | -0.00512672308832407,-0.006066190544515848,0.21284836530685425 | -0.031030384823679924,-0.03797558695077896,0.00016064787632785738 | 0,0
3840 | 48.7339504994452 | 161.77764892578125,191.66514587402344,0.21233035624027252 | 5.430670738220215,0.16707801818847656,-4.767810324324273e-08 | 88.2 | -0.005950980354100466,-0.002097396645694971,-0.008458398282527924 | -0.31354668736457825,-0.07279611378908157,-1.8684893802856095e-05 | 0,0
3850 | 48.86178109794855 | 162.47262573242188,191.68614196777344,0.21232970058918 | 5.43817138671875,0.15827512741088867,-7.342404160226579e-07 | 88.3 | -0.0068955691531300545,0.0012932376703247428,-0.2562999427318573 | -0.214753195643425,-0.11146512627601624,-2.8773161830031313e-05 | 0,0
3860 | 48.995600797235966 | 163.2003631591797,191.7069549560547,0.21233317255973816 | 5.4325852394104,0.145970419049263,-1.678248736425303e-06 | 88.5 | -0.006365147884935141,0.005501460283994675,-0.5038540363311768 | -0.3940683901309967,-0.16008369624614716,-0.00022898626048117876 | 0,0
3870 | 49.1214758977294 | 163.8849334716797,191.72511291503906,0.2123352438211441 | 5.443183898925781,0.13333530724048615,-9.535522593751011e-08 | 88.6 | -0.003920870833098888,-0.0003517184522934258,-0.7043502926826477 | -0.1416374146938324,-0.07634881138801575,-6.67085714667337e-07 | 0,0
3880 | 49.251513697206974 | 164.593505859375,191.7423553466797,0.21233421564102173 | 5.448837757110596,0.11910749226808548,5.053861968917772e-07 | 88.7 | -0.002561266766861081,0.0014565325109288096,-0.8653385043144226 | -0.48062360286712646,-0.08571591973304749,8.856890417519026e-06 | 0,0
3890 | 49.377100098878145 | 165.2783966064453,191.7572784423828,0.21233458817005157 | 5.455631732940674,0.10269851237535477,2.0978295367513056e-07 | 88.9 | -0.0041439044289290905,0.0004072313604410738,-1.0280252695083618 | -0.18491685390472412,-0.2010071873664856,-0.00013237367966212332 | 0,0
3900 | 49.50722609832883 | 165.9899139404297,191.77088928222656,0.21233142912387848 | 5.4768805503845215,0.08995901793241501,-1.430321816542346e-07 | 89.1 | 0.002023538574576378,-0.003231627866625786,-1.057701587677002 | 0.19116412103176117,0.06697969883680344,7.271472713910043e-05 | 0,0
3910 | 49.63444979861379 | 166.6869659423828,191.78231811523438,0.21233104169368744 | 5.480929851531982,0.07253161817789078,-1.4398741541299387e-06 | 89.2 | -0.001128209987655282,0.0009014171082526445,-1.1611148118972778 | 0.2113010138273239,-0.1055554673075676,-0.00019264341972302645 | 0,0
3920 | 49.76264359802008 | 167.38917541503906,191.79200744628906,0.2123345583677292 | 5.47709846496582,0.057206444442272186,-2.1931671767561056e-07 | 89.4 | -0.001408291864208877,0.002755399327725172,-1.194137692451477 | 0.3020254075527191,-0.05587490648031235,2.5714001822052523e-05 | 0,0
3930 | 49.890808299183846 | 168.09033203125,191.79991149902344,0.21233882009983063 | 5.471045017242432,0.04585782065987587,3.814215290276479e-07 | 89.5 | 0.001810369431041181,0.001640445552766323,-1.1199758052825928 | 0.33688122034072876,-0.22955800592899323,7.710701902396977e-05 | 0,0
3940 | 50.0197809971869 | 168.79541015625,191.80628967285156,0.212340846657753 | 5.470104694366455,0.03285564109683037,1.7163943084597122e-06 | 89.7 | -0.0018183072097599506,-0.0014380645006895065,-1.0904632806777954 | 0.37633073329925537,-0.2285660058259964,0.00024539377773180604 | 0,0
3950 | 50.14418959990144 | 169.47613525390625,191.81092834472656,0.2123388946056366 | 5.4790191650390625,0.022618502378463745,-4.95849747039756e-07 | 89.8 | 0.000760759983677417,-0.004266778472810984,-1.0367029905319214 | 0.33281823992729187,-0.024078408256173134,7.90510093793273e-05 | 1,12
