Simulation Frame | Timestamp | Position | Velocity | Heading | Angular Velocity | Acceleration | Stopped at Red Light + Light ID 
2980 | 37.56951919943094 | 168.959228515625,187.58509826660156,0.21260875463485718 | -5.003545761108398,-0.1538064181804657,-1.54760400619125e-05 | 268.2 | 0.026316259056329727,-0.0037056533619761467,-0.16850225627422333 | 0.5084731578826904,0.9239562153816223,-0.01652756705880165 | 0,0
2990 | 37.698490899056196 | 168.33970642089844,187.56822204589844,0.21216243505477905 | -4.435984134674072,-0.10024387389421463,-0.002195020206272602 | 268.7 | 0.020196272060275078,-0.16451698541641235,-1.1357568502426147 | 7.426479816436768,0.35711079835891724,-0.03284415602684021 | 0,0
3000 | 37.8276501968503 | 167.8439483642578,187.55673217773438,0.21232157945632935 | -3.3691956996917725,-0.06289315968751907,0.0005471603944897652 | 268.9 | 0.0014902115799486637,-0.23370777070522308,-1.0441248416900635 | 6.941981315612793,0.3135852813720703,0.021052036434412003 | 0,0
3010 | 37.957808297127485 | 167.4408416748047,187.5486297607422,0.212447851896286 | -3.02496075630188,-0.049813903868198395,0.001428336021490395 | 269.1 | -0.007462317124009132,0.021511657163500786,-0.9141461849212646 | 0.15549355745315552,0.0903380736708641,0.08770021051168442 | 0,0
3020 | 38.088229298591614 | 167.03543090820312,187.54144287109375,0.21232375502586365 | -3.168677806854248,-0.04650070145726204,-0.0011883113766089082 | 269.2 | -0.010018052533268929,0.16752634942531586,-0.9336286187171936 | -2.0380682945251465,-0.18624623119831085,-0.14253105223178864 | 0,0
3030 | 38.21949980035424 | 166.61439514160156,187.5348663330078,0.21218913793563843 | -3.1252715587615967,-0.037199657410383224,0.0013422842603176832 | 269.3 | -0.0046317121013998985,0.061185870319604874,-0.9664740562438965 | 3.788928747177124,0.03498131409287453,0.08152648061513901 | 0,0
3040 | 38.351429399102926 | 166.26893615722656,187.5301971435547,0.21231529116630554 | -2.2443976402282715,-0.02187001332640648,-0.0009747411240823567 | 269.4 | -0.00542717520147562,-0.16026532649993896,-0.7133961319923401 | 5.91829252243042,0.012582837603986263,-0.1224668025970459 | 0,0
3050 | 38.48460889980197 | 165.9882049560547,187.52694702148438,0.21241286396980286 | -2.07975435256958,-0.016404999420046806,0.0006905375048518181 | 269.5 | -0.001979011343792081,0.05551569536328316,-0.6551710367202759 | -1.2750502824783325,0.032872360199689865,0.013231052085757256 | 0,0
3060 | 38.61785999685526 | 165.6943359375,187.52394104003906,0.2122049629688263 | -2.349285840988159,-0.01598062738776207,0.0009761623223312199 | 269.6 | -0.00034745558514259756,0.15655094385147095,-0.7094596028327942 | -2.2894363403320312,0.0390893928706646,0.06379182636737823 | 0,0
3070 | 38.743812300264835 | 165.37437438964844,187.52110290527344,0.21209651231765747 | -2.669593334197998,-0.014284897595643997,0.000847246206831187 | 269.7 | 0.0014598347479477525,0.14071129262447357,-0.793335497379303 | -2.5329160690307617,0.05050106346607208,0.01108936220407486 | 0,0
3080 | 38.873623199760914 | 165.0094757080078,187.5183868408203,0.21195216476917267 | -2.967116594314575,-0.012889093719422817,1.9166400306858122e-05 | 269.8 | -5.1613125833682716e-05,0.0790502205491066,-0.8242090344429016 | -0.9211642742156982,-0.027203666046261787,0.07675928622484207 | 0,0
3090 | 39.00408609956503 | 164.64315795898438,187.51620483398438,0.21199588477611542 | -2.4490067958831787,-0.0056863510981202126,-0.0013421948533505201 | 269.9 | -0.0009968311060220003,-0.1880430281162262,-0.6995617151260376 | 8.307785987854004,0.10391712188720703,-0.23057697713375092 | 0,0
3100 | 39.133970096707344 | 164.3675994873047,187.5150146484375,0.21221916377544403 | -2.024395704269409,-0.002756040310487151,0.0006476446869783103 | 269.9 | -0.0014461753889918327,-0.08642902970314026,-0.5425258874893188 | -0.603218674659729,0.0038064627442508936,0.008386945351958275 | 0,0
3110 | 39.26615319773555 | 164.0871124267578,187.5140380859375,0.21218718588352203 | -2.249922275543213,-0.0025778275448828936,0.0010085097746923566 | 269.9 | -0.0010349703952670097,0.08812447637319565,-0.5387601852416992 | -2.228700876235962,-0.08313963562250137,-0.07176651805639267 | 0,0
3120 | 39.394203796982765 | 163.77554321289062,187.51332092285156,0.21208736300468445 | -2.567564010620117,0.0008501240517944098,0.0006387111498042941 | 270.0 | 0.0017704458441585302,0.11653085052967072,-0.621383786201477 | -2.659924030303955,0.05635983496904373,0.026512639597058296 | 0,0
3130 | 39.51943250000477 | 163.43154907226562,187.51284790039062,0.21199600398540497 | -2.89335560798645,0.0038132977206259966,0.00014095469668973237 | 270.1 | 0.0017788750119507313,0.09024372696876526,-0.6715933084487915 | -2.6997079849243164,0.012773025780916214,-0.05044887214899063 | 0,0
3140 | 39.650555197149515 | 163.04798889160156,187.51271057128906,0.21191859245300293 | -2.8119444847106934,0.0068516721948981285,0.0012906050542369485 | 270.1 | 0.0001589983148733154,-0.08377424627542496,-0.6249381303787231 | 4.3620147705078125,0.026318293064832687,0.15318232774734497 | 0,0
3150 | 39.776972498744726 | 162.74720764160156,187.5129852294922,0.2121703326702118 | -2.0674126148223877,0.006904796697199345,-0.0002776170149445534 | 270.2 | -0.002934982068836689,-0.20879550278186798,-0.4404609203338623 | 3.3394625186920166,0.03239663317799568,-0.12290731072425842 | 0,0
3160 | 39.903915498405695 | 162.48516845703125,187.5133819580078,0.21223396062850952 | -2.135347604751587,0.007846779190003872,-0.00022309277846943587 | 270.2 | 0.0004478515184018761,0.026177797466516495,-0.41277366876602173 | -1.849134087562561,0.04934825375676155,0.1571183055639267 | 0,0
3170 | 40.029760397970676 | 162.198974609375,187.51394653320312,0.21216480433940887 | -2.4156904220581055,0.009607122279703617,0.0005766075337305665 | 270.2 | 0.0011887357104569674,0.11297965049743652,-0.4277506172657013 | -2.316545248031616,0.05566178262233734,-0.023905543610453606 | 0,0
3180 | 40.15407259762287 | 161.87562561035156,187.514892578125,0.2120419591665268 | -2.735065221786499,0.012507958337664604,0.0009347106097266078 | 270.3 | 0.0011430892627686262,0.10669657588005066,-0.45541030168533325 | -2.4607303142547607,0.07030029594898224,0.12631799280643463 | 0,0
3190 | 40.2844038978219 | 161.50033569335938,187.51622009277344,0.21190272271633148 | -2.97098445892334,0.015836328268051147,-0.0005724148941226304 | 270.3 | 0.0009656435577198863,0.031562209129333496,-0.46995973587036133 | 0.5645874738693237,0.062022384256124496,-0.08048305660486221 | 0,0
3200 | 40.41362959891558 | 161.15235900878906,187.51768493652344,0.21203383803367615 | -2.287743091583252,0.013633433729410172,0.00023007307027000934 | 270.3 | -0.003146297996863723,-0.23226165771484375,-0.3432184159755707 | 8.28584098815918,-0.003804462030529976,-0.005848637782037258 | 0,0
3210 | 40.540901098400354 | 160.94064331054688,187.51870727539062,0.21240493655204773 | -1.1555322408676147,0.0073832678608596325,0.0013345314655452967 | 270.4 | -0.004992220085114241,-0.30357256531715393,-0.16523046791553497 | 8.196187973022461,-0.042711738497018814,0.05261523649096489 | 0,0
3220 | 40.67657610028982 | 160.88534545898438,187.51901245117188,0.21265780925750732 | -2.105975909216795e-05,1.3669915460923221e-05,0.001027253339998424 | 270.4 | -0.0026218125130981207,-0.13856086134910583,-1.0336726518289652e-05 | 0.004413652699440718,-0.00039885001024231315,0.10216694325208664 | 0,0
3230 | 40.804585199803114 | 160.8852996826172,187.51901245117188,0.2126559466123581 | 2.702216079342179e-05,-4.500527211348526e-06,0.0013224069261923432 | 270.4 | 0.0016485325759276748,0.15277190506458282,-1.2557035006466322e-05 | 0.00013703129661735147,-3.5381362977204844e-05,0.03254397213459015 | 0,0
3240 | 40.94124049693346 | 160.88514709472656,187.51901245117188,0.21238376200199127 | 2.9614337108796462e-05,-5.105452601128491e-06,0.0008393629686906934 | 270.4 | 0.0018030499340966344,0.16483184695243835,-1.0600700989016332e-05 | -4.4754560803994536e-05,2.7075446269009262e-05,-0.06165798753499985 | 0,0
3250 | 41.06796909868717 | 160.8850555419922,187.51901245117188,0.21228858828544617 | 5.602519649983151e-06,-5.307402943799389e-07,-0.001292708097025752 | 270.4 | 0.00021132055553607643,0.022824572399258614,-1.8181576706410851e-06 | 0.00046962781925685704,-4.4488984713098034e-05,-0.10836047679185867 | 0,0
3260 | 41.19728669896722 | 160.885009765625,187.51901245117188,0.21217776834964752 | 1.1564298802113626e-05,-2.0634604425140424e-06,-8.412225724896416e-05 | 270.4 | 0.0006558459717780352,0.06084218621253967,-3.5628788737085415e-06 | 3.066138560825493e-06,8.511716259818058e-06,0.0620296485722065 | 0,0
3270 | 41.3286770991981 | 160.8849639892578,187.51901245117188,0.21212825179100037 | 9.392658284923527e-06,4.582044965673049e-08,-0.00012214016169309616 | 270.4 | 0.0005331096472218633,0.04936565086245537,3.6853459732810734e-06 | -2.5039795218617655e-05,1.0424839729239466e-06,-0.008579295128583908 | 0,0
3280 | 41.45417569950223 | 160.8849334716797,187.51901245117188,0.21212920546531677 | 5.895676167710917e-06,-1.3717612601382712e-09,0.00052824174053967 | 270.4 | 0.000336076773237437,0.030800336971879005,2.2757528768124757e-06 | -2.5628165531088598e-05,-2.377873897785321e-06,-0.025212083011865616 | 0,0
3290 | 41.58079759776592 | 160.88491821289062,187.51901245117188,0.21217532455921173 | 2.391758016528911e-06,4.50429293863408e-09,0.0005673471605405211 | 270.4 | 0.0001517042692285031,0.01213064230978489,7.877507073317247e-07 | 6.359845883707749e-06,-1.7402775256414316e-06,-0.012366555631160736 | 0,0
3300 | 41.71140639856458 | 160.88490295410156,187.51901245117188,0.212136372923851 | 2.201911229349207e-06,9.623486008081272e-09,0.0003052614047192037 | 270.4 | 9.337031951872632e-05,0.011347705498337746,8.018400876608212e-07 | -4.730251930595841e-06,-7.549007250418072e-07,0.003720107488334179 | 0,0
3310 | 41.84209789708257 | 160.88490295410156,187.51901245117188,0.21207785606384277 | 1.4343418115458917e-06,-3.0737929979096634e-09,-0.0018269788706675172 | 270.4 | 7.112351158866659e-05,0.007423524744808674,5.448520141726476e-07 | -5.731265900976723e-06,-1.770616449903173e-06,-0.24143649637699127 | 0,0
3320 | 41.97377239912748 | 160.88490295410156,187.51901245117188,0.21215075254440308 | 4.6563275191147113e-07,-1.541413885419729e-09,0.0007063004304654896 | 270.4 | 2.8888949600514024e-05,0.002325153909623623,1.4190750619036407e-07 | 2.215309905295726e-06,6.512531172120362e-07,0.09662780910730362 | 0,0
3330 | 42.099155496805906 | 160.88490295410156,187.51901245117188,0.21216754615306854 | 4.972666260982805e-07,-4.443711620893964e-09,0.0008679908933117986 | 270.4 | 2.8911972549394704e-05,0.0025413071271032095,1.707029753106326e-07 | -4.4336599103189656e-07,-1.8461870467945118e-06,0.032189350575208664 | 0,0
3340 | 42.22581319883466 | 160.88490295410156,187.51901245117188,0.21212154626846313 | 3.438412932155188e-07,3.136025217287397e-09,0.00040389844798482955 | 270.4 | 9.471869816479739e-06,0.0017735862638801336,1.2757625711401488e-07 | -1.315583972427703e-06,7.205858878478466e-07,0.06565870344638824 | 0,0
3350 | 42.3540606983006 | 160.88490295410156,187.51901245117188,0.21209117770195007 | 7.563708948055137e-08,2.2296740453953134e-08,0.0005133565282449126 | 270.4 | -1.027967573463684e-05,0.000367774540791288,2.1288345308789758e-08 | 7.076256451910012e-07,1.9990375221823342e-06,0.10737283527851105 | 0,0
3360 | 42.482170298695564 | 160.88490295410156,187.51901245117188,0.21208739280700684 | 1.1176356196074266e-07,-6.42886277546495e-09,0.001352026592940092 | 270.4 | 7.43497639632551e-06,0.000566400121897459,3.6483232435102764e-08 | 2.0720317195355165e-07,-4.96983432185516e-07,0.08557494729757309 | 0,0
3370 | 42.611107498407364 | 160.88490295410156,187.51901245117188,0.2120920866727829 | 7.937673274227564e-08,-3.6080649579162127e-09,-0.00017501488036941737 | 270.4 | -5.019689524488058e-06,0.000412705703638494,3.063333409158986e-08 | -5.637342610498308e-07,-1.972209773271061e-08,-0.10620954632759094 | 0,0
3380 | 42.7435665987432 | 160.88490295410156,187.51901245117188,0.21205134689807892 | 1.4783106294657955e-08,8.148646202243981e-09,-0.00041060461080633104 | 270.4 | -3.24064603773877e-05,5.7967077736975625e-05,-7.586051231633917e-10 | 1.1627789717749692e-06,6.409393336070934e-07,-0.03229648619890213 | 0,0
3390 | 42.873547699302435 | 160.88490295410156,187.51901245117188,0.21211417019367218 | 2.524603104347989e-08,-1.9105366177996075e-08,0.0013626079307869077 | 270.4 | 8.71437350724591e-06,0.00012599762703757733,5.916009460094074e-09 | 1.3339679583168618e-07,-1.4203527598510846e-06,-0.024992914870381355 | 0,0
3400 | 43.00284289941192 | 160.88490295410156,187.51901245117188,0.21212837100028992 | 1.6251872736461337e-08,-1.4436195350242542e-08,0.0012171161361038685 | 270.4 | 3.131798803224228e-05,9.103178308578208e-05,5.946906522780182e-09 | -6.404695227502089e-07,-2.740899617492687e-06,0.08215197175741196 | 0,0
3410 | 43.1283371001482 | 160.88490295410156,187.51901245117188,0.21213050186634064 | 1.001564164937463e-08,2.2232772067809492e-08,-0.00012768087617587298 | 270.4 | -9.903037607728038e-06,5.46909031982068e-05,7.516878675062344e-09 | -2.694878276088275e-07,2.647869450811413e-06,-0.029090462252497673 | 0,0
3420 | 43.25654339790344 | 160.88490295410156,187.51901245117188,0.2121703326702118 | 3.1786651089049656e-09,-2.9934785206187087e-10,-0.00020549976034089923 | 270.4 | -6.233882459127926e-07,2.0253673937986605e-05,2.5790418689553007e-09 | -4.1826748997664254e-07,-5.248851131511856e-09,-0.11315414309501648 | 0,0
3430 | 43.38594380021095 | 160.88490295410156,187.51901245117188,0.2121374011039734 | 3.169120521562263e-09,4.045348223069567e-10,0.000699214986525476 | 270.4 | 5.6303872497665e-07,2.069680704153143e-05,2.785874420041523e-09 | -4.517544027748954e-07,-1.8804152901452653e-08,-0.019768262282013893 | 0,0
3440 | 43.51612379774451 | 160.88490295410156,187.51901245117188,0.2121208906173706 | 5.336961983459787e-09,-1.2146302019733213e-10,-0.0002904135035350919 | 270.4 | 1.3902960915856966e-07,2.6452287784195505e-05,1.569130825274101e-09 | 3.3626339046577414e-08,2.2313821901320807e-09,-0.030381564050912857 | 0,0
3450 | 43.644414599984884 | 160.88490295410156,187.51901245117188,0.2121335119009018 | -2.8780151595242387e-09,-1.7093983173399607e-10,8.318803156726062e-05 | 270.4 | -6.915164476595237e-07,-9.342008524981793e-06,1.0162912733591156e-09 | -3.4942561910611403e-07,-8.476841450999473e-09,-0.04371954873204231 | 0,0
3460 | 43.774095598608255 | 160.88490295410156,187.51901245117188,0.21209777891635895 | -3.4886302735515073e-09,6.099258431646604e-09,0.0004544736002571881 | 270.4 | -2.152400384147768e-06,-1.5114861525944434e-05,6.454765610897084e-10 | -1.3930574027654075e-07,7.956802505759697e-07,0.07301554083824158 | 0,0
3470 | 43.9025032967329 | 160.88490295410156,187.51901245117188,0.2120886594057083 | -1.474893984720893e-09,-3.6455365393095462e-09,0.00043405790347605944 | 270.4 | -3.591076165321283e-06,-1.7365640587740927e-06,2.8266160523315875e-09 | -3.723862960214319e-07,1.4557963368133642e-06,0.043651312589645386 | 0,0
3480 | 44.032560899853706 | 160.88490295410156,187.51901245117188,0.2120666801929474 | 2.475074312169312e-10,-1.5292009325484912e-10,0.0005568775231949985 | 270.4 | -3.1019419566291617e-07,1.1587255812628428e-06,3.2283124090648485e-11 | 4.731063096841126e-09,-9.622804775233362e-09,0.1450822353363037 | 0,0
3490 | 44.163585897535086 | 160.88490295410156,187.51901245117188,0.21203967928886414 | 1.0041447673359016e-09,-1.7599514900989988e-10,0.0010419987374916673 | 270.4 | -1.808128331504122e-07,5.036262336943764e-06,3.1290617319434944e-10 | 2.7431865667892907e-09,-1.0032544794924547e-09,0.05327480658888817 | 0,0
3500 | 44.295209396630526 | 160.88490295410156,187.51901245117188,0.21204029023647308 | -8.094726000607011e-10,-3.433094475369103e-09,0.0002546931791584939 | 270.4 | 1.0142263818124775e-05,-1.2091671806047088e-06,4.786681606638865e-10 | -2.1690264873086562e-07,-3.2750332934483595e-07,-0.020736614242196083 | 0,0
3510 | 44.43341949954629 | 160.88490295410156,187.51901245117188,0.21195578575134277 | -4.977200429578943e-09,-1.2487376410685869e-10,-0.0007538630743511021 | 270.4 | -4.0822987351640805e-11,-1.9526722098817118e-05,4.4193332326969426e-10 | -3.943466140299279e-07,-1.4260494118900624e-08,-0.12322021275758743 | 0,0
3520 | 44.56149919703603 | 160.88490295410156,187.51901245117188,0.2120155692100525 | 3.5807351528305276e-10,-3.858976749260279e-10,0.0013238650280982256 | 270.4 | -1.5781671436343458e-06,1.7951970221474767e-06,-1.779992299388855e-11 | 6.033989974341125e-10,-7.915119937251802e-08,0.016214663162827492 | 0,0
3530 | 44.692415699362755 | 160.88490295410156,187.51901245117188,0.21200957894325256 | -4.69669414471241e-09,-1.3057707137775765e-09,0.0017856553895398974 | 270.4 | -3.5455132092465647e-06,-1.8034099412034266e-05,6.409725528122578e-10 | -4.050686186474195e-07,-7.486786302024484e-09,0.21151027083396912 | 0,0
3540 | 44.82066049799323 | 160.88490295410156,187.51901245117188,0.21206195652484894 | 0.0,0.0,0.0 | 270.4 | 0.0,0.0,0.0 | -6.755701065230824e-08,5.113456680305717e-08,-0.025076303631067276 | 0,0
3550 | 44.95075849816203 | 160.88490295410156,187.51901245117188,0.211999773979187 | 6.352486314753492e-10,1.0049768794928582e-09,0.0018637001048773527 | 270.4 | -3.315820151783555e-08,3.059477876377059e-06,-3.0309002529982365e-10 | -4.440018486207009e-08,-5.148218633621582e-07,0.143596813082695 | 0,0
3560 | 45.07639639824629 | 160.88490295410156,187.51901245117188,0.21206443011760712 | 2.2620976203313603e-09,-3.8340827734906213e-10,0.0003960214089602232 | 270.4 | -9.540793826090521e-07,5.7630541050457396e-06,-1.4083458843572316e-09 | 4.9858346073961e-07,-1.645880232103991e-08,-0.08869863301515579 | 0,0
3570 | 45.20527769997716 | 160.88490295410156,187.51901245117188,0.21206755936145782 | 1.6040241357373475e-09,-7.072762930881993e-10,-0.0007087629055604339 | 270.4 | -1.9410683762544068e-06,8.143235390889458e-06,5.262287272600474e-10 | -4.776988804522375e-10,-1.0791059601444886e-08,-0.14032793045043945 | 0,0
3580 | 45.335497196763754 | 160.88490295410156,187.51901245117188,0.2121133804321289 | 4.958742860772247e-10,7.757551823139863e-10,0.0020375228486955166 | 270.4 | -4.540781262107885e-08,2.3005220555205597e-06,-3.7064556979160557e-10 | -3.8530327373109685e-08,-4.80165454064263e-07,0.20588193833827972 | 0,0
3590 | 45.476550698280334 | 160.88490295410156,187.51901245117188,0.21209315955638885 | 1.1601517524439942e-09,4.5861553443771186e-10,0.0010576167842373252 | 270.4 | -1.072293571269256e-06,5.682602932211012e-06,-1.1508435177054466e-10 | -3.4190478004347824e-08,-4.3522169335119543e-07,0.07535484433174133 | 0,0
3600 | 45.60506599768996 | 160.88490295410156,187.51901245117188,0.21211959421634674 | 1.2674404858969979e-09,-9.9979580170384e-10,2.5459832613705657e-05 | 270.4 | -1.913456344482256e-06,6.44874262434314e-06,4.118371754735506e-10 | -2.5131055014782078e-09,-4.538506015450139e-09,-0.07103995978832245 | 0,0
3610 | 45.75922479853034 | 160.88490295410156,187.51901245117188,0.21187789738178253 | -2.28185426109917e-09,-3.1645204234820312e-09,0.0008031504694372416 | 270.4 | 1.1591670045163482e-05,-8.74988290888723e-06,4.376685125428992e-11 | -1.0080707824045021e-07,-1.3265612608392985e-07,0.11754679679870605 | 0,0
3620 | 45.88619579747319 | 160.88490295410156,187.51901245117188,0.2120632529258728 | 1.1443651581899417e-09,-6.961816900741269e-09,0.00167392089497298 | 270.4 | -7.45363024634571e-07,3.085368007305078e-06,-1.5559256105746044e-09 | 2.4580867830081843e-07,-7.934690984257031e-07,0.03319568559527397 | 0,0
3630 | 46.01298559829593 | 160.88490295410156,187.51901245117188,0.21208660304546356 | -3.934579329012422e-09,-6.345489689252304e-10,0.0014291895786300302 | 270.4 | -1.5713009133833111e-06,-1.4205106708686799e-05,8.902062975657543e-10 | -4.303789467030583e-07,-1.2166859519879836e-08,0.10875974595546722 | 0,0
3640 | 46.13921619951725 | 160.88490295410156,187.51901245117188,0.2120693475008011 | -6.091075643865906e-09,-2.605883009376697e-10,0.0006774311186745763 | 270.4 | -6.463053523475537e-07,-1.949380020960234e-05,2.4108468554828733e-09 | -7.564358384115621e-07,-1.947685568381985e-09,0.09178776293992996 | 0,0
3650 | 46.2662869989872 | 160.88490295410156,187.51901245117188,0.21201637387275696 | -6.536339913765232e-09,-1.0662664085003826e-09,-9.404878073837608e-05 | 270.4 | -3.3917360724444734e-06,-2.176412999688182e-05,2.024598266814337e-09 | -1.0297690096194856e-06,2.7947317793319826e-09,0.027031367644667625 | 0,0
3660 | 46.39547269791365 | 160.88490295410156,187.51901245117188,0.21202999353408813 | 1.6934199598139799e-09,2.5620499499723337e-08,0.0015742635587230325 | 270.4 | -4.0741360862739384e-05,2.843741867764038e-06,1.595450771496587e-09 | 4.556658836918359e-07,2.9696827823499916e-06,0.13544350862503052 | 0,0
3670 | 46.52330679818988 | 160.88490295410156,187.51901245117188,0.21205870807170868 | -1.669352017730219e-10,5.4630560492041624e-11,0.0003648684360086918 | 270.4 | -2.1771877811715967e-07,-6.556862786055717e-07,2.1458236229565664e-11 | -1.3090799555470767e-08,4.284043786384473e-09,0.028612416237592697 | 0,0
3680 | 46.65123539790511 | 160.88490295410156,187.51901245117188,0.2120637446641922 | 2.877611038343275e-09,-8.314205324211343e-09,-0.000820136396214366 | 270.4 | 3.428331910981797e-05,6.0765787566197105e-06,-2.858777436998139e-09 | 6.869750563964772e-07,-8.896051895135315e-07,-0.11071556061506271 | 0,0
3690 | 46.78184859827161 | 160.88490295410156,187.51901245117188,0.21205122768878937 | 3.547657057012543e-09,-1.4474008103171343e-10,0.0015285282861441374 | 270.4 | 5.740054831449015e-08,1.2506066923378967e-05,-8.598322054353957e-10 | 5.140601047060045e-07,3.3488820605498404e-08,0.06766335666179657 | 0,0
3700 | 46.90977579727769 | 160.88490295410156,187.51901245117188,0.21208736300468445 | 1.9428088027240165e-09,-4.447578139110675e-10,0.0005115731619298458 | 270.4 | -1.0626115454215324e-06,9.70528617472155e-06,6.397093410548393e-10 | -8.754967240065525e-08,4.9385793232659125e-08,-0.03619658946990967 | 0,0
3710 | 47.04263789951801 | 160.88490295410156,187.51901245117188,0.21226303279399872 | -6.027164878297242e-10,2.29733010392863e-09,0.0018024177988991141 | 270.4 | -9.331412229585112e-07,-3.1753975235915277e-06,-1.4166608997001617e-09 | -4.27903472655089e-08,-1.3108527809890802e-06,0.030844897031784058 | 0,0
3720 | 47.170471999794245 | 160.88490295410156,187.51901245117188,0.21225543320178986 | -4.517870966225246e-09,8.232355241943878e-09,-0.00017291736730840057 | 270.4 | -3.4982160286745057e-05,-1.4400218788068742e-05,2.3051827113818035e-09 | -7.312510774681868e-07,6.868929744996422e-07,0.04403476044535637 | 0,0
3730 | 47.298264898359776 | 160.88490295410156,187.51901245117188,0.2122037410736084 | -4.821589794090642e-09,-8.490843583786045e-09,-7.585532875964418e-05 | 270.4 | 3.399960769456811e-05,-1.5927324056974612e-05,9.151681634733677e-10 | -7.283169338734297e-07,-7.165984925450175e-07,0.0018664171220734715 | 0,0
3740 | 47.42471889778972 | 160.88490295410156,187.51901245117188,0.21214179694652557 | -4.994882729647543e-09,-1.6535052493882318e-10,-0.0001758548605721444 | 270.4 | -6.173367523842899e-07,-1.9530541976564564e-05,5.424569127221446e-10 | -4.0893780806072755e-07,4.497242134249291e-09,0.0027762730605900288 | 0,0
3750 | 47.55512519925833 | 160.88490295410156,187.51901245117188,0.21208633482456207 | 6.173806466058807e-10,-6.249964989990531e-10,0.0010430612601339817 | 270.4 | -1.6269599427687353e-06,2.997873934873496e-06,1.3939707721455363e-10 | 7.039333560499017e-09,-2.499699114366649e-09,0.08915219455957413 | 0,0
3760 | 47.68382729962468 | 160.88490295410156,187.51901245117188,0.21207767724990845 | 1.3149230593256789e-09,-7.633161464015714e-11,0.0004156830837018788 | 270.4 | -2.5662966436357237e-06,6.461370958277257e-06,-5.860248397659973e-11 | -3.5142882381933305e-08,-4.7076810005819425e-07,-0.03348211944103241 | 0,0
3770 | 47.81536789983511 | 160.88490295410156,187.51901245117188,0.21209025382995605 | -2.4887774063842016e-09,-3.1140257039652397e-09,0.0013817246071994305 | 270.4 | 1.1739042747649364e-05,-9.749381206347607e-06,8.093915294937748e-12 | -1.9377867488401535e-07,-2.3908251023385674e-07,0.06062891706824303 | 0,0
3780 | 47.95351639762521 | 160.88490295410156,187.51901245117188,0.21210211515426636 | 1.83993420499462e-09,-2.67151190058712e-10,-0.00120060658082366 | 270.4 | -1.1609906778176082e-06,3.5710195334104355e-06,-1.4711777351905653e-09 | 4.948005312144232e-07,1.6783566536560102e-08,-0.16812215745449066 | 0,0
3790 | 48.082708198577166 | 160.88490295410156,187.51901245117188,0.2120996117591858 | 1.7095487248042218e-09,-6.223151327588994e-09,0.000332227791659534 | 270.4 | -1.3698960401598015e-06,5.802773557661567e-06,-1.739082322593788e-09 | 2.0052223703714844e-07,-1.260812268810696e-06,0.047227174043655396 | 0,0
3800 | 48.21280199661851 | 160.88490295410156,187.51901245117188,0.21209365129470825 | 1.8974910184765825e-11,7.686963045261397e-12,0.000539562082849443 | 270.4 | -3.0744590873155175e-08,7.460879203335935e-08,-1.3403827743910246e-12 | 1.3571539447809755e-09,5.497993171843518e-10,0.038591425865888596 | 0,0
3810 | 48.34532879665494 | 160.88490295410156,187.51901245117188,0.2120364010334015 | 4.130737696339537e-10,-1.7778757632758158e-11,0.0003444132744334638 | 270.4 | -3.055465924717282e-07,1.9928475012420677e-06,9.949412127507884e-11 | 5.342239095540435e-09,5.306577954833358e-10,0.04705924540758133 | 0,0
3820 | 48.47846530005336 | 160.88490295410156,187.51901245117188,0.21203875541687012 | 2.005545285399535e-09,-1.6374623879045203e-10,0.0008325472008436918 | 270.4 | -6.909594389981066e-07,4.427318799571367e-06,-1.4762485678332382e-09 | 4.827493853554188e-07,-3.085783850664825e-09,-0.07924868911504745 | 0,0
3830 | 48.60497899726033 | 160.88490295410156,187.51901245117188,0.21210724115371704 | -1.1988845471933018e-09,-3.3452529635269457e-09,-4.239496047375724e-05 | 270.4 | 1.1147719305881765e-05,-3.1415411285706796e-06,5.784410728182365e-10 | -1.9923631100482453e-07,-1.6883613795926067e-07,-0.11718378961086273 | 0,0
3840 | 48.7339504994452 | 160.88490295410156,187.51901245117188,0.21207191050052643 | -6.168296540209894e-09,6.073503366899047e-10,-0.00034160836366936564 | 270.4 | -1.6130552467075177e-06,-1.9673436327138916e-05,1.8622802189227627e-09 | -1.0125789913217886e-06,-5.003712999496202e-07,0.21787694096565247 | 0,0
3850 | 48.86178109794855 | 160.88490295410156,187.51901245117188,0.21209795773029327 | 2.7081670239681443e-09,2.1899686231119375e-10,0.0002697318559512496 | 270.4 | 1.2610255453182617e-06,1.3701886928174645e-05,8.398906015116836e-10 | -1.9260664885223377e-07,1.2884634692511554e-08,0.00038335812860168517 | 0,0
3860 | 48.995600797235966 | 160.88490295410156,187.51901245117188,0.2120566964149475 | 2.1742556643999933e-09,-2.2922448383866367e-09,0.0008479577372781932 | 270.4 | 1.0281157756253378e-06,1.0956423466268461e-05,1.7070985736111766e-09 | -1.242009801671884e-07,1.24528480682784e-06,0.052901241928339005 | 0,0
3870 | 49.1214758977294 | 160.88490295410156,187.51901245117188,0.21211722493171692 | -1.4273114912199958e-09,-2.936717313772874e-09,-0.0005341406213119626 | 270.4 | 1.1604012797761243e-05,-9.973239684768487e-06,-1.7055962198142538e-09 | 2.74852538950654e-07,-2.3040688290620892e-07,-0.12471313029527664 | 0,0
3880 | 49.251513697206974 | 160.88490295410156,187.51901245117188,0.21206305921077728 | 7.284068903601337e-10,-1.1402345734268238e-09,-0.0014892587205395103 | 270.4 | -1.1474369330244372e-06,3.5666630537889432e-06,5.134494496239483e-10 | -3.870796660976339e-08,4.858732154389145e-07,-0.004831363912671804 | 0,0
3890 | 49.377100098878145 | 160.88490295410156,187.51901245117188,0.2121087908744812 | 1.3233704132531443e-09,-5.77126013645568e-10,0.0002634865522850305 | 270.4 | -1.1768695458158618e-06,6.636896159761818e-06,4.154497301733784e-10 | 6.370302507718861e-09,5.1835700176638966e-09,-0.052543479949235916 | 0,0
3900 | 49.50722609832883 | 160.88490295410156,187.51901245117188,0.21210895478725433 | 7.338347152163749e-10,6.690679565934943e-09,-0.000541458313819021 | 270.4 | 3.4007723570539383e-07,7.618648965035391e-07,-4.702501235631651e-11 | 2.3486285272156238e-07,7.2939371875691e-07,0.029751872643828392 | 0,0
3910 | 49.63444979861379 | 160.88490295410156,187.51901245117188,0.21205061674118042 | 1.4620828991951385e-09,2.0082079055239177e-10,8.239664020948112e-05 | 270.4 | -1.9859212940787074e-08,1.715377948130481e-06,-1.6427269544649903e-09 | 5.095209871797124e-07,4.580057999525877e-10,-0.06096963584423065 | 0,0
3920 | 49.76264359802008 | 160.88490295410156,187.51901245117188,0.21203936636447906 | 1.0533433014714433e-09,5.5160398471088e-10,0.0016404142370447516 | 270.4 | -8.771772854743176e-07,5.140868779562879e-06,-2.030820928089483e-10 | -3.689090632974512e-08,-4.7002632186377014e-07,0.26695647835731506 | 0,0
3930 | 49.890808299183846 | 160.88490295410156,187.51901245117188,0.21205687522888184 | 1.2309489538786522e-10,8.71115419381896e-12,8.647747017676011e-05 | 270.4 | -3.48832109864361e-08,4.831513251701836e-07,-1.122845219581059e-11 | 9.743454043587008e-09,6.895227722125696e-10,0.0068450383841991425 | 0,0
3940 | 50.0197809971869 | 160.88490295410156,187.51901245117188,0.21207541227340698 | 6.89061752101594e-10,1.183919073888262e-10,1.5170996448432561e-05 | 270.4 | -3.009225792993675e-07,3.3667868137854384e-06,9.353831598168938e-11 | 6.309356592737458e-09,-5.1120096600243414e-08,0.01200108416378498 | 0,0
3950 | 50.14418959990144 | 160.88490295410156,187.51901245117188,0.2121170312166214 | 1.1132211819031568e-09,-5.140107228740476e-10,0.000206597542273812 | 270.4 | -1.6168742149602622e-06,5.512302777788136e-06,3.072688770089371e-10 | 9.078207519053194e-09,-6.424072385158297e-09,-0.01867556758224964 | 0,0
3960 | 50.271554198116064 | 160.88490295410156,187.51901245117188,0.2120911031961441 | 1.6834077465333053e-09,6.21552187496377e-09,0.001042317831888795 | 270.4 | -1.4817757119089947e-06,5.419693479780108e-06,2.0414210599728477e-10 | 1.769878252844137e-07,8.390921379941574e-07,0.19506214559078217 | 0,0
3970 | 50.401151698082685 | 160.88490295410156,187.51901245117188,0.2122160643339157 | 1.2919084690921068e-09,-2.1914445369475288e-08,0.00043095825822092593 | 270.4 | 1.1331683708704077e-05,7.017661118879914e-06,-2.2451667192058267e-09 | -6.287158527129577e-08,-2.6122677354578627e-06,-0.003234694479033351 | 0,0
3980 | 50.532577097415924 | 160.88490295410156,187.51901245117188,0.21218860149383545 | 3.6874281406085174e-09,-5.080714182703616e-10,0.0017465869896113873 | 270.4 | -1.6127079334182781e-06,1.3074675734969787e-05,-9.43291111887845e-10 | 5.213676104176557e-07,5.764076327352541e-09,0.03189145028591156 | 0,0
3990 | 50.65798529982567 | 160.88490295410156,187.51901245117188,0.21219386160373688 | -5.84422510385707e-10,1.6055354823407697e-09,-0.001589638995938003 | 270.4 | -2.2246717890084255e-06,-8.583476301282644e-06,-3.2570146579757875e-09 | 4.6859625513206993e-07,-1.2141359775341698e-06,-0.11527158319950104 | 0,0
4000 | 50.78637569770217 | 160.88490295410156,187.51901245117188,0.21211734414100647 | -6.712120442786684e-11,-3.015992455779326e-10,0.0005097910179756582 | 270.4 | -6.648903649875137e-07,-4.091207870260405e-07,4.3480340855550637e-11 | 6.0785763089654665e-09,5.613735964971056e-08,0.02063192054629326 | 0,0
4010 | 50.9156483002007 | 160.88490295410156,187.51901245117188,0.21208369731903076 | -6.908599026189677e-09,6.430838084270363e-10,0.0014115954982116818 | 270.4 | -7.891514428592927e-07,-2.3661657905904576e-05,1.6280599091089698e-09 | -9.584325653122505e-07,-4.851953008255805e-07,0.13514137268066406 | 0,0
4020 | 51.04554259777069 | 160.88490295410156,187.51901245117188,0.21207961440086365 | 4.3511683145425195e-09,-6.002758290435395e-09,0.0005770916468463838 | 270.4 | -5.997424977977062e-06,1.3721618415729608e-05,-3.7240137640282e-09 | 6.616469363507349e-07,-2.104114173562266e-06,0.07796291261911392 | 0,0
4030 | 51.170808497816324 | 160.88490295410156,187.51901245117188,0.21208156645298004 | -1.179472519652336e-09,-7.73358183048245e-11,-0.0008278319146484137 | 270.4 | 3.614677268615196e-08,-2.755529351361474e-07,1.7073942260026342e-09 | -5.358155021895072e-07,-6.880322089841684e-09,0.053476348519325256 | 0,0
4040 | 51.29731319844723 | 160.88490295410156,187.51901245117188,0.21209727227687836 | -1.7361071469323974e-09,-5.335850650212137e-10,0.0016148355789482594 | 270.4 | -1.6181963928829646e-06,-3.2450059279653942e-06,1.560576778913969e-09 | -4.952810854774725e-07,-9.484465435249945e-10,0.14754608273506165 | 0,0
4050 | 51.42446829751134 | 160.88490295410156,187.51901245117188,0.21209853887557983 | -6.176084976772245e-09,3.8675834757029293e-10,0.00014012501924298704 | 270.4 | 3.593737289975252e-07,-2.557758125476539e-05,2.3728626702412825e-11 | -3.602789320211741e-07,-6.108418659778181e-08,0.02889147214591503 | 0,0
4060 | 51.55467079952359 | 160.88490295410156,187.51901245117188,0.21207386255264282 | -2.8370681359746186e-09,-2.915621355459308e-10,0.0019749475177377462 | 270.4 | -2.126843355654273e-06,-8.737069038033951e-06,1.112622105559069e-09 | -5.254126449472096e-07,-6.366888527509218e-08,-0.0009925203630700707 | 0,0
4070 | 51.68166349828243 | 160.88490295410156,187.51901245117188,0.21202266216278076 | 3.677159132742247e-10,-4.0402273193684834e-10,-9.971304825739935e-05 | 270.4 | -1.1894118188138236e-06,1.7621852066440624e-06,6.751564585183445e-11 | 7.248239786150634e-09,-1.0972330599656743e-08,-0.014827974140644073 | 0,0
4080 | 51.80733849853277 | 160.88490295410156,187.51901245117188,0.212049663066864 | 1.0425547092296483e-09,-6.986759504279405e-10,0.00039668899262323976 | 270.4 | -2.182443267884082e-06,5.2025020522705745e-06,2.7608937358536423e-10 | 6.2035865333598394e-09,-2.097059059735784e-08,-0.07340793311595917 | 0,0
4090 | 51.93896909803152 | 160.88490295410156,187.51901245117188,0.21205589175224304 | 1.6335423014268713e-09,6.5761343037706865e-09,0.0005990242352709174 | 270.4 | -2.7921466880798107e-06,5.284704002406215e-06,-1.954685996397032e-10 | 1.6373806488445553e-07,2.433301915516495e-07,-0.03232720494270325 | 0,0
4100 | 52.06200749799609 | 160.88490295410156,187.51901245117188,0.2120666801929474 | 3.38785388631635e-10,-2.354553774175372e-10,0.00025727920001372695 | 270.4 | -1.0919030728473444e-06,1.6165774923138088e-06,7.034959420559872e-11 | 7.061852880241304e-09,1.314127140439325e-09,-0.022242605686187744 | 0,0
4110 | 52.185165997594595 | 160.88490295410156,187.51901245117188,0.2120881974697113 | 7.972948967704951e-10,-6.662023155357133e-10,-2.541226967878174e-05 | 270.4 | -1.8672873238756438e-06,4.032240667584119e-06,1.5967657751581044e-10 | 3.8793757095589854e-10,-5.1839705861311813e-08,-0.03661954030394554 | 0,0
4120 | 52.31521339714527 | 160.88490295410156,187.51901245117188,0.21204528212547302 | -3.912900670144381e-09,-1.2494525414297186e-09,-0.001987967174500227 | 270.4 | -3.0207693271222524e-06,-1.3962460798211396e-05,8.204052437399412e-10 | -3.78139532131172e-07,-1.97392431289245e-08,-0.2548128366470337 | 0,0
4130 | 52.444622699171305 | 160.88490295410156,187.51901245117188,0.21205657720565796 | 1.9329182698868408e-09,-3.897877132175154e-09,0.00037017103750258684 | 270.4 | -1.1513004210428335e-05,9.90972330328077e-06,7.271944851838796e-11 | -4.156756006068463e-08,-4.505763229190052e-07,-0.02545928582549095 | 0,0
4140 | 52.574948597699404 | 160.88490295410156,187.51901245117188,0.21202193200588226 | -2.6566717714615606e-09,5.935307356708108e-09,0.0009042370948009193 | 270.4 | -7.679860573261976e-06,-1.0641058906912804e-05,-1.1677962763467775e-10 | -2.0738805517339642e-07,-5.477343165694037e-07,-0.034144796431064606 | 0,0
4150 | 52.70045519992709 | 160.88490295410156,187.51901245117188,0.21208781003952026 | 2.095338125229773e-09,6.311271061321122e-09,0.0012840484268963337 | 270.4 | -2.3676609544054372e-06,7.659503353352193e-06,-1.2232122259536737e-10 | 2.109591576981984e-07,2.663711029526894e-07,0.09968151897192001 | 0,0
4160 | 52.831536296755075 | 160.88490295410156,187.51901245117188,0.21206171810626984 | -1.8791213377000737e-11,4.5293650774436145e-11,0.0007609983440488577 | 270.4 | -1.8098803877819591e-07,-7.38078114181917e-08,5.919321890285323e-12 | -1.420950468400406e-09,3.4250067226793135e-09,0.05754503235220909 | 0,0
4170 | 52.96361289918423 | 160.88490295410156,187.51901245117188,0.21203505992889404 | 5.300774930105945e-09,-1.9979255583280064e-08,0.00010918164480244741 | 270.4 | -2.421307726763189e-06,1.8487166016711853e-05,-3.646857926753455e-09 | 5.319232627698511e-07,-1.8376315438217716e-06,-0.09680122882127762 | 0,0
4180 | 53.0865994989872 | 160.88490295410156,187.51901245117188,0.21208949387073517 | -6.833346111179139e-10,6.024177268137976e-10,0.0011821502121165395 | 270.4 | 4.3822259954140463e-07,-3.5012594707950484e-06,-5.458866136898166e-10 | -4.768576089553278e-10,-1.821486677044959e-07,-0.03885000944137573 | 0,0
4190 | 53.21131789684296 | 160.88490295410156,187.51901245117188,0.21212096512317657 | -7.115066757990007e-09,1.6214407204048764e-12,0.0006577572785317898 | 270.4 | -1.0485669008630794e-06,-2.453208071528934e-05,2.1004253891732105e-09 | -7.643158141945605e-07,1.9598693778988263e-09,-0.023801598697900772 | 0,0
4200 | 53.33608079701662 | 160.88490295410156,187.51901245117188,0.21211379766464233 | -5.0979882537660615e-09,-1.5750911686041036e-10,0.001521318918094039 | 270.4 | -5.221546075517836e-07,-2.0252638933015987e-05,5.054073826116223e-10 | -4.2065806837854325e-07,7.699504145364244e-09,0.15501952171325684 | 0,0
4210 | 53.465708296746016 | 160.88490295410156,187.51901245117188,0.2120354026556015 | 4.1823627894288506e-10,-5.142766212884453e-10,-0.004629867617040873 | 270.4 | -2.1618195660266792e-06,2.0816792130062822e-06,1.2974447904934294e-10 | 3.742105736392887e-09,9.505342291049601e-09,-0.4708176255226135 | 0,0
4220 | 53.59074899926782 | 160.88490295410156,187.51901245117188,0.21209616959095 | -1.7471398772173075e-09,-4.072751913497541e-09,0.001621547038666904 | 270.4 | 8.980474376585335e-06,-5.992957085254602e-06,2.4297291956187905e-10 | -2.1345510958781233e-07,-2.572457447058696e-07,0.20584917068481445 | 0,0
4230 | 53.71599489822984 | 160.88490295410156,187.51901245117188,0.2121182233095169 | 2.8814539643207127e-10,-9.298741776575525e-10,0.0013461781200021505 | 270.4 | -7.719555128460343e-07,1.325637867921614e-06,4.878628612203784e-10 | -3.5805800990829084e-08,4.680556457969942e-07,0.12873795628547668 | 0,0
4240 | 53.8413142003119 | 160.88490295410156,187.51901245117188,0.21209751069545746 | 1.3907444085248244e-09,-6.8820589227414075e-09,-6.318250962067395e-05 | 270.4 | -7.94410482285457e-07,4.1984126255556475e-06,-1.5173559075876142e-09 | 2.717386564654589e-07,-9.169978625322983e-07,-0.15425769984722137 | 0,0
4250 | 53.967849899083376 | 160.88490295410156,187.51901245117188,0.2120949923992157 | 2.35324937314374e-09,-3.450264796089897e-10,0.00010950630530714989 | 270.4 | -1.1039796845579986e-06,6.237116394913755e-06,-1.4728657182772054e-09 | 5.106913363306376e-07,-7.65973950933585e-08,-0.05692925676703453 | 0,0
4260 | 54.09482869878411 | 160.88490295410156,187.51901245117188,0.21206367015838623 | 3.0761682090485465e-09,-3.914773838431529e-09,-0.00019632767362054437 | 270.4 | -1.2140297258156352e-05,9.949209925252944e-06,-1.7099072158188733e-09 | 4.6893364924471825e-07,-5.807332854601555e-07,0.03923410922288895 | 0,0
4270 | 54.22187449783087 | 160.88490295410156,187.51901245117188,0.2120307832956314 | -4.966483668766841e-09,7.308102567549213e-09,-0.001115590799599886 | 270.4 | 2.5489760446362197e-05,-1.9532206351868808e-05,1.8480608154902711e-09 | -3.711656404448149e-07,1.5825942227820633e-06,-0.0965627133846283 | 0,0
4280 | 54.34617579728365 | 160.88490295410156,187.51901245117188,0.21208690106868744 | 4.606695858111465e-10,-6.155941978391866e-09,0.0016405944479629397 | 270.4 | 3.492269570415374e-06,-3.2979079378492315e-07,-1.384198422549332e-09 | 2.7592417950472736e-07,-3.203359710823861e-07,0.0428895466029644 | 0,0
4290 | 54.47241299971938 | 160.88490295410156,187.51901245117188,0.21207374334335327 | -2.3758588429956262e-09,1.6543083347642096e-08,4.231874117976986e-05 | 270.4 | -7.227533842524281e-06,-9.529260751151014e-06,2.1537944761007566e-09 | -2.2723524750745128e-07,1.999342202907428e-06,0.032926954329013824 | 0,0
4300 | 54.596893798559904 | 160.88490295410156,187.51901245117188,0.21212264895439148 | 2.0893864416393626e-10,-1.422889167601582e-10,0.0015801851404830813 | 270.4 | 1.2341541832938674e-07,1.0113081998497364e-06,1.9757636499084796e-11 | 2.4399284814791145e-09,-1.430516860523312e-08,0.015335330739617348 | 0,0
4310 | 54.72068499773741 | 160.88490295410156,187.51901245117188,0.21212734282016754 | 8.122587602521492e-10,-2.807040155872187e-10,0.000906152359675616 | 270.4 | -6.14287728240015e-07,4.025095677206991e-06,2.131206322530943e-10 | 4.254321783747628e-09,-1.3693505884759816e-08,0.006595338694751263 | 0,0
4320 | 54.84713699668646 | 160.88490295410156,187.51901245117188,0.21210002899169922 | 1.1154235313171057e-09,-6.636195482023766e-10,-0.0007388393278233707 | 270.4 | -1.6883373064047191e-06,5.488162059918977e-06,2.502002216520083e-10 | -8.25636305989974e-08,-1.1765113328010557e-08,-0.12651807069778442 | 0,0
4330 | 54.97387709841132 | 160.883544921875,187.51901245117188,0.2120538353919983 | -0.022766727954149246,1.9321621948620304e-05,0.000770638114772737 | 270.4 | -0.00015280937077477574,0.00561055913567543,0.00024303366080857813 | 0.6274585723876953,-0.023361489176750183,0.09128875285387039 | 0,0
4340 | 55.10180629789829 | 160.8625946044922,187.51918029785156,0.2119968682527542 | -0.33899155259132385,0.0027044713497161865,0.0009564098436385393 | 270.4 | 0.0015216089086607099,0.08711618930101395,0.16403433680534363 | -4.131744861602783,-0.028104711323976517,0.13211333751678467 | 0,0
4350 | 55.225423999130726 | 160.79525756835938,187.5198974609375,0.2119353860616684 | -0.7646255493164062,0.004695422016084194,-0.00037213353789411485 | 270.4 | 0.00042408588342368603,0.11302441358566284,-0.0295352041721344 | -6.369485855102539,0.042622972279787064,-0.10390353947877884 | 0,0
4360 | 55.35272979736328 | 160.65744018554688,187.52059936523438,0.21177852153778076 | -1.3299274444580078,0.008070781826972961,0.001411311561241746 | 270.3 | 0.0012568123638629913,0.10190919041633606,-0.04348810389637947 | -4.215372085571289,0.034852974116802216,0.15760262310504913 | 0,0
4370 | 55.477774400264025 | 160.45802307128906,187.5215606689453,0.21171484887599945 | -1.7996042966842651,0.011022909544408321,-7.895428279880434e-05 | 270.4 | 0.0006556800217367709,0.04647151380777359,-0.21502406895160675 | -3.45756196975708,0.05369345471262932,-0.04796646907925606 | 0,0
4380 | 55.60633299872279 | 160.19664001464844,187.52291870117188,0.21167071163654327 | -2.197160243988037,0.014409573748707771,-0.00014637003187090158 | 270.4 | 0.00048015176435001194,-0.001544527243822813,-0.2568691670894623 | -3.244288682937622,0.0580035038292408,-0.16760866343975067 | 0,0
4390 | 55.73134030029178 | 159.90269470214844,187.52456665039062,0.21173495054244995 | -2.544295072555542,0.016943717375397682,-0.00014517879753839225 | 270.4 | -0.0007045407546684146,-0.018629763275384903,-0.26696059107780457 | -2.5265893936157227,-0.03166181966662407,-0.09714599698781967 | 0,0
4400 | 55.8675290979445 | 159.5259552001953,187.52685546875,0.21172088384628296 | -2.9119622707366943,0.020077161490917206,0.0013222278794273734 | 270.4 | -0.0010980324586853385,-0.021657347679138184,-0.2701760530471802 | -2.2212960720062256,-0.013476848602294922,-0.02791302464902401 | 0,0
4410 | 55.99491519853473 | 159.16127014160156,187.52919006347656,0.21182601153850555 | -2.6638436317443848,0.019507844001054764,-0.0011376074980944395 | 270.4 | -0.00287414388731122,-0.19814199209213257,-0.23177941143512726 | 6.055278301239014,-0.08161621540784836,-0.05701455846428871 | 0,0
4420 | 56.11891319975257 | 158.8790283203125,187.5311737060547,0.21214976906776428 | -2.0499300956726074,0.01581374742090702,0.0008436155621893704 | 270.4 | -0.0026113921776413918,-0.19854708015918732,-0.1701597422361374 | 0.7353273630142212,0.0034377514384686947,-0.013144748285412788 | 0,0
4430 | 56.24525040015578 | 158.61546325683594,187.53298950195312,0.21221405267715454 | -2.196984052658081,0.016971608623862267,0.0009588926914148033 | 270.4 | 4.8678150051273406e-05,0.029658367857336998,-0.1608898788690567 | -1.838734745979309,0.03691647946834564,0.10862825065851212 | 0,0
4440 | 56.36993149667978 | 158.3192596435547,187.53515625,0.21211989223957062 | -2.4909563064575195,0.01944722793996334,0.0004169338499195874 | 270.4 | 0.0003761605767067522,0.1033741757273674,-0.16395892202854156 | -2.6323773860931396,-0.021513327956199646,0.047452397644519806 | 0,0
4450 | 56.49858469888568 | 157.985107421875,187.53765869140625,0.21197272837162018 | -2.8133037090301514,0.022596115246415138,-0.0014900455716997385 | 270.5 | 0.0009853645460680127,0.09520114213228226,-0.1701633781194687 | -2.371082067489624,0.0436660535633564,-0.014823219738900661 | 0,0
4460 | 56.62123739719391 | 157.61927795410156,187.5404510498047,0.2119482308626175 | -2.8678317070007324,0.0237681046128273,0.00034651331952773035 | 270.5 | -0.00022353946405928582,-0.03386487811803818,-0.1612883359193802 | 3.173790216445923,-0.005382611881941557,-0.043936554342508316 | 0,0
4470 | 56.74573479965329 | 157.2930145263672,187.5430450439453,0.21208342909812927 | -2.5169432163238525,0.02087239921092987,0.0007887291139923036 | 270.5 | -0.0017353169387206435,-0.10259481519460678,-0.11990180611610413 | 0.33206966519355774,-0.03393033519387245,0.11945377290248871 | 0,0
4480 | 56.87378699705005 | 156.96414184570312,187.54563903808594,0.21208587288856506 | -2.654599189758301,0.022352878004312515,-0.0004427047970239073 | 270.5 | 0.0001944527612067759,0.023002738133072853,-0.11468571424484253 | -1.9558535814285278,0.033742792904376984,-0.0860472321510315 | 0,0
4490 | 56.999535497277975 | 156.62020874023438,187.54844665527344,0.21204890310764313 | -2.923718214035034,0.02452961914241314,0.0011335205053910613 | 270.5 | 0.0002641253813635558,0.07258608192205429,-0.10480380803346634 | -1.8250818252563477,-0.001493974938057363,0.060128871351480484 | 0,0
4500 | 57.12146409973502 | 156.23193359375,187.5516357421875,0.21197539567947388 | -3.2319107055664062,0.027647465467453003,0.0007433585124090314 | 270.5 | 0.0005860361852683127,0.06938710063695908,-0.10714659839868546 | -2.580989122390747,0.037398405373096466,-0.026760172098875046 | 0,0
4510 | 57.245986100286245 | 155.80886840820312,187.5551300048828,0.21189311146736145 | -3.5426509380340576,0.030423099175095558,-0.0014878937508910894 | 270.5 | 0.00026569602778181434,0.04895665869116783,-0.09785580635070801 | -2.8910083770751953,0.0033605180215090513,-0.17296046018600464 | 0,0
4520 | 57.37088309973478 | 155.34786987304688,187.55897521972656,0.2118590921163559 | -3.849886417388916,0.0330997109413147,0.0006666152621619403 | 270.5 | 9.557793418935034e-06,0.028196854516863823,-0.08407221734523773 | -2.3578712940216064,0.015187251381576061,-0.043628428131341934 | 0,0
4530 | 57.50296079739928 | 154.8285369873047,187.5634002685547,0.2117817997932434 | -4.158973217010498,0.03613319993019104,-0.0015640364727005363 | 270.5 | 0.0001457701437175274,0.011831378564238548,-0.07763548195362091 | -2.1410346031188965,0.02909812703728676,-0.14015959203243256 | 0,0
4540 | 57.62520049884915 | 154.28599548339844,187.5680694580078,0.21182891726493835 | -4.432910442352295,0.03867873549461365,0.00017221215239260346 | 270.5 | -0.00011517025268403813,-0.0036743413656949997,-0.06636841595172882 | -2.0709009170532227,0.02604006789624691,-0.10585875809192657 | 0,0
4550 | 57.75436059758067 | 153.69845581054688,187.57310485839844,0.211790531873703 | -4.635341644287109,0.04021551460027695,0.0011491224868223071 | 270.5 | -0.0005737341125495732,-0.026758993044495583,-0.04454054310917854 | -1.281657099723816,0.0008463994017802179,0.41215917468070984 | 0,0
4560 | 57.88173159956932 | 153.0985870361328,187.57823181152344,0.2118731588125229 | -4.745625972747803,0.04108819738030434,0.0003145489899907261 | 270.5 | -0.0005852995673194528,-0.045575886964797974,-0.028937462717294693 | -0.6272513270378113,0.008168080821633339,-0.07114996016025543 | 0,0
4570 | 58.00969269871712 | 152.49717712402344,187.58338928222656,0.21191436052322388 | -4.78568172454834,0.04131017625331879,-0.0032573610078543425 | 270.5 | -0.0005672878469340503,-0.052319180220365524,-0.016781369224190712 | -0.15569345653057098,0.004539449233561754,-0.2734798192977905 | 0,0
4580 | 58.13375499844551 | 151.89181518554688,187.588623046875,0.21199461817741394 | -4.786779403686523,0.041123151779174805,0.001447032787837088 | 270.5 | -0.0005178204737603664,-0.04546613246202469,-0.006578065454959869 | 0.06803511083126068,0.0010913035366684198,0.18300126492977142 | 0,0
4590 | 58.26256909966469 | 151.29299926757812,187.59378051757812,0.21204203367233276 | -4.774750709533691,0.04094657674431801,0.0005575072718784213 | 270.5 | -0.00030021299608051777,-0.03249622881412506,-0.0023709535598754883 | 0.08536487072706223,-0.0016963337548077106,-0.030297130346298218 | 0,0
4600 | 58.38880719989538 | 150.67723083496094,187.59906005859375,0.21205493807792664 | -4.7640228271484375,0.040854327380657196,-0.00024065715842880309 | 270.5 | -0.00013904496154282242,-0.018219513818621635,-0.0014465877320617437 | 0.0649489238858223,-0.0004127256397623569,-0.06353887915611267 | 0,0
4610 | 58.51967419683933 | 150.05552673339844,187.60438537597656,0.21202395856380463 | -4.760653495788574,0.04072173684835434,-0.0006964399362914264 | 270.5 | -9.908745414577425e-05,-0.007185779511928558,0.0015507610514760017 | -0.001570842694491148,-0.002502917079254985,0.10316561162471771 | 0,0
4620 | 58.64801310002804 | 149.4478759765625,187.60958862304688,0.21206195652484894 | -4.764267921447754,0.04050535708665848,-0.0016443902859464288 | 270.5 | -0.00012445509491954,-0.0008181096636690199,0.007691402919590473 | -0.05101287364959717,-0.002873349469155073,-0.21575753390789032 | 0,0
4630 | 58.77645689994097 | 148.83363342285156,187.61480712890625,0.2120809108018875 | -4.772433757781982,0.04008817672729492,0.001636458095163107 | 270.5 | -0.0002856450737453997,0.0018967401701956987,0.018371647223830223 | -0.068882517516613,-0.005798382218927145,0.04821573942899704 | 0,0
4640 | 58.90514129772782 | 148.21875,187.61997985839844,0.21207980811595917 | -4.78295373916626,0.039475250989198685,0.0019239146495237947 | 270.5 | -0.00035187191679142416,0.002412966685369611,0.03214910626411438 | -0.07822944223880768,-0.0062138838693499565,0.2409820854663849 | 0,0
4650 | 59.03371210023761 | 147.59898376464844,187.62506103515625,0.2120690941810608 | -4.794119834899902,0.038730014115571976,0.001091090845875442 | 270.5 | -0.00034590117866173387,0.0018335317727178335,0.04607038199901581 | -0.08879093080759048,-0.006259087938815355,-0.016478532925248146 | 0,0
4660 | 59.160241696983576 | 146.9938507080078,187.6299591064453,0.21204593777656555 | -4.804568290710449,0.037635937333106995,-0.004073123913258314 | 270.4 | -0.0004022828070446849,0.0010175612987950444,0.06498941034078598 | -0.10231292247772217,-0.008351046591997147,-0.39601239562034607 | 0,0
4670 | 59.28702859953046 | 146.3817901611328,187.6347198486328,0.2120727151632309 | -4.814543724060059,0.03630688041448593,0.0007720767753198743 | 270.4 | -0.000461735762655735,0.0003593722067307681,0.08460831642150879 | -0.07998400181531906,-0.009197100065648556,-0.02061184123158455 | 0,0
4680 | 59.413617096841335 | 145.77227783203125,187.6393280029297,0.21208015084266663 | -4.8240065574646,0.03463577851653099,0.0003445484035182744 | 270.4 | -0.00046229740837588906,-2.5124284093180904e-06,0.10762127488851547 | -0.07826153934001923,-0.00966483261436224,0.06943076103925705 | 0,0
4690 | 59.545922700315714 | 145.1371307373047,187.64390563964844,0.21202591061592102 | -4.833732604980469,0.03274298831820488,0.0023505378048866987 | 270.4 | -0.00046101826592348516,-9.173355647362769e-05,0.12870435416698456 | -0.06639696657657623,-0.021105138584971428,0.25993579626083374 | 0,0
4700 | 59.67136649787426 | 144.5298614501953,187.64804077148438,0.21207775175571442 | -4.84262752532959,0.030551139265298843,-0.00046466494677588344 | 270.4 | -0.0006022804882377386,-0.00018120209279004484,0.15320506691932678 | -0.07226134836673737,-0.02359314076602459,0.0035790647380053997 | 0,0
4710 | 59.795432299375534 | 143.9271697998047,187.65185546875,0.21210528910160065 | -4.85120964050293,0.028270496055483818,0.0010609825840219855 | 270.3 | -0.0005292177083902061,-0.00019376326235942543,0.1739373803138733 | -0.06538578122854233,-0.02806457132101059,0.01700710691511631 | 0,0
4720 | 59.922332998365164 | 143.3137969970703,187.65548706054688,0.21208949387073517 | -4.859803199768066,0.025995992124080658,-0.0003905178455170244 | 270.3 | -0.00018380577967036515,-0.00017160610877908766,0.18809692561626434 | -0.06708531081676483,-0.012707126326858997,-0.0762418806552887 | 0,0
4730 | 60.04877819865942 | 142.6952362060547,187.65884399414062,0.21207736432552338 | -4.868311882019043,0.023141494020819664,0.0002063303254544735 | 270.3 | -0.0005176440463401377,-0.00011923544661840424,0.2108178734779358 | -0.06835626810789108,-0.031278613954782486,-0.11651599407196045 | 0,0
4740 | 60.174511298537254 | 142.08203125,187.6617889404297,0.21207919716835022 | -4.876616477966309,0.020320860669016838,-0.0003719900851137936 | 270.2 | -0.00046982394997030497,-0.00012219318887218833,0.22801697254180908 | -0.0699567049741745,-0.03022949956357479,-0.01996961236000061 | 0,0
4750 | 60.299305599182844 | 141.4737548828125,187.66436767578125,0.21209083497524261 | -4.884665012359619,0.017779573798179626,7.878281030571088e-05 | 270.2 | 8.743513899389654e-05,-0.0001144337365985848,0.23418830335140228 | -0.06493037194013596,-0.010515349917113781,0.011639053001999855 | 0,0
4760 | 60.42595610022545 | 140.85169982910156,187.6666717529297,0.21206405758857727 | -4.892821788787842,0.014457794837653637,-0.0007643452263437212 | 270.2 | -0.0005975546664558351,-8.467785664834082e-05,0.25437361001968384 | -0.07295110076665878,-0.04160837456583977,-0.14265964925289154 | 0,0
4770 | 60.557435899972916 | 140.2079620361328,187.66873168945312,0.21200408041477203 | -4.901157379150391,0.011780764907598495,0.0010211896151304245 | 270.1 | -0.0003491966926958412,-7.138838554965332e-05,0.2530675530433655 | -0.06796682626008987,-0.049146655946969986,0.046643562614917755 | 0,0
4780 | 60.68012920022011 | 139.60601806640625,187.67030334472656,0.21210524439811707 | -4.9087724685668945,0.009444844909012318,0.0007431672420352697 | 270.1 | 0.000553595891688019,-7.333225221373141e-05,0.24784356355667114 | -0.06342730671167374,-0.0031181108206510544,-0.035019733011722565 | 0,0
4790 | 60.80591109767556 | 138.99256896972656,187.6715545654297,0.212102010846138 | -4.916691780090332,0.006524952594190836,0.0007552682654932141 | 270.1 | 0.0002651543472893536,-1.3910811276218737e-06,0.2530406713485718 | -0.06162524223327637,-0.007661908399313688,0.04894546419382095 | 0,0
4800 | 60.93553080037236 | 138.35525512695312,187.6725311279297,0.212050661444664 | -4.925357341766357,0.0033620947506278753,0.0015725101111456752 | 270.0 | -0.00011293630814179778,0.0001254019298357889,0.26105862855911255 | -0.06317666918039322,-0.03080272115767002,0.16275092959403992 | 0,0
4810 | 61.06783849745989 | 137.69822692871094,187.6731414794922,0.21202322840690613 | -4.934462070465088,0.0008336040191352367,0.0012161366175860167 | 270.0 | -0.0001353955449303612,0.00015605073713231832,0.25022464990615845 | -0.07283814251422882,-0.0501047782599926,0.027225639671087265 | 0,0
4820 | 61.19374669715762 | 137.07867431640625,187.67335510253906,0.21208198368549347 | -4.943180561065674,-0.001678796368651092,0.0006445380277000368 | 270.0 | -6.803589349146932e-05,0.0001525795814814046,0.24727095663547516 | -0.07098332047462463,-0.02543490193784237,0.09334243088960648 | 0,0
4830 | 61.320301197469234 | 136.45416259765625,187.67323303222656,0.21209418773651123 | -4.952445030212402,-0.00385677395388484,-0.0006100338650867343 | 270.0 | 4.603809065883979e-05,0.00025271769845858216,0.23308856785297394 | -0.07851522415876389,-0.04111549258232117,-0.17105692625045776 | 0,0
4840 | 61.445344898849726 | 135.82920837402344,187.6728515625,0.21209900081157684 | -4.962471961975098,-0.006216602399945259,0.001250952249392867 | 269.9 | -0.0002835339691955596,0.0003849661734420806,0.22859260439872742 | -0.08272107690572739,-0.02527127042412758,0.02324899099767208 | 0,0
4850 | 61.57812129706144 | 135.17257690429688,187.6721649169922,0.21202468872070312 | -4.973694801330566,-0.008200811222195625,0.001652557053603232 | 269.9 | -4.43132666987367e-05,0.00046314054634422064,0.2139062136411667 | -0.08571020513772964,-0.043255191296339035,0.03613042086362839 | 0,0
4860 | 61.7046700976789 | 134.546142578125,187.67124938964844,0.21208834648132324 | -4.9846577644348145,-0.009920665062963963,0.0016107145929709077 | 269.9 | 0.0004480299830902368,0.00038768743979744613,0.19873826205730438 | -0.07759437710046768,-0.0274222232401371,0.15155065059661865 | 0,0
4870 | 61.83111209794879 | 133.91159057617188,187.6700897216797,0.21208392083644867 | -4.995574951171875,-0.011196102946996689,5.37709092895966e-05 | 269.9 | 0.0006681234808638692,0.0002056190714938566,0.17340075969696045 | -0.08750133216381073,0.00679184403270483,-0.1207144558429718 | 0,0
4880 | 61.95866259932518 | 133.28346252441406,187.6687469482422,0.21243411302566528 | -5.0059990882873535,-0.010439763776957989,0.004110367968678474 | 269.9 | 0.004534056875854731,5.95365600020159e-06,0.10831398516893387 | -0.06903351098299026,0.15271861851215363,-0.06322226673364639 | 0,0
4890 | 62.08928319811821 | 132.61973571777344,187.6673583984375,0.21258997917175293 | -5.016470909118652,-0.01155233196914196,-0.0001937712513608858 | 269.9 | 0.0004940041690133512,-0.0001699139247648418,0.0670597031712532 | -0.08278355002403259,-0.00853221770375967,-0.012966685928404331 | 0,0
4900 | 62.2135397978127 | 131.99542236328125,187.6659393310547,0.21251903474330902 | -5.024318218231201,-0.012433266267180443,-0.0006880558794364333 | 269.9 | -0.00010692353680497035,-0.0008274803985841572,-0.21594776213169098 | -0.05828524008393288,-0.009001671336591244,-0.0009096090216189623 | 0,0
4910 | 62.34281599894166 | 131.350830078125,187.66436767578125,0.212447389960289 | -5.002795219421387,-0.013415323570370674,-0.0005099424161016941 | 269.8 | -0.00042369094444438815,-0.00875805038958788,-0.7701020836830139 | 0.20066843926906586,-0.019229110330343246,0.0019123278325423598 | 0,0
4920 | 62.46860430017114 | 130.7187042236328,187.66270446777344,0.21237686276435852 | -5.028608322143555,-0.013523009605705738,0.00017068687884602696 | 269.8 | 0.0007059918716549873,0.0070177773013710976,0.21731692552566528 | -0.28139007091522217,-0.002940688980743289,-0.004646769259124994 | 0,0
4930 | 62.59900629892945 | 130.0586395263672,187.6610107421875,0.21237033605575562 | -5.027263164520264,-0.014145946130156517,-9.650043648434803e-05 | 269.8 | 6.768446473870426e-05,-0.003212121082469821,0.795666515827179 | 0.0826171338558197,0.0014250094536691904,-0.0005275728181004524 | 0,0
4940 | 62.72468379884958 | 129.43020629882812,187.65928649902344,0.21236038208007812 | -5.028436660766602,-0.014951963908970356,-9.940755262505263e-05 | 269.8 | 7.090818144206423e-06,-0.000565428112167865,0.7963055372238159 | -0.194008931517601,0.00903594121336937,-0.00013033200229983777 | 0,0
4950 | 62.853646498173475 | 128.7841796875,187.65737915039062,0.21235248446464539 | -5.026778221130371,-0.015706807374954224,-6.418378325179219e-05 | 269.8 | 0.00021678982011508197,0.000803514092694968,0.797146737575531 | -0.2123163640499115,0.011323615908622742,0.00025779675343073905 | 0,0
4960 | 62.98036029934883 | 128.14488220214844,187.65538024902344,0.2123434841632843 | -5.044880390167236,-0.015881787985563278,-3.450881195021793e-05 | 269.8 | 0.0005561321740970016,0.006181790959089994,0.822725772857666 | -0.3205355107784271,0.009596379473805428,0.00034275653888471425 | 0,0
4970 | 63.107133597135544 | 127.50589752197266,187.65335083007812,0.21233603358268738 | -5.060253620147705,-0.016406401991844177,-1.9023616914637387e-05 | 269.8 | 0.0001872486318461597,0.005410593934357166,0.6392635107040405 | -0.23380647599697113,0.013776923529803753,0.00010875376028707251 | 0,0
4980 | 63.23528189957142 | 126.85636138916016,187.6512908935547,0.21232832968235016 | -5.0817108154296875,-0.016634134575724602,-9.897864401864354e-06 | 269.8 | 0.00029044647817499936,0.0021620960906147957,0.9672977328300476 | 0.09118566662073135,0.015310346148908138,0.00016662101552356035 | 0,0
4990 | 63.36250689998269 | 126.20394897460938,187.649169921875,0.21232955157756805 | -5.085536479949951,-0.016908057034015656,-4.491246727411635e-06 | 269.8 | 0.00021201356139499694,-0.0010587699944153428,0.798218309879303 | -0.13662849366664886,0.016099553555250168,7.234443910419941e-05 | 0,0
5000 | 63.488497499376535 | 125.56893920898438,187.64707946777344,0.21232840418815613 | -5.105438232421875,-0.01727321743965149,-2.8225233563716756e-06 | 269.8 | 9.96044254861772e-05,0.0021484079770743847,0.7066376805305481 | -0.1627872735261917,0.009501036256551743,-3.240955265937373e-05 | 0,0
5010 | 63.61827899888158 | 124.89750671386719,187.6448211669922,0.2123326063156128 | -5.098540306091309,-0.017872098833322525,-1.6115225207613548e-06 | 269.8 | -5.333441004040651e-05,-0.0028295095544308424,0.632512092590332 | -0.20245681703090668,0.0035581544507294893,-4.2034429498016834e-05 | 0,0
5020 | 63.74325359985232 | 124.26839447021484,187.6426544189453,0.21232974529266357 | -5.125373363494873,-0.018199805170297623,-2.6699717636802234e-07 | 269.8 | 0.0001491633738623932,0.00371648115105927,0.5807999968528748 | -0.17605213820934296,0.00863461010158062,9.807311289478093e-05 | 0,0
5030 | 63.86952259764075 | 123.62015533447266,187.640380859375,0.21232832968235016 | -5.135553359985352,-0.018142394721508026,-1.12519774120301e-06 | 269.8 | 0.0002941115526482463,8.507899474352598e-05,0.6674267053604126 | -0.09906753152608871,0.009113620966672897,-6.330339965643361e-05 | 0,0
5040 | 64.0053387992084 | 122.9172134399414,187.6378631591797,0.21233443915843964 | -5.114255428314209,-0.017718926072120667,-1.3063713595329318e-06 | 269.8 | 0.0005265975487418473,-0.010709291324019432,1.0350433588027954 | 0.48768332600593567,0.013101539574563503,-2.309553437385148e-09 | 0,0
5050 | 64.13337099924684 | 122.25699615478516,187.6355438232422,0.21233074367046356 | -5.161798000335693,-0.017680205404758453,-1.6496612715855008e-06 | 269.8 | -5.816351040266454e-05,0.00872879009693861,-0.3380453586578369 | -0.28014183044433594,-0.011005333624780178,2.8766351533704437e-05 | 0,0
5060 | 64.26280719786882 | 121.5925064086914,187.63330078125,0.212326318025589 | -5.169651508331299,-0.017876364290714264,-8.105150186565879e-07 | 269.8 | -0.0004444963997229934,-0.0018804209539666772,-0.8462660312652588 | 0.13713517785072327,-0.02281755954027176,-2.4383189156651497e-05 | 0,0
5070 | 64.38864599913359 | 120.94036102294922,187.6310577392578,0.21233299374580383 | -5.159855842590332,-0.01795356720685959,-1.2587019000420696e-06 | 269.8 | -0.0002583920431789011,-0.004482873249799013,-0.5604514479637146 | -0.10290447622537613,-0.01349499449133873,-6.761392432963476e-05 | 0,0
5080 | 64.5150814987719 | 120.28931427001953,187.62879943847656,0.21233470737934113 | -5.168644428253174,-0.018106693401932716,-6.674878818557772e-07 | 269.8 | -0.0001784244377631694,-0.0006983487983234227,-0.7516275644302368 | 0.06613706797361374,-0.015579025261104107,-2.0004454199806787e-05 | 0,0
5090 | 64.64703889936209 | 119.60684204101562,187.62649536132812,0.21233069896697998 | -5.193978786468506,-0.018377630040049553,-4.0048905702860793e-07 | 269.8 | -4.339294719102327e-06,0.004138197284191847,0.5562070608139038 | -0.11931274831295013,0.009184913709759712,8.427270950051025e-05 | 0,0
5100 | 64.771843098104 | 118.95337677001953,187.62416076660156,0.21233204007148743 | -5.1899285316467285,-0.018309755250811577,-5.53064410269144e-07 | 269.8 | 0.0002975591050926596,-0.0024233635049313307,0.6132129430770874 | 0.01955634169280529,0.014124631881713867,-2.8816613848903216e-05 | 0,0
5110 | 64.89698699861765 | 118.30747985839844,187.62193298339844,0.2123345583677292 | -5.192841053009033,-0.018514998257160187,-7.914461548352847e-07 | 269.8 | 1.901045470731333e-05,-0.0010854230495169759,0.6077114343643188 | -0.11121533066034317,0.009188138879835606,1.6291098290821537e-05 | 0,0
5120 | 65.03043469786644 | 117.63508605957031,187.6195831298828,0.21233664453029633 | -5.192444324493408,-0.01873648911714554,-3.337397345148929e-07 | 269.8 | 1.2823174984077923e-05,-0.0011298594763502479,0.89030921459198 | 0.008463991805911064,0.00666093872860074,8.580474968766794e-05 | 0,0
5130 | 65.15613159909844 | 116.9627685546875,187.6170654296875,0.2123403549194336 | -5.186562538146973,-0.018382107838988304,-1.2396239412737486e-07 | 269.8 | 0.0003832623187918216,0.0006541821639984846,0.6929563879966736 | -0.10312947630882263,0.013719314709305763,-1.1717806955857668e-05 | 0,0
5140 | 65.28227979689837 | 116.30787658691406,187.6147003173828,0.21233703196048737 | -5.20304012298584,-0.01840803399682045,-8.391284609388094e-07 | 269.8 | 0.00017121434211730957,0.004948405548930168,0.6129223704338074 | -0.21195438504219055,0.011312594637274742,6.2091785366646945e-06 | 0,0
5150 | 65.41033469885588 | 115.63874053955078,187.61236572265625,0.21233241260051727 | -5.217461585998535,-0.01861322857439518,1.697318452897889e-06 | 269.8 | -5.5039996368577704e-05,0.0030973025131970644,0.7525290846824646 | -0.11129073053598404,0.01220939215272665,0.0003010486252605915 | 0,0
5160 | 65.5414469987154 | 114.96139526367188,187.60992431640625,0.21233195066452026 | -5.220156192779541,-0.018824027851223946,-3.6235309153198614e-07 | 269.8 | 6.911189848324284e-05,-0.0017859484069049358,0.6778666973114014 | -0.08021807670593262,0.008628582581877708,3.797248427872546e-05 | 0,0
5170 | 65.67133549973369 | 114.27836608886719,187.607421875,0.21233481168746948 | -5.2243523597717285,-0.018990295007824898,1.9548006093828008e-06 | 269.8 | 8.877874643076211e-05,0.0008299022447317839,0.5452592968940735 | -0.2713143825531006,0.009735309518873692,0.0002661373873706907 | 0,0
5180 | 65.80768469721079 | 113.58067321777344,187.60498046875,0.21233057975769043 | -5.243441581726074,-0.018645379692316055,2.669859213710879e-07 | 269.8 | 0.0004777089925482869,0.0009345934959128499,1.2745802402496338 | 0.05647573620080948,0.018430223688483238,1.84395719315944e-06 | 0,0
5190 | 65.93808199837804 | 112.88666534423828,187.60240173339844,0.21233737468719482 | -5.2362871170043945,-0.018540769815444946,-1.0870401183638023e-06 | 269.8 | 0.00024569363449700177,0.0034325956366956234,0.675238847732544 | -0.37621235847473145,0.009389462880790234,-0.0001809143868740648 | 0,0
5200 | 66.07054399698973 | 112.18965911865234,187.59999084472656,0.2123330682516098 | -5.252801418304443,-0.01877964846789837,1.5542635765086743e-06 | 269.8 | 3.0936447728890926e-05,0.0035577137023210526,0.9144254326820374 | -0.24675099551677704,0.01568673737347126,0.0002839217195287347 | 0,0
5210 | 66.1989234983921 | 111.51092529296875,187.59751892089844,0.21233084797859192 | -5.267791748046875,-0.01905043050646782,-7.628371463397343e-07 | 269.8 | 5.434126433101483e-05,0.0038498793728649616,0.6780566573143005 | -0.3201717138290405,0.010556335560977459,3.033022949239239e-05 | 0,0
5220 | 66.32640289887786 | 110.8443603515625,187.59510803222656,0.21232669055461884 | -5.2893900871276855,-0.019271882250905037,-1.7163993959457002e-07 | 269.8 | 0.00010356428538216278,0.003222935600206256,0.5899316072463989 | -0.15402035415172577,0.00991698820143938,3.183479202562012e-05 | 0,0
5230 | 66.45526769757271 | 110.16114044189453,187.5926055908203,0.21232695877552032 | -5.2972283363342285,-0.019260043278336525,-1.3063591950412956e-06 | 269.8 | 0.00022269936744123697,-0.0008924213470891118,0.6295010447502136 | -0.15085430443286896,0.010915447026491165,-4.266403993824497e-05 | 0,0
5240 | 66.59132319688797 | 109.44287109375,187.5900421142578,0.2123309224843979 | -5.292614459991455,-0.018753834068775177,-2.7652421863422205e-07 | 269.8 | 0.0006803212454542518,-0.005937726236879826,1.271562933921814 | 0.4151791036128998,0.03317521885037422,9.24487267184304e-06 | 0,0
5250 | 66.71568669751287 | 108.78057098388672,187.58761596679688,0.2123366892337799 | -5.295608997344971,-0.01846325956285,5.912044116485049e-07 | 269.8 | 0.000306880654534325,0.0016434466233476996,0.473745733499527 | -0.23940597474575043,0.009942772798240185,9.471166413277388e-05 | 0,0
5260 | 66.84080090001225 | 108.11493682861328,187.58531188964844,0.21233199536800385 | -5.3168230056762695,-0.018029535189270973,1.363578576274449e-06 | 269.8 | 0.0003353593056090176,0.00394305819645524,0.5755391120910645 | -0.10389033704996109,0.019106723368167877,8.747525134822354e-05 | 0,0
5270 | 66.96918389946222 | 107.433837890625,187.5830078125,0.21233081817626953 | -5.320799350738525,-0.01778900809586048,-5.244538670012844e-07 | 269.8 | -5.3505063988268375e-06,-0.001386270741932094,0.67019122838974 | 0.008004951290786266,0.013846389949321747,-5.3106018640391994e-06 | 0,0
5280 | 67.1013322994113 | 106.72938537597656,187.58067321777344,0.21233497560024261 | -5.313425064086914,-0.017712656408548355,1.6114950085466262e-06 | 269.8 | -0.00022422427718993276,-0.00505292322486639,0.863034188747406 | 0.13125063478946686,0.012309611774981022,0.00020776317978743464 | 0,0
5290 | 67.23411099985242 | 106.03125762939453,187.57826232910156,0.21233901381492615 | -5.309439659118652,-0.017316848039627075,2.860667223103519e-07 | 269.8 | 0.0004626084410119802,-0.002432439709082246,0.761410117149353 | 0.12341170758008957,0.02312583476305008,4.917537808069028e-05 | 0,0
5300 | 67.36172419786453 | 105.34349060058594,187.5760040283203,0.21233923733234406 | -5.31748104095459,-0.016328653320670128,-2.956023479327996e-07 | 269.8 | 0.0006071705720387399,0.00277065415866673,0.611754298210144 | -0.11757607758045197,0.02206827886402607,-1.3039838449913077e-05 | 0,0
5310 | 67.48935899883509 | 104.67041778564453,187.5739288330078,0.21233443915843964 | -5.337045192718506,-0.01621990278363228,-1.0584552683212678e-06 | 269.8 | -6.848389602964744e-05,0.005287397187203169,0.4357667863368988 | -0.16978418827056885,0.010100306943058968,-0.00024131436657626182 | 0,0
5320 | 67.62144059687853 | 103.9606704711914,187.57171630859375,0.21233199536800385 | -5.339850902557373,-0.015442843548953533,-1.2396305919537554e-06 | 269.8 | 0.0003530537651386112,-0.001970313023775816,0.6125349402427673 | 0.03547826409339905,0.016342362388968468,-4.136771894991398e-05 | 0,0
5330 | 67.74826809763908 | 103.29303741455078,187.56979370117188,0.21233108639717102 | -5.358238220214844,-0.014701529406011105,-1.4303310535979108e-07 | 269.8 | 0.000255081889918074,0.0028009770903736353,0.4334048330783844 | -0.16575413942337036,0.014032532460987568,-0.0001534384791739285 | 0,0
5340 | 67.87582779675722 | 102.602294921875,187.56788635253906,0.21233077347278595 | -5.364195346832275,-0.013962269760668278,-5.62597676889709e-07 | 269.9 | 7.868282409617677e-05,-0.000317814527079463,0.46052271127700806 | -0.12710799276828766,0.01101673673838377,-3.0917261028662324e-05 | 0,0
5350 | 68.00130399689078 | 101.92034149169922,187.56614685058594,0.21233126521110535 | -5.3721747398376465,-0.013154353015124798,-2.574599022864277e-07 | 269.9 | 0.00011130989878438413,-0.000472402258310467,0.4669831097126007 | -0.0928482934832573,0.018855644389986992,3.7619473005179316e-05 | 0,0
5360 | 68.1308251991868 | 101.22872161865234,187.564453125,0.2123330682516098 | -5.372334957122803,-0.012655135244131088,-4.6724662183805776e-07 | 269.9 | -0.00010616861254675314,-0.0029481283854693174,0.4643099308013916 | -0.013883535750210285,0.01337822899222374,0.00013491831487044692 | 0,0
5370 | 68.25752079859376 | 100.54734802246094,187.5628204345703,0.21233458817005157 | -5.380098819732666,-0.011941934935748577,-2.6699362365434354e-07 | 269.9 | 5.1674884161911905e-05,0.0003316265356261283,0.4639642536640167 | -0.13526380062103271,0.011128968559205532,-1.6440830222563818e-05 | 0,0
5380 | 68.37924059852958 | 99.8876724243164,187.56130981445312,0.21233390271663666 | -5.388993263244629,-0.011144007556140423,-4.100330670553376e-07 | 269.9 | 0.0002912249765358865,0.0012361824046820402,0.27310824394226074 | -0.13237100839614868,0.014997607097029686,-2.0942419723724015e-05 | 0,0
5390 | 68.50188779830933 | 99.2339859008789,187.55992126464844,0.2123316526412964 | -5.402408123016357,-0.01040777750313282,-4.1956707264034776e-07 | 269.9 | 0.00014956200902815908,0.0016578366048634052,0.26395905017852783 | -0.07613267749547958,0.012136010453104973,-1.4028670193511061e-05 | 0,0
5400 | 68.62841369956732 | 98.54736328125,187.55860900878906,0.2123321145772934 | -5.403883457183838,-0.009538792073726654,-1.430329348295345e-07 | 269.9 | 1.6482437786180526e-05,-0.002221367321908474,0.49000847339630127 | 0.03485871106386185,0.010392640717327595,-0.00011541161802597344 | 0,0
