Simulation Frame | Timestamp | Position | Velocity | Heading | Angular Velocity | Acceleration | Stopped at Red Light + Light ID 
3370 | 42.611107498407364 | 169.37942504882812,187.6680450439453,0.2162116914987564 | -2.2614455223083496,-0.044644325971603394,6.781669071642682e-05 | 268.9 | 0.022077374160289764,-0.7268385887145996,-0.005564148537814617 | 0.02835182659327984,-0.00021316118363756686,0.013673292472958565 | 0,0
3380 | 42.7435665987432 | 169.0717010498047,187.66200256347656,0.2159019112586975 | -2.3997583389282227,-0.04712216183543205,0.0007403671625070274 | 268.9 | -0.012208808213472366,0.7077661752700806,-0.00395179120823741 | -1.510999083518982,-0.028562573716044426,0.12448889762163162 | 0,0
3390 | 42.873547699302435 | 168.75357055664062,187.65576171875,0.21514303982257843 | -2.3762831687927246,-0.04629432410001755,0.0007233101641759276 | 268.9 | 0.0011391881853342056,-0.06658313423395157,-0.022600382566452026 | 2.31657338142395,0.046325959265232086,-0.046124979853630066 | 0,0
3400 | 43.00284289941192 | 168.48716735839844,187.6505584716797,0.21670940518379211 | -1.7748826742172241,-0.03425895422697067,0.00018492266826797277 | 268.9 | 0.03694964945316315,-1.6376705169677734,-0.0361153781414032 | 5.043172836303711,0.09781937301158905,-0.0836256742477417 | 0,0
3410 | 43.1283371001482 | 168.3162841796875,187.647216796875,0.2192290872335434 | -1.038594126701355,-0.019908415153622627,0.000672307622153312 | 268.9 | 0.0397658534348011,-1.7787474393844604,-0.056450795382261276 | 6.4231343269348145,0.1233462393283844,0.05607668310403824 | 0,0
3420 | 43.25654339790344 | 168.28350830078125,187.64657592773438,0.2227572202682495 | -0.0029676752164959908,-0.0001478825870435685,0.0006415167590603232 | 268.9 | 0.024068575352430344,-0.79758620262146,-0.0002354802272748202 | 0.1459033042192459,0.0027591362595558167,0.08582161366939545 | 0,0
3430 | 43.38594380021095 | 168.28274536132812,187.6465606689453,0.22141891717910767 | 0.006059402599930763,0.00012373104982543737,0.0011795443715527654 | 268.9 | -0.03237183392047882,1.6044352054595947,-0.00012409417831804603 | 0.017658371478319168,0.0010827587684616446,0.016227496787905693 | 0,0
3440 | 43.51612379774451 | 168.28131103515625,187.64651489257812,0.21895724534988403 | 0.005984191782772541,0.00020145827147644013,-0.0004305267648305744 | 268.9 | -0.03834175691008568,1.553170919418335,8.912201155908406e-05 | -0.011376895941793919,0.00011428567813709378,-0.032721295952796936 | 0,0
3450 | 43.644414599984884 | 168.2802276611328,187.646484375,0.21712619066238403 | 0.004075952805578709,0.00017185145406983793,-0.000918855716008693 | 268.9 | -0.02879432588815689,1.039092779159546,5.764338493463583e-05 | -0.014157709665596485,-0.0003836510004475713,-0.07940835505723953 | 0,0
3460 | 43.774095598608255 | 168.2795867919922,187.6464385986328,0.21598246693611145 | 0.002348667476326227,7.55310247768648e-05,0.000709531654138118 | 268.9 | -0.018502021208405495,0.5918009281158447,2.0750434487126768e-05 | -0.010326849296689034,-0.0033245598897337914,0.010950236581265926 | 0,0
3470 | 43.9025032967329 | 168.27923583984375,187.64642333984375,0.215376079082489 | 0.0012397989630699158,3.4628345019882545e-05,0.0016117232153192163 | 268.9 | -0.00930244754999876,0.310615599155426,1.2663365851039998e-05 | -0.006430040579289198,-0.00019036830053664744,0.08677181601524353 | 0,0
3480 | 44.032560899853706 | 168.27908325195312,187.64642333984375,0.2150314301252365 | 0.0006143084028735757,1.563838668516837e-05,-0.0009314033086411655 | 268.9 | -0.004152833484113216,0.15335363149642944,5.092605988465948e-06 | -0.0029534194618463516,-9.709084406495094e-05,-0.1163734644651413 | 0,0
3490 | 44.163585897535086 | 168.27894592285156,187.6464080810547,0.21489211916923523 | 0.00028293815557844937,6.280031811911613e-06,0.0013119648210704327 | 268.9 | -0.0016201281687244773,0.07057202607393265,2.0034278804814676e-06 | -0.001598584232851863,-2.686058360268362e-05,0.02133098617196083 | 0,0
3500 | 44.295209396630526 | 168.27890014648438,187.6464080810547,0.21493948996067047 | 9.376356319990009e-05,8.596560974183376e-07,0.0018720715306699276 | 268.9 | -0.00016847372171469033,0.023369956761598587,-1.1860893209814094e-06 | 0.00010707717592595145,3.5323107567819534e-06,0.10248447954654694 | 0,0
3510 | 44.43341949954629 | 168.27886962890625,187.6464080810547,0.2148447334766388 | 8.012441685423255e-05,7.596871114401438e-07,0.0011931537883356214 | 268.9 | -0.00015521375462412834,0.019960999488830566,-5.299578447193198e-07 | -0.00019855464051943272,-1.0422370905871503e-05,0.08210019022226334 | 0,0
3520 | 44.56149919703603 | 168.27883911132812,187.6464080810547,0.21488143503665924 | 5.089921614853665e-05,5.759204668720486e-07,0.0008303786162286997 | 268.9 | -0.00012156768934801221,0.012682664208114147,-1.9461333522485802e-07 | -0.00017492078768555075,-7.60223656470771e-07,-0.014807446859776974 | 0,0
3530 | 44.692415699362755 | 168.27883911132812,187.6464080810547,0.21479147672653198 | 1.7909544112626463e-05,1.1458168103217758e-07,0.0006154633010737598 | 268.9 | -1.7908887457451783e-05,0.004458173643797636,-3.545828235473891e-07 | 7.736669795121998e-05,1.685210804680537e-06,-0.047545917332172394 | 0,0
3540 | 44.82066049799323 | 168.27883911132812,187.6464080810547,0.21479719877243042 | 1.8490090951672755e-05,2.1787816706364538e-07,-0.00036582007305696607 | 268.9 | -4.884182271780446e-05,0.0046035428531467915,-1.172004928662318e-07 | -4.059174898429774e-05,-3.246296955694561e-06,-0.0931430459022522 | 0,0
3550 | 44.95075849816203 | 168.27882385253906,187.6464080810547,0.21478278934955597 | 1.2583810530486517e-05,1.9444799193024664e-07,0.001768022426404059 | 268.9 | -4.2686086089815944e-05,0.0031356934923678637,-2.8961187226173024e-08 | -3.817847391474061e-05,5.629297902487451e-06,-0.0038593856152147055 | 0,0
3560 | 45.07639639824629 | 168.27882385253906,187.6464080810547,0.2147781252861023 | 3.4000240702880546e-06,1.3387908559536754e-08,-0.00014115491649135947 | 268.9 | -5.418676209956175e-07,0.0008458722732029855,-1.0146619899842335e-07 | 3.0401197363971733e-05,-1.2104395636924892e-06,0.0021686262916773558 | 0,0
3570 | 45.20527769997716 | 168.27882385253906,187.6464080810547,0.21471542119979858 | 4.2457477320567705e-06,6.679822917021738e-08,-0.0023695179261267185 | 268.9 | -1.5403353245346807e-05,0.001056418288499117,-1.0869814381919696e-08 | -1.6588543076068163e-05,-2.49884419645241e-06,-0.11253929883241653 | 0,0
3580 | 45.335497196763754 | 168.27882385253906,187.6464080810547,0.2147328108549118 | 3.2368109259550693e-06,3.917947921650011e-08,0.0009454985265620053 | 268.9 | -8.697158591530751e-06,0.0008063540444709361,-2.7175548478197697e-09 | -1.6302834410453215e-05,-3.267357158165396e-07,-0.05181403085589409 | 0,0
3590 | 45.476550698280334 | 168.27882385253906,187.6464080810547,0.2147010713815689 | 5.329154078026477e-07,1.0011958551103817e-07,-0.000547496194485575 | 268.9 | -2.5274570361943915e-05,0.00013239738473203033,3.73424668964617e-08 | 7.33181423129281e-06,7.289484074135544e-06,-0.1238662451505661 | 0,0
3600 | 45.60506599768996 | 168.27882385253906,187.6464080810547,0.21476775407791138 | 9.711156963021494e-07,-3.6219123700220734e-08,0.0009424391901120543 | 268.9 | 1.1307691238471307e-05,0.00024188231327570975,-3.668808545853608e-08 | -2.649556563483202e-06,1.230326631684875e-07,0.053193893283605576 | 0,0
3610 | 45.75922479853034 | 168.27882385253906,187.6464080810547,0.21466568112373352 | 8.637080100015737e-07,-3.1212501028221595e-08,0.0026245717890560627 | 268.9 | 1.1648831787169911e-05,0.00021531460515689105,-2.6230130956150788e-08 | -1.0913879577856278e-06,-3.519396614137804e-06,0.10614650696516037 | 0,0
3620 | 45.88619579747319 | 168.27882385253906,187.6464080810547,0.21477065980434418 | 4.686590671099111e-08,4.718296864325566e-08,-0.0005764053203165531 | 268.9 | -1.2057676030963194e-05,1.1602851373027079e-05,2.279067068400309e-08 | 3.560562390703126e-06,3.5846508126269327e-06,-0.04379147291183472 | 0,0
3630 | 46.01298559829593 | 168.27882385253906,187.6464080810547,0.21473823487758636 | 2.995962802287977e-07,-5.923102452953799e-09,0.001189941423945129 | 268.9 | 1.1013145950755643e-07,7.460449705831707e-05,-5.646821676918989e-09 | -7.265563795044727e-07,-3.691413894557627e-06,-0.006104659754782915 | 0,0
3640 | 46.13921619951725 | 168.27882385253906,187.6464080810547,0.2147524207830429 | 3.06718881404322e-08,-9.296361014321519e-08,-0.000805224000941962 | 268.9 | 2.6810555937117897e-05,8.144455932779238e-06,-3.7378889317096764e-08 | -2.080533158732578e-05,1.4374778629644425e-06,-0.17257621884346008 | 0,0
3650 | 46.2662869989872 | 168.27882385253906,187.6464080810547,0.2147550880908966 | 1.8813180702181853e-07,-6.116196260563811e-08,0.001100609079003334 | 268.9 | 1.288375278818421e-05,4.6715660573681816e-05,-4.127753072680207e-08 | 3.3537301078467863e-06,-1.2936860002810135e-05,0.08675108104944229 | 0,0
3660 | 46.39547269791365 | 168.27882385253906,187.6464080810547,0.2148081213235855 | 1.197660992602323e-07,-4.413566401240132e-09,0.0007709980709478259 | 268.9 | 1.2180255453131394e-06,2.988302003359422e-05,-2.076507632509106e-09 | -3.1628615033696406e-06,-3.288243419774517e-07,-0.0632251501083374 | 0,0
3670 | 46.52330679818988 | 168.27882385253906,187.6464080810547,0.21481582522392273 | -1.412503181086322e-08,1.4125367897577235e-07,-0.00010795170237543061 | 268.9 | -4.1383973439224064e-05,-3.5513667171471752e-06,9.530683797720485e-08 | -1.3176212405596743e-06,-1.8550882714407635e-06,-0.03154529631137848 | 0,0
3680 | 46.65123539790511 | 168.27882385253906,187.6464080810547,0.21479171514511108 | -1.3684241295663924e-08,1.387188177659482e-07,-0.0009312431793659925 | 268.9 | -3.293938425485976e-05,-3.3229216569452547e-06,7.946990621121586e-08 | 2.33430199614304e-07,1.5030622307676822e-05,0.004404042381793261 | 0,0
3690 | 46.78184859827161 | 168.27882385253906,187.6464080810547,0.21474730968475342 | 1.0489092261423139e-07,-2.008690458410456e-08,0.0011764279333874583 | 268.9 | 6.0006700550729875e-06,2.6121038899873383e-05,-1.6827454984991164e-08 | 5.818010322400369e-07,-1.3085617922570236e-07,0.002887875074520707 | 0,0
3700 | 46.90977579727769 | 168.27882385253906,187.6464080810547,0.21476051211357117 | 4.457940505631086e-08,-5.239946432311626e-08,0.0006227205158211291 | 268.9 | 1.4456177268584725e-05,1.1092840395576786e-05,-3.330348263830274e-08 | 6.68388850044721e-07,1.3187785725676804e-06,0.007060443516820669 | 0,0
3710 | 47.04263789951801 | 168.27882385253906,187.6464080810547,0.21474029123783112 | -3.4915263569246235e-08,-1.1560734236581993e-07,0.00044777864241041243 | 268.9 | 3.3227410312974826e-05,-8.40863140183501e-06,-6.048253453627694e-08 | -1.0380732419434935e-05,1.9273938960395753e-06,-0.0810290277004242 | 0,0
3720 | 47.170471999794245 | 168.27882385253906,187.6464080810547,0.21475203335285187 | 7.076688035567713e-08,1.2140766614265885e-07,0.0010752269299700856 | 268.9 | -2.4876080715330318e-05,1.769115806382615e-05,5.596610108682398e-08 | 4.518688456300879e-06,2.394229704805184e-05,0.08275364339351654 | 0,0
3730 | 47.298264898359776 | 168.27882385253906,187.6464080810547,0.21475768089294434 | 6.270710173339467e-08,-1.2615399214155332e-07,0.0011312287533655763 | 268.9 | 3.7827074265806004e-05,1.5633735529263504e-05,-9.087959540465818e-08 | 3.1547747312288266e-06,2.643741936481092e-07,0.052249398082494736 | 0,0
3740 | 47.42471889778972 | 168.27882385253906,187.6464080810547,0.21477042138576508 | 1.6347875941846723e-08,-1.398685469666816e-07,0.00017143008881248534 | 268.9 | 3.3212829293916e-05,4.0048957998806145e-06,-7.816392866288879e-08 | -7.190820383584651e-07,-1.395915933244396e-05,-0.017303122207522392 | 0,0
3750 | 47.55512519925833 | 168.27882385253906,187.6464080810547,0.21472525596618652 | -8.162930953403702e-08,1.955579449486322e-07,-0.0013197108637541533 | 268.9 | -4.986405838280916e-05,-2.011091601161752e-05,1.2590381004429219e-07 | -5.700490419258131e-06,1.3656567716680001e-05,-0.09216051548719406 | 0,0
3760 | 47.68382729962468 | 168.27882385253906,187.6464080810547,0.21470564603805542 | 4.30080895341689e-08,-2.6030155808598465e-08,0.0004787990765180439 | 268.9 | 4.572080172238202e-07,1.0572551218501758e-05,-6.6569003642769076e-09 | 5.201073918215116e-07,-1.5152244486671407e-05,0.0017092182533815503 | 0,0
3770 | 47.81536789983511 | 168.27882385253906,187.6464080810547,0.21471275389194489 | -4.335061021265574e-08,-2.4625355976581886e-08,0.0001253346272278577 | 268.9 | 7.220760380732827e-06,-1.0513472261663992e-05,-2.2205788319240582e-09 | -9.35222578846151e-06,-3.412311002648494e-07,-0.07420436292886734 | 0,0
3780 | 47.95351639762521 | 168.27882385253906,187.6464080810547,0.21474623680114746 | -1.0151698148774813e-08,-3.306718809881204e-08,0.0006981930928304791 | 268.9 | 9.737084837979637e-06,-2.6687775971367955e-06,-3.058190500837554e-08 | 7.650799489056226e-06,-1.7601182378257363e-07,0.12864281237125397 | 0,0
3790 | 48.082708198577166 | 168.27882385253906,187.6464080810547,0.21478858590126038 | 3.248672797440122e-08,-6.549362829844085e-09,0.0005949325859546661 | 268.9 | 1.9183987660653656e-06,7.958294190757442e-06,-1.3168264700880172e-08 | 5.808431978948647e-06,8.993443323390693e-09,0.0041932216845452785 | 0,0
3800 | 48.21280199661851 | 168.27882385253906,187.6464080810547,0.2147773653268814 | -1.6848483141984616e-07,-1.7316944322942618e-08,-0.001595817506313324 | 268.9 | 4.897436610917794e-06,-4.158642695983872e-05,5.59427792978795e-09 | -1.0359237421653233e-05,-4.340168970884406e-07,-0.17347154021263123 | 0,0
3810 | 48.34532879665494 | 168.27882385253906,187.6464080810547,0.21475791931152344 | 9.287134616897674e-09,-2.3754136435627515e-08,-0.0002181431045755744 | 268.9 | 7.273582923517097e-06,2.244094957859488e-06,-2.0854125537539403e-08 | 3.2161888157133944e-06,1.1448554460002924e-07,-0.039388079196214676 | 0,0
3820 | 48.47846530005336 | 168.27882385253906,187.6464080810547,0.2148386389017105 | -2.933205323074617e-08,-4.432275879651115e-09,0.000713752640876919 | 268.9 | 1.3170466672818293e-06,-7.1239292083191685e-06,7.639980204032781e-09 | -7.551398084615357e-06,-5.1040181858752476e-08,-0.028774738311767578 | 0,0
3830 | 48.60497899726033 | 168.27882385253906,187.6464080810547,0.21488089859485626 | -2.8717392908106376e-08,-2.5662691527372772e-08,-0.0004723608144558966 | 268.9 | 7.482183718821034e-06,-7.111469130904879e-06,-1.471147648146598e-08 | -8.657859780214494e-07,-2.9570148285529285e-07,-0.01464235782623291 | 0,0
3840 | 48.7339504994452 | 168.27882385253906,187.6464080810547,0.2148236781358719 | 1.5751025728150125e-07,-3.200936760094919e-08,0.0013316493714228272 | 268.9 | 9.71359622781165e-06,3.9078000554582104e-05,-3.955356930873677e-08 | 7.955957698868588e-06,1.629552457416139e-07,0.1342640221118927 | 0,0
3850 | 48.86178109794855 | 168.27882385253906,187.6464080810547,0.21482115983963013 | 5.234284117250354e-08,-1.9457846178738691e-07,0.0007178964442573488 | 268.9 | 4.9887672503245994e-05,1.2930553566548042e-05,-1.2223709688896633e-07 | 2.6773450372274965e-06,-1.4002472198626492e-05,0.0397898331284523 | 0,0
3860 | 48.995600797235966 | 168.27882385253906,187.6464080810547,0.214762344956398 | -8.70747456360732e-08,5.562340277265321e-08,0.00017090483743231744 | 268.9 | -1.5544910638709553e-05,-2.134450369339902e-05,5.4006459748734414e-08 | -1.3909411791246384e-05,-1.5319409385483596e-06,-0.04538579285144806 | 0,0
3870 | 49.1214758977294 | 168.27882385253906,187.6464080810547,0.21480582654476166 | 9.790846355883787e-09,2.5831358385630665e-08,-0.0002331053838133812 | 268.9 | -9.942228643922135e-06,2.2794149572291644e-06,1.68742051442905e-08 | 4.279580025468022e-06,-3.365821157785831e-06,0.02464485913515091 | 0,0
3880 | 49.251513697206974 | 168.27882385253906,187.6464080810547,0.21480032801628113 | 1.330008245759018e-07,2.4263635545196394e-09,0.002227408578619361 | 268.9 | -6.164273145259358e-07,3.29177055391483e-05,-1.4522532509886332e-08 | 1.0293861123500392e-05,1.877931907756647e-07,0.17239467799663544 | 0,0
3890 | 49.377100098878145 | 168.27882385253906,187.6464080810547,0.21488334238529205 | -4.1293919395002376e-08,-1.1548467737654278e-09,0.0005947918398305774 | 268.9 | 2.541372623454663e-07,-1.019000046653673e-05,6.810780384114423e-09 | -4.544693638308672e-06,-3.069911613806653e-08,0.021053999662399292 | 0,0
3900 | 49.50722609832883 | 168.27882385253906,187.6464080810547,0.21487219631671906 | -9.895511965396508e-08,-3.059703956864723e-08,-0.0015633798902854323 | 268.9 | 1.2953025816386798e-06,-2.4629325707792304e-05,1.4217516053349755e-09 | -4.866265044256579e-06,-1.6302275980706327e-05,-0.08694439381361008 | 0,0
3910 | 49.63444979861379 | 168.27882385253906,187.6464080810547,0.21482589840888977 | 7.584942807170592e-08,1.3714638669171109e-07,0.00044446339597925544 | 268.9 | -3.429772186791524e-05,1.8717990315053612e-05,6.526798301820236e-08 | 1.0964773537125438e-05,1.0615840437822044e-05,0.042740873992443085 | 0,0
3920 | 49.76264359802008 | 168.27882385253906,187.6464080810547,0.21480345726013184 | 6.477039349306324e-09,-1.106513636273121e-07,-0.0001988344156416133 | 268.9 | 2.735693851718679e-05,1.801027792680543e-06,-5.46889680208551e-08 | -1.0395701792731415e-05,-1.3390411368163768e-05,-0.13226568698883057 | 0,0
3930 | 49.890808299183846 | 168.27882385253906,187.6464080810547,0.21479560434818268 | 1.2890415845845382e-08,-1.2537674365376006e-07,0.00017159200797323138 | 268.9 | 3.6583303881343454e-05,3.2119701245392207e-06,-8.562643927234603e-08 | 2.3802242594683776e-06,2.0881177533738082e-06,0.03894278034567833 | 0,0
3940 | 50.0197809971869 | 168.27882385253906,187.6464080810547,0.21478186547756195 | 1.9064968270754434e-08,6.063797997057918e-08,7.37858863431029e-05 | 268.9 | -1.7062628103303723e-05,4.706937033915892e-06,3.6552510351839373e-08 | 9.79389710664691e-07,-1.3181276017348864e-06,0.014551918022334576 | 0,0
3950 | 50.14418959990144 | 168.27882385253906,187.6464080810547,0.21481673419475555 | 2.1821486839712634e-08,-1.8121851041996706e-07,0.00022194044140633196 | 268.9 | 4.581882240017876e-05,5.363353466236731e-06,-1.0960198437715007e-07 | 5.970558731860365e-07,-1.4149471098789945e-05,0.004097491502761841 | 0,0
3960 | 50.271554198116064 | 168.27882385253906,187.6464080810547,0.2147989571094513 | 7.873327234619865e-08,3.975575069148363e-08,0.0011791472788900137 | 268.9 | -1.3426345503830817e-05,1.958626125997398e-05,2.816980249065182e-08 | -1.928136953210924e-06,-3.5815153296425706e-06,0.010122439824044704 | 0,0
3970 | 50.401151698082685 | 168.27882385253906,187.6464080810547,0.21476943790912628 | 1.5096711436513033e-08,9.521382793309385e-08,9.974153726943769e-06 | 268.9 | -1.9879564206348732e-05,3.883527824655175e-06,4.924485352830743e-08 | -7.347609312091663e-07,1.2424568922142498e-05,-0.008817007765173912 | 0,0
3980 | 50.532577097415924 | 168.27882385253906,187.6464080810547,0.21474425494670868 | 6.099547533722216e-08,-1.9106131787793856e-07,0.0009525892091915011 | 268.9 | 4.88231708004605e-05,1.5178007743088529e-05,-1.13426146697293e-07 | -1.8752680261968635e-06,-1.452099604648538e-05,-0.03662149980664253 | 0,0
3990 | 50.65798529982567 | 168.27882385253906,187.6464080810547,0.21472953259944916 | -1.8835937964922778e-07,1.04113686560936e-08,-0.0019514678278937936 | 268.9 | -3.284091462774086e-06,-4.6611810830654576e-05,2.1838966191012332e-08 | -8.171303306880873e-06,-1.3397641396295512e-07,-0.04960009828209877 | 0,0
4000 | 50.78637569770217 | 168.27882385253906,187.6464080810547,0.21474990248680115 | 7.229414222820196e-08,-1.4793978664329188e-07,0.0008982711005955935 | 268.9 | 3.611665670177899e-05,1.792510192899499e-05,-8.828606468114231e-08 | 1.6818889037040208e-07,-1.4000685041537508e-05,-0.00200097868219018 | 0,0
4010 | 50.9156483002007 | 168.27882385253906,187.6464080810547,0.2147427350282669 | 0.0,0.0,0.0 | 268.9 | 0.0,0.0,0.0 | -1.1279282261966728e-05,-7.893602742115036e-06,-0.11868984997272491 | 0,0
4020 | 51.04554259777069 | 168.27882385253906,187.6464080810547,0.21471449732780457 | 3.788158053907864e-08,6.956283726822221e-08,6.575689621968195e-05 | 268.9 | -1.9838627849821933e-05,9.331924047728535e-06,3.998481190592429e-08 | 3.1892511742626084e-06,-1.5453109654117725e-06,-0.042334649711847305 | 0,0
4030 | 51.170808497816324 | 168.27882385253906,187.6464080810547,0.21475569903850555 | 3.6497358024689674e-08,1.0697714003526926e-07,0.001671513426117599 | 268.9 | -2.1815983927808702e-05,9.2019654402975e-06,5.2121549742878415e-08 | 9.497272799308121e-07,1.8882396034314297e-05,0.17000962793827057 | 0,0
4040 | 51.29731319844723 | 168.27882385253906,187.6464080810547,0.2147761434316635 | 2.795201758942767e-08,-7.405708402075106e-08,0.0003168857656419277 | 268.9 | 2.334999771846924e-05,7.1017561822372954e-06,-4.72851056088075e-08 | -3.4313948162889574e-06,5.096663244330557e-06,-0.1007445752620697 | 0,0
4050 | 51.42446829751134 | 168.27882385253906,187.6464080810547,0.2147325873374939 | -6.951505326924234e-08,-2.3022761297397665e-07,-0.0018393431091681123 | 268.9 | 5.791967851109803e-05,-1.737389357003849e-05,-1.3463036907523929e-07 | 3.4881699662037136e-07,-1.4897401342750527e-05,-0.11568167805671692 | 0,0
4060 | 51.55467079952359 | 168.27882385253906,187.6464080810547,0.21475562453269958 | 1.057308729457418e-08,4.82078945651665e-08,0.0014831899898126721 | 268.9 | -1.4169465430313721e-05,2.6638683721103007e-06,3.748682786408608e-08 | -2.5063782231882215e-06,4.4551208588927693e-07,-0.04081849753856659 | 0,0
4070 | 51.68166349828243 | 168.27882385253906,187.6464080810547,0.21478240191936493 | 9.973285841624602e-08,4.93420913016962e-08,0.0011149136116728187 | 268.9 | -1.4842512428003829e-05,2.471868174325209e-05,2.505451135448311e-08 | 4.540317604551092e-06,7.939124770928174e-07,0.07763081789016724 | 0,0
4080 | 51.80733849853277 | 168.27882385253906,187.6464080810547,0.2147981971502304 | 4.423504407213841e-08,1.5198207137245845e-08,0.0008867175201885402 | 268.9 | -4.3870109038834926e-06,1.096248615795048e-05,5.847568651518031e-09 | 2.6950815481541213e-06,1.7146824404790095e-07,0.04945966228842735 | 0,0
4090 | 51.93896909803152 | 168.27882385253906,187.6464080810547,0.21471327543258667 | -2.5558270522196835e-07,-1.4814608562119247e-07,-0.0039037344977259636 | 268.9 | 3.6133376852376387e-05,-6.279833905864507e-05,-5.4874927712944555e-08 | -2.5282428396167234e-05,-1.6653637430863455e-05,-0.3291548192501068 | 0,0
4100 | 52.06200749799609 | 168.27882385253906,187.6464080810547,0.21480689942836761 | 1.3433100187754121e-09,6.74498963348924e-08,0.0007981308153830469 | 268.9 | -2.0198356651235372e-05,2.5786846435948974e-07,4.320823521197781e-08 | 2.0138477339060046e-06,1.375435090267274e-07,0.03571458160877228 | 0,0
4110 | 52.185165997594595 | 168.27882385253906,187.6464080810547,0.21482032537460327 | 2.7574097671845266e-08,2.669130916288509e-09,0.00048103297012858093 | 268.9 | -6.824378147030075e-07,6.827172001067083e-06,-1.7419108377936254e-09 | 1.924987373058684e-06,1.8633586762462073e-07,0.033581603318452835 | 0,0
4120 | 52.31521339714527 | 168.27882385253906,187.6464080810547,0.2147536426782608 | -4.895438721064238e-08,3.376789692310922e-08,-0.0008094460936263204 | 268.9 | -1.0004594514612108e-05,-1.2476434676500503e-05,1.2001669880135069e-08 | 1.135672482632799e-05,2.985801472732419e-07,0.09366144239902496 | 0,0
4130 | 52.444622699171305 | 168.27882385253906,187.6464080810547,0.21473143994808197 | -2.890018038215203e-07,5.8684193504632276e-08,-0.0035673396196216345 | 268.9 | -1.771389361238107e-05,-7.11187458364293e-05,7.226002907145812e-08 | -2.1721847588196397e-05,-2.2650816333680268e-07,-0.27782201766967773 | 0,0
4140 | 52.574948597699404 | 168.27882385253906,187.6464080810547,0.21476630866527557 | 6.742530445080774e-08,9.09171973262346e-08,0.0010906605748459697 | 268.9 | -2.5199044102919288e-05,1.680787136137951e-05,5.918215606470767e-08 | -1.7298744978688774e-06,4.157341209065635e-06,0.01921062543988228 | 0,0
4150 | 52.70045519992709 | 168.27882385253906,187.6464080810547,0.21487510204315186 | -2.3850269315062178e-08,-6.109064543124987e-08,0.0007286243489943445 | 268.9 | 1.710999094939325e-05,-5.756363862019498e-06,-2.690648592817979e-08 | -8.058432285906747e-06,9.97486722553731e-07,-0.0411236509680748 | 0,0
4160 | 52.831536296755075 | 168.27882385253906,187.6464080810547,0.21482673287391663 | -9.271260381638058e-08,-3.5064811498841664e-08,-0.0006737294606864452 | 268.9 | 9.28916415432468e-06,-2.2739648557035252e-05,-3.1142368683845234e-09 | -1.3974566172691993e-05,1.0946399697786546e-06,-0.13272696733474731 | 0,0
4170 | 52.96361289918423 | 168.27882385253906,187.6464080810547,0.21475310623645782 | -2.5509754664199136e-07,-3.4429053386020314e-08,-0.003282122779637575 | 268.9 | 1.028809401759645e-05,-6.294699414866045e-05,-2.935382381608065e-09 | -1.3929558008385357e-05,-8.463431981908798e-07,-0.23386789858341217 | 0,0
4180 | 53.0865994989872 | 168.27882385253906,187.6464080810547,0.21479301154613495 | 1.0167809705308173e-08,5.774727185325901e-08,0.0007764581241644919 | 268.9 | -1.679157321632374e-05,2.505008296793676e-06,3.753137178819088e-08 | 2.513008894311497e-07,-4.790960019818158e-07,0.003421923378482461 | 0,0
4190 | 53.21131789684296 | 168.27882385253906,187.6464080810547,0.21477706730365753 | -1.8135730783797044e-07,1.0243660142350564e-07,-0.0012197688920423388 | 268.9 | -2.0863286408712156e-05,-4.457187606021762e-05,7.645359545449537e-08 | -1.815534596971702e-05,2.0822646547458135e-05,-0.14499951899051666 | 0,0
4200 | 53.33608079701662 | 168.27882385253906,187.6464080810547,0.21478499472141266 | 7.749272867840773e-08,-1.45010218943753e-07,0.0009745220886543393 | 268.9 | 3.508657027850859e-05,1.92653951671673e-05,-8.271409512872197e-08 | -2.4068929178611143e-06,-1.531776797492057e-05,-0.044791582971811295 | 0,0
4210 | 53.465708296746016 | 168.27882385253906,187.6464080810547,0.21469008922576904 | 1.1866399063364952e-07,-1.888454050913424e-07,0.0005867606378160417 | 268.9 | 4.811646431335248e-05,2.8841672246926464e-05,-1.5331124814110808e-07 | 3.080382157349959e-05,-1.3996606867294759e-05,0.413699209690094 | 0,0
4220 | 53.59074899926782 | 168.27882385253906,187.6464080810547,0.21475256979465485 | 7.285423464509222e-08,4.3555154149999e-08,0.0012102616019546986 | 268.9 | -1.2919291293655988e-05,1.8258884665556252e-05,3.6401839764721444e-08 | -7.676216227991972e-06,3.9828115916407114e-08,-0.03617287427186966 | 0,0
4230 | 53.71599489822984 | 168.27882385253906,187.6464080810547,0.21477729082107544 | -1.6367103228276392e-08,7.197049001206324e-08,-0.0002394181938143447 | 268.9 | -1.9698032701853663e-05,-3.838077645923477e-06,5.9140788266631716e-08 | -1.0065275091619696e-05,3.60970375368197e-06,-0.12235990911722183 | 0,0
4240 | 53.8413142003119 | 168.27882385253906,187.6464080810547,0.21477378904819489 | 0.0,0.0,0.0 | 268.9 | 0.0,0.0,0.0 | 6.1113087213016115e-06,-6.292168109212071e-06,-0.001963886898010969 | 0,0
4250 | 53.967849899083376 | 168.27882385253906,187.6464080810547,0.21471945941448212 | 4.5036166795853205e-08,4.462231828483709e-08,0.0005566210602410138 | 268.9 | -5.691818387276726e-06,1.1298991012154147e-05,1.529655158094556e-08 | 1.6846348671606393e-06,1.4525465303449892e-05,0.031668856739997864 | 0,0
4260 | 54.09482869878411 | 168.27882385253906,187.6464080810547,0.2147342562675476 | 7.814689695351262e-08,5.1326860983635925e-08,0.0009787817252799869 | 268.9 | -1.5247208466462325e-05,1.9284276277176104e-05,2.3134521853762635e-08 | 8.100436389213428e-06,3.0187294441930135e-07,0.035243358463048935 | 0,0
4270 | 54.22187449783087 | 168.27882385253906,187.6464080810547,0.21474601328372955 | 8.974531340300018e-08,-1.3128573073117877e-07,0.0010908727999776602 | 268.9 | 3.0533770768670365e-05,2.2076384993852116e-05,-8.717270105762509e-08 | 1.009690276987385e-05,-1.5001335668785032e-05,0.16505269706249237 | 0,0
4280 | 54.34617579728365 | 168.27882385253906,187.6464080810547,0.21475562453269958 | -9.199230532885849e-08,5.245372847184626e-08,-0.0009622265351936221 | 268.9 | -1.3596426470030565e-05,-2.254518767585978e-05,5.041726680587999e-08 | -1.4412399650609586e-05,3.517176310197101e-06,-0.19120918214321136 | 0,0
4290 | 54.47241299971938 | 168.27882385253906,187.6464080810547,0.21474669873714447 | 2.9873071127894946e-08,7.545629188143721e-08,-0.0003247795975767076 | 268.9 | -2.1171346816117875e-05,7.189446478150785e-06,3.5049612989723755e-08 | 8.871188583725598e-06,-1.4125795360087068e-06,-0.026126334443688393 | 0,0
4300 | 54.596893798559904 | 168.27882385253906,187.6464080810547,0.21478606760501862 | -1.0179919485153732e-07,9.151707303090006e-08,-6.077007856220007e-05 | 268.9 | -2.5518404072499834e-05,-2.5010329409269616e-05,8.124020922650743e-08 | -1.5898076526355e-05,3.1424615372088738e-06,-0.12324242293834686 | 0,0
4310 | 54.72068499773741 | 168.27882385253906,187.6464080810547,0.21478232741355896 | -5.5057757464282986e-08,2.4717918378769355e-08,0.0003440548316575587 | 268.9 | 1.4629655709086364e-07,-1.345556211163057e-05,1.5704808120631242e-08 | -6.5425851971667726e-06,1.5520872693741694e-05,-0.01376181561499834 | 0,0
4320 | 54.84713699668646 | 168.27882385253906,187.6464080810547,0.21474769711494446 | 6.988811662722583e-08,6.745631253579631e-08,0.0004138917429372668 | 268.9 | -2.1693986127502285e-05,1.706090733932797e-05,3.051870933745704e-08 | 1.4214641851140186e-05,-3.3627270568103995e-06,0.08391207456588745 | 0,0
4330 | 54.97387709841132 | 168.27882385253906,187.6464080810547,0.21474303305149078 | 4.167862144299761e-08,8.517032057397955e-08,0.0004404378996696323 | 268.9 | -1.781148966983892e-05,1.0529728569963481e-05,4.754121007977119e-08 | -2.2613864985032706e-06,1.369845267618075e-05,-0.03507852554321289 | 0,0
4340 | 55.10180629789829 | 168.27882385253906,187.6464080810547,0.21475005149841309 | 0.0,0.0,0.0 | 268.9 | 0.0,0.0,0.0 | 2.5921399355866015e-06,-1.0156339158129413e-05,-0.07457320392131805 | 0,0
4350 | 55.225423999130726 | 168.27882385253906,187.6464080810547,0.21477477252483368 | 3.5607943260629327e-08,1.93731139574993e-07,0.0006929243099875748 | 268.9 | -4.9577360186958686e-05,8.72516739036655e-06,1.0259521587840936e-07 | 1.08814438135596e-05,1.5471545339096338e-05,0.08678590506315231 | 0,0
4360 | 55.35272979736328 | 168.27882385253906,187.6464080810547,0.21475555002689362 | 5.054645768609589e-08,1.9327200106999953e-07,0.0007812793483026326 | 268.9 | -4.733162859338336e-05,1.2795791917596944e-05,1.1874173821979639e-07 | -6.45659156361944e-06,1.8448887203703634e-05,-0.053376972675323486 | 0,0
4370 | 55.477774400264025 | 168.27882385253906,187.6464080810547,0.21477630734443665 | 3.714535878884817e-08,-1.6950993497744093e-08,0.0003553144633769989 | 268.9 | 5.194489858695306e-06,9.107698133448139e-06,-2.155637979228686e-08 | 7.1795593612478115e-06,1.9329407052737224e-07,0.027252331376075745 | 0,0
4380 | 55.60633299872279 | 168.27882385253906,187.6464080810547,0.21479369699954987 | 7.015722047754025e-08,4.375494455644002e-08,0.001556358183734119 | 268.9 | -1.191374485642882e-05,1.734791658236645e-05,1.5530615016245974e-08 | 7.491187716368586e-06,-1.36454355015303e-06,0.1225188821554184 | 0,0
4390 | 55.73134030029178 | 168.27882385253906,187.6464080810547,0.21480773389339447 | -9.580902826655802e-08,-1.4723283925377473e-07,-0.0016181073151528835 | 268.9 | 3.539712997735478e-05,-2.3750102627673186e-05,-7.371424715074681e-08 | -4.598625309881754e-06,-1.1098427421529777e-05,-0.08287646621465683 | 0,0
4400 | 55.8675290979445 | 168.27810668945312,187.6464080810547,0.21474510431289673 | -0.02997790090739727,-0.0005825420957989991,4.310059466661187e-06 | 268.9 | -0.003287804313004017,0.15167979896068573,-0.001010184409096837 | 0.44005465507507324,0.006018486805260181,-0.09819739311933517 | 0,0
4410 | 55.99491519853473 | 168.27305603027344,187.64634704589844,0.21460509300231934 | -0.04687097296118736,-0.0008993434603326023,-8.617245475761592e-05 | 268.9 | -0.0018516394775360823,0.05373068153858185,-0.0013785106129944324 | 0.1727198362350464,0.000833042140584439,0.07675419002771378 | 0,0
4420 | 56.11891319975257 | 168.25003051757812,187.64608764648438,0.2139296680688858 | -0.3244458734989166,-0.006579182576388121,0.001168584800325334 | 268.9 | -0.024238238111138344,0.8175890445709229,0.17587682604789734 | -1.7962772846221924,-0.028982775285840034,0.025374891236424446 | 0,0
4430 | 56.24525040015578 | 168.1810760498047,187.6447296142578,0.2125454992055893 | -0.723708987236023,-0.013857625424861908,-0.00037261995021253824 | 268.9 | -0.022348111495375633,1.0139482021331787,-0.06790835410356522 | -3.347275733947754,-0.05683502182364464,-0.09119022637605667 | 0,0
4440 | 56.36993149667978 | 168.05577087402344,187.64219665527344,0.21104678511619568 | -1.237220048904419,-0.023419298231601715,0.0009151542908512056 | 268.9 | -0.021497467532753944,1.0829435586929321,-0.015384423546493053 | -3.4084417819976807,-0.06297570466995239,0.04474685341119766 | 0,0
4450 | 56.49858469888568 | 167.86520385742188,187.63856506347656,0.2099640965461731 | -1.6498451232910156,-0.030978785827755928,-0.003143773414194584 | 268.9 | -0.009341214783489704,0.3549400866031647,-0.02852480299770832 | -3.206043004989624,-0.06041056290268898,-0.11733892560005188 | 0,0
4460 | 56.62123739719391 | 167.64027404785156,187.63429260253906,0.20990702509880066 | -1.97783625125885,-0.036665916442871094,0.0003791348426602781 | 268.9 | 0.0034129424020648003,-0.057853005826473236,-0.04578646272420883 | -2.341752290725708,-0.03936014324426651,0.004015154670923948 | 0,0
4470 | 56.74573479965329 | 167.37286376953125,187.6293182373047,0.21011614799499512 | -2.2874062061309814,-0.04180319607257843,0.0003674635663628578 | 269.0 | 0.009259108453989029,-0.18455134332180023,-0.06456779688596725 | -2.2289700508117676,-0.040979012846946716,-0.03311826288700104 | 0,0
4480 | 56.87378699705005 | 167.05856323242188,187.62353515625,0.21036238968372345 | -2.5934255123138428,-0.04636151343584061,0.0006156265153549612 | 269.0 | 0.013663269579410553,-0.18281280994415283,-0.0914282575249672 | -2.291423797607422,-0.031580813229084015,0.08212405443191528 | 0,0
4490 | 56.999535497277975 | 166.7123565673828,187.61734008789062,0.21056361496448517 | -2.8857293128967285,-0.050086379051208496,-0.0034212113823741674 | 269.0 | 0.017841823399066925,-0.14818806946277618,-0.12692709267139435 | -2.5028302669525146,-0.028382837772369385,-0.331285685300827 | 0,0
4500 | 57.12146409973502 | 166.35072326660156,187.61097717285156,0.21123462915420532 | -2.9494028091430664,-0.04952046647667885,0.0011295267613604665 | 269.0 | 0.031049957498908043,-0.994691789150238,-0.16584846377372742 | 1.5625708103179932,0.03512643650174141,0.024652298539876938 | 0,0
4510 | 57.245986100286245 | 166.01766967773438,187.60528564453125,0.21389873325824738 | -2.4316744804382324,-0.0390312597155571,0.0010835054563358426 | 269.1 | 0.05073855072259903,-2.421137809753418,-0.17759910225868225 | 4.129992961883545,0.07310032844543457,0.17472688853740692 | 0,0
4520 | 57.37088309973478 | 165.7418670654297,187.60073852539062,0.21640460193157196 | -2.1652534008026123,-0.033208005130290985,9.461187437409535e-05 | 269.1 | 0.02220960520207882,-0.8161478638648987,-0.16200101375579834 | -0.08383072167634964,0.0019192015752196312,-0.05061947554349899 | 0,0
4530 | 57.50296079739928 | 165.4469451904297,187.5960693359375,0.21602359414100647 | -2.312831401824951,-0.03391387686133385,-0.0031569141428917646 | 269.2 | -0.0047265817411243916,0.767452597618103,-0.18366669118404388 | -1.955294132232666,-0.00015179350157268345,-0.12366534024477005 | 0,0
4540 | 57.62520049884915 | 165.14756774902344,187.5914764404297,0.2147839367389679 | -2.5489702224731445,-0.035733722150325775,0.0009192244615405798 | 269.2 | -0.011321878992021084,1.0422650575637817,-0.21720799803733826 | -1.885876178741455,-0.004132861737161875,0.058970555663108826 | 0,0
4550 | 57.75436059758067 | 164.79733276367188,187.58639526367188,0.21334025263786316 | -2.82861065864563,-0.037130698561668396,0.001444102032110095 | 269.2 | 0.0005880215321667492,0.8377482295036316,-0.27074843645095825 | -1.7815200090408325,-0.003062911331653595,0.02304578758776188 | 0,0
4560 | 57.88173159956932 | 164.4231414794922,187.58119201660156,0.2127353996038437 | -2.9341044425964355,-0.03608851879835129,0.0013198935193940997 | 269.3 | 0.010607893578708172,-0.20953182876110077,-0.31036314368247986 | 1.3460155725479126,0.03731262683868408,0.07680726796388626 | 0,0
4570 | 58.00969269871712 | 164.08013916015625,187.57672119140625,0.21454226970672607 | -2.4572293758392334,-0.02758234739303589,-0.0008385663968510926 | 269.4 | 0.022653307765722275,-1.8332830667495728,-0.2973790168762207 | 3.988867998123169,0.08411096781492233,0.18672265112400055 | 0,0
4580 | 58.13375499844551 | 163.79025268554688,187.5731964111328,0.21613872051239014 | -2.340491771697998,-0.02434604987502098,0.0017085735453292727 | 269.4 | 0.007729904260486364,-0.29122987389564514,-0.2789420187473297 | -0.5589017868041992,0.019696421921253204,0.018508153036236763 | 0,0
4590 | 58.26256909966469 | 163.47726440429688,187.5696258544922,0.21548858284950256 | -2.514977216720581,-0.024231411516666412,-0.002827494405210018 | 269.4 | -1.3045320883975364e-05,0.7996991872787476,-0.3063231110572815 | -2.0476202964782715,0.01543424278497696,-0.2693450152873993 | 0,0
4600 | 58.38880719989538 | 163.1417236328125,187.56602478027344,0.21422134339809418 | -2.763640880584717,-0.024246780201792717,0.0010904069058597088 | 269.5 | 0.003558921394869685,0.926942765712738,-0.34948447346687317 | -1.7414172887802124,0.014843625016510487,0.09514602273702621 | 0,0
4610 | 58.51967419683933 | 162.76214599609375,187.5623016357422,0.21313995122909546 | -2.941446542739868,-0.024069419130682945,0.0012815350200980902 | 269.5 | -0.012471753172576427,0.2289271503686905,-0.36286112666130066 | 0.5613970160484314,0.003841317491605878,0.15361399948596954 | 0,0
4620 | 58.64801310002804 | 162.4108428955078,187.55911254882812,0.21445049345493317 | -2.5167880058288574,-0.017669228836894035,0.00011253813863731921 | 269.6 | -0.0034733423963189125,-1.6506162881851196,-0.34947076439857483 | 3.780639886856079,0.0015910613583400846,0.12304572016000748 | 0,0
4630 | 58.77645689994097 | 162.10775756835938,187.55667114257812,0.21611686050891876 | -2.3478174209594727,-0.014308203011751175,0.0003833576920442283 | 269.7 | 0.0007814217824488878,-0.357267290353775,-0.3165942430496216 | -0.4316693842411041,0.03167983144521713,-0.09115875512361526 | 0,0
4640 | 58.90514129772782 | 161.7949981689453,187.554443359375,0.21559615433216095 | -2.51267409324646,-0.013867907226085663,0.000353578245267272 | 269.7 | -0.013675018213689327,0.7644479870796204,-0.3299797773361206 | -1.6048609018325806,-0.05747209116816521,-0.117729552090168 | 0,0
4650 | 59.03371210023761 | 161.45346069335938,187.55226135253906,0.21427898108959198 | -2.7630789279937744,-0.012940065935254097,0.0014040549285709858 | 269.7 | 0.0003542714403010905,0.9282040596008301,-0.36218342185020447 | -1.815746545791626,0.03462019935250282,0.025011416524648666 | 0,0
4660 | 59.160241696983576 | 161.08395385742188,187.55015563964844,0.213063046336174 | -3.034698963165283,-0.01223420724272728,0.0010046027600765228 | 269.8 | -0.004035749938338995,0.7249230146408081,-0.3891417384147644 | -1.8715410232543945,-0.040063079446554184,0.36193767189979553 | 0,0
4670 | 59.28702859953046 | 160.6790313720703,187.54815673828125,0.2122577279806137 | -3.31276535987854,-0.009799421764910221,0.0012444760650396347 | 269.8 | 0.01896451599895954,0.46646997332572937,-0.43943166732788086 | -1.8079371452331543,0.043160099536180496,0.03613559901714325 | 0,0
4680 | 59.413617096841335 | 160.2399444580078,187.54640197753906,0.21176010370254517 | -3.5892155170440674,-0.008544618263840675,0.0009831700008362532 | 269.9 | -0.00428748456761241,0.26383185386657715,-0.44018712639808655 | -1.9049509763717651,-0.028272584080696106,0.04951551556587219 | 0,0
4690 | 59.545922700315714 | 159.74404907226562,187.54481506347656,0.21142935752868652 | -3.8737995624542236,-0.005030356347560883,0.0007389759994111955 | 269.9 | 0.01803801767528057,0.12438135594129562,-0.47574591636657715 | -2.046241283416748,0.07607445865869522,-0.12202952802181244 | 0,0
4700 | 59.67136649787426 | 159.24127197265625,187.54373168945312,0.21144996583461761 | -4.082795143127441,-0.0016737417317926884,0.0002337544719921425 | 270.0 | 0.014069118537008762,-0.2257908284664154,-0.4934086799621582 | -0.3281015157699585,0.07917117327451706,0.05833075940608978 | 0,0
4710 | 59.795432299375534 | 158.75106811523438,187.5430450439453,0.21297587454319 | -3.811365842819214,0.0010926448740065098,0.0002525688032619655 | 270.0 | -0.014236744493246078,-1.609519362449646,-0.4429824948310852 | 2.224245309829712,0.0010432252893224359,-0.062083907425403595 | 0,0
4720 | 59.922332998365164 | 158.27978515625,187.54283142089844,0.214654341340065 | -3.706854820251465,0.004635632038116455,-0.000343602936482057 | 270.1 | 0.0008912441553547978,-0.6519668698310852,-0.4151627719402313 | -0.22120597958564758,-0.006286363583058119,-0.0013520877109840512 | 0,0
4730 | 60.04877819865942 | 157.80458068847656,187.54302978515625,0.21476726233959198 | -3.8209240436553955,0.006720843259245157,0.0006021151202730834 | 270.1 | -0.014677753672003746,0.29074013233184814,-0.37908655405044556 | -1.2324928045272827,0.015586504712700844,0.02957645058631897 | 0,0
4740 | 60.174511298537254 | 157.3105010986328,187.54354858398438,0.21406589448451996 | -4.01493501663208,0.00898728147149086,0.0006638778722845018 | 270.1 | -0.021427631378173828,0.5785744190216064,-0.3565371334552765 | -1.5286251306533813,-0.0012519393349066377,0.08124067634344101 | 0,0
4750 | 60.299305599182844 | 156.7948760986328,187.54440307617188,0.21332335472106934 | -4.214142322540283,0.012121354229748249,0.0002803174720611423 | 270.2 | -0.009640497155487537,0.45054012537002563,-0.3569447100162506 | -1.3188459873199463,-0.0144533421844244,0.016466639935970306 | 0,0
4760 | 60.42595610022545 | 156.24859619140625,187.54568481445312,0.21287387609481812 | -4.381727695465088,0.01484123058617115,0.001268106047064066 | 270.2 | -0.009394587948918343,0.17182657122612,-0.3365524709224701 | -1.0057494640350342,0.07467416673898697,0.15479598939418793 | 0,0
4770 | 60.557435899972916 | 155.66305541992188,187.54733276367188,0.21278773248195648 | -4.503565788269043,0.01793096773326397,0.002037888625636697 | 270.2 | -0.001169466762803495,-0.08601110428571701,-0.32623210549354553 | -0.62696373462677,0.016146671026945114,0.07407551258802414 | 0,0
4780 | 60.68012920022011 | 155.1056671142578,187.5492401123047,0.2131175994873047 | -4.572628021240234,0.02015780098736286,0.000947584630921483 | 270.3 | 0.0018143535126000643,-0.23123560845851898,-0.3018634021282196 | -0.40352216362953186,0.06102282926440239,0.01572529412806034 | 0,0
4790 | 60.80591109767556 | 154.5279998779297,187.5514373779297,0.21347816288471222 | -4.610238552093506,0.02152581699192524,-0.00016143680841196328 | 270.3 | -0.012615242041647434,-0.27881938219070435,-0.26033642888069153 | -0.20074814558029175,-0.011697358451783657,-0.07118581980466843 | 0,0
4800 | 60.93553080037236 | 153.92941284179688,187.55398559570312,0.21382789313793182 | -4.627067565917969,0.023073114454746246,0.00028210878372192383 | 270.3 | -0.015881113708019257,-0.2527448236942291,-0.22805453836917877 | -0.07153823971748352,-0.008415712974965572,-0.09359350055456161 | 0,0
4810 | 61.06783849745989 | 153.31703186035156,187.5569305419922,0.2141488641500473 | -4.632777214050293,0.02502059005200863,0.00188662379514426 | 270.3 | -0.009751684963703156,-0.18876172602176666,-0.2125624567270279 | -0.02003997005522251,-0.011079552583396435,0.04811377078294754 | 0,0
4820 | 61.19374669715762 | 152.73377990722656,187.559814453125,0.21441105008125305 | -4.635000705718994,0.02567564882338047,0.0006462454912252724 | 270.3 | -0.014816970564424992,-0.12307529151439667,-0.17225946485996246 | -0.015882153064012527,-0.01516373734921217,-0.00027354416670277715 | 0,0
4830 | 61.320301197469234 | 152.14710998535156,187.56292724609375,0.2145458608865738 | -4.638523101806641,0.02659980021417141,4.475032983464189e-05 | 270.3 | -0.011401303112506866,-0.06549298018217087,-0.14893220365047455 | -0.035511985421180725,-0.011129955761134624,0.048409346491098404 | 0,0
4840 | 61.445344898849726 | 151.56671142578125,187.5661163330078,0.21462149918079376 | -4.645134449005127,0.02745046094059944,0.0011043421691283584 | 270.3 | -0.004356041084975004,-0.02386290766298771,-0.13082818686962128 | -0.05334179848432541,0.006036694627255201,-0.010391145944595337 | 0,0
4850 | 61.57812129706144 | 150.94920349121094,187.56961059570312,0.21456298232078552 | -4.6557159423828125,0.027728650718927383,0.0013116579502820969 | 270.3 | -0.010972629301249981,0.0022414750419557095,-0.10083996504545212 | -0.07950900495052338,-0.004633981268852949,-0.024575039744377136 | 0,0
4860 | 61.7046700976789 | 150.35916137695312,187.57302856445312,0.2145940661430359 | -4.668427467346191,0.02825486660003662,-0.00030135083943605423 | 270.3 | -0.004926907364279032,0.013236071914434433,-0.08405237644910812 | -0.10633203387260437,0.01619672402739525,-0.14755870401859283 | 0,0
4870 | 61.83111209794879 | 149.76788330078125,187.5764923095703,0.21457968652248383 | -4.682571887969971,0.028423847630620003,0.0005607971106655896 | 270.3 | -0.004408658482134342,0.014842460863292217,-0.06491804122924805 | -0.10667653381824493,0.011240078136324883,0.03870281204581261 | 0,0
4880 | 61.95866259932518 | 149.1695556640625,187.5800323486328,0.21453902125358582 | -4.69731330871582,0.02861741930246353,-0.0021545225754380226 | 270.3 | -0.0030417018570005894,0.011387085542082787,-0.05101494491100311 | -0.11737996339797974,0.005798769649118185,-0.20137616991996765 | 0,0
4890 | 62.08928319811821 | 148.55491638183594,187.58372497558594,0.2145185023546219 | -4.712235450744629,0.028625234961509705,0.0007814588025212288 | 270.3 | -0.004278901498764753,0.006387710105627775,-0.03516964614391327 | -0.10653546452522278,0.003442510263994336,0.04714783653616905 | 0,0
4900 | 62.2135397978127 | 147.9684295654297,187.58726501464844,0.21455635130405426 | -4.726194381713867,0.028721923008561134,0.00024823006242513657 | 270.3 | -0.0027475240640342236,0.0027946552727371454,-0.025958023965358734 | -0.09997723251581192,0.003920271061360836,0.03442500904202461 | 0,0
4910 | 62.34281599894166 | 147.35643005371094,187.59095764160156,0.21451561152935028 | -4.740379810333252,0.028720729053020477,-0.0003419336280785501 | 270.3 | -0.0018386897863820195,0.00021765870042145252,-0.01673251762986183 | -0.10333431512117386,0.0032039606012403965,-0.05278051644563675 | 0,0
4920 | 62.46860430017114 | 146.75921630859375,187.59454345703125,0.2145361304283142 | -4.753709316253662,0.02872406132519245,-0.00013615791976917535 | 270.3 | -0.001019747811369598,-0.001634526764973998,-0.010536356829106808 | -0.1012783795595169,0.0009200202184729278,-0.04802136868238449 | 0,0
4930 | 62.59900629892945 | 146.1383819580078,187.59828186035156,0.21451911330223083 | -4.767020225524902,0.0287440475076437,0.0012147120432928205 | 270.3 | -0.0005872354377061129,-0.0028624688275158405,-0.006340873893350363 | -0.08789107203483582,-0.0009488190407864749,-0.02489471435546875 | 0,0
4940 | 62.72468379884958 | 145.53842163085938,187.6018829345703,0.21454554796218872 | -4.779231071472168,0.028799405321478844,1.2396207239362411e-05 | 270.3 | 0.00018010532949119806,-0.003868954721838236,-0.004214266315102577 | -0.08363284915685654,0.0006414121016860008,0.049615006893873215 | 0,0
4950 | 62.853646498173475 | 144.9212188720703,187.60562133789062,0.2145373523235321 | -4.7913384437561035,0.02889062650501728,-0.00032475078478455544 | 270.3 | 0.0005845820414833724,-0.003832115326076746,-0.003647122299298644 | -0.09023967385292053,0.00041266781045123935,-0.04284568876028061 | 0,0
4960 | 62.98036029934883 | 144.31326293945312,187.60926818847656,0.2145468145608902 | -4.802835464477539,0.028917033225297928,1.1652425200736616e-05 | 270.3 | -0.0003088910598307848,-0.0037208287976682186,-0.0014543479774147272 | -0.07826270908117294,-0.00026567516033537686,0.086954765021801 | 0,0
4970 | 63.107133597135544 | 143.70361328125,187.61293029785156,0.2145622968673706 | -4.813995361328125,0.028843924403190613,-0.0004358302103355527 | 270.3 | -0.0015522700268775225,-0.0033573987893760204,0.0028414360713213682 | -0.08448509871959686,-0.001258236006833613,-0.13855430483818054 | 0,0
4980 | 63.23528189957142 | 143.0859375,187.61663818359375,0.21453097462654114 | -4.825015544891357,0.028679797425866127,-0.0002692348207347095 | 270.3 | -0.002318567829206586,-0.002807254670187831,0.008272689767181873 | -0.07853297144174576,-0.0014363223453983665,-0.01360454224050045 | 0,0
4990 | 63.36250689998269 | 142.47132873535156,187.62026977539062,0.21456146240234375 | -4.835813045501709,0.02831951528787613,0.0010849523823708296 | 270.3 | -0.003827261971309781,-0.002036364283412695,0.017233697697520256 | -0.0767105221748352,-0.003138049505650997,0.047341324388980865 | 0,0
5000 | 63.488497499376535 | 141.86131286621094,187.6238250732422,0.21456435322761536 | -4.846554279327393,0.027858201414346695,-0.0009243885288015008 | 270.3 | -0.0039668031968176365,-0.0010661216219887137,0.026389120146632195 | -0.07010356336832047,-0.0026797729078680277,-0.05817057192325592 | 0,0
5010 | 63.61827899888158 | 141.23153686523438,187.62744140625,0.214568093419075 | -4.857621192932129,0.027189582586288452,0.001794945215806365 | 270.3 | -0.005084617994725704,-0.0004622717679012567,0.037991736084222794 | -0.07125355303287506,-0.004090146627277136,0.0038271727971732616 | 0,0
5020 | 63.74325359985232 | 140.62374877929688,187.630859375,0.21458129584789276 | -4.868147850036621,0.026358071714639664,-0.0012003442971035838 | 270.3 | -0.005770152434706688,-0.0005506013403646648,0.050974611192941666 | -0.08615099638700485,-0.007409926503896713,-0.14674779772758484 | 0,0
5030 | 63.86952259764075 | 140.00831604003906,187.63417053222656,0.21456851065158844 | -4.878854751586914,0.02536078542470932,-0.001007184968329966 | 270.3 | -0.005793234333395958,-1.0293354534951504e-05,0.0643601343035698 | -0.07768968492746353,-0.0053946212865412235,-0.08669179677963257 | 0,0
5040 | 64.0053387992084 | 139.34481811523438,187.6376190185547,0.2144724577665329 | -4.8907036781311035,0.024103283882141113,0.002224149415269494 | 270.3 | -0.006311483681201935,0.0011977823451161385,0.07969571650028229 | -0.0637822225689888,-0.004446829203516245,0.01527379546314478 | 0,0
5050 | 64.13337099924684 | 138.7178497314453,187.6407012939453,0.21460208296775818 | -4.902190208435059,0.02271382324397564,0.0009779557585716248 | 270.3 | -0.0067461272701621056,0.0018618006724864244,0.09467345476150513 | -0.08100254833698273,-0.015959477052092552,0.011036111041903496 | 0,0
5060 | 64.26280719786882 | 138.08279418945312,187.64369201660156,0.21455642580986023 | -4.902703285217285,0.02098255418241024,0.00046899644075892866 | 270.2 | -0.007205630652606487,-0.051911577582359314,0.11205830425024033 | 0.21679076552391052,-0.010732414200901985,0.08015976846218109 | 0,0
5070 | 64.38864599913359 | 137.4716339111328,187.64634704589844,0.21488513052463531 | -4.813554763793945,0.018774256110191345,0.0006954980199225247 | 270.2 | -0.006032879929989576,-0.29906216263771057,0.1231682077050209 | 0.7811724543571472,-0.010072557255625725,-0.03106284700334072 | 0,0
5080 | 64.5150814987719 | 136.8712615966797,187.6487274169922,0.2153141349554062 | -4.701619625091553,0.016529662534594536,0.0003091524413321167 | 270.2 | -0.004719576332718134,-0.2914173901081085,0.1329541802406311 | 0.6100616455078125,-0.020443381741642952,0.013227470219135284 | 0,0
5090 | 64.64703889936209 | 136.25860595703125,187.6509552001953,0.21562816202640533 | -4.602595329284668,0.014618854969739914,-0.00022885283397044986 | 270.2 | 0.0008881028625182807,-0.13176757097244263,0.1351860761642456 | 0.5912675261497498,-0.02587696723639965,0.09508625417947769 | 0,0
5100 | 64.771843098104 | 135.68878173828125,187.65283203125,0.21569521725177765 | -4.541465759277344,0.01253095455467701,0.0010901236673817039 | 270.2 | -0.004197593312710524,0.03377477824687958,0.14865584671497345 | 0.3252318501472473,-0.023471783846616745,0.034592896699905396 | 0,0
5110 | 64.89698699861765 | 135.12261962890625,187.6544952392578,0.21554724872112274 | -4.511941909790039,0.010682904161512852,0.0001994555350393057 | 270.1 | -0.004033403936773539,0.1448436975479126,0.15874210000038147 | 0.11303699761629105,-0.023561660200357437,0.0740753635764122 | 0,0
5120 | 65.03043469786644 | 134.52084350585938,187.65603637695312,0.21514853835105896 | -4.507554531097412,0.009349667467176914,-0.0044410270638763905 | 270.1 | 0.007586472202092409,0.19127197563648224,0.15316425263881683 | -0.04747210815548897,0.03457145020365715,-0.2460612952709198 | 0,0
5130 | 65.15613159909844 | 133.9532928466797,187.65728759765625,0.21499736607074738 | -4.51987886428833,0.007052311673760414,0.0008795427274890244 | 270.1 | -0.006624729838222265,0.1773761808872223,0.1727246195077896 | -0.12383299320936203,-0.019541962072253227,0.0008855502819642425 | 0,0
5140 | 65.28227979689837 | 133.3815155029297,187.65835571289062,0.21479922533035278 | -4.540345668792725,0.0059039355255663395,0.0003890608495566994 | 270.1 | 0.0060000233352184296,0.13879837095737457,0.15974295139312744 | -0.1627831608057022,0.007096127141267061,0.017385412007570267 | 0,0
5150 | 65.41033469885588 | 132.79832458496094,187.65919494628906,0.21462123095989227 | -4.563761234283447,0.004015751648694277,0.0010045949602499604 | 270.1 | 0.0009617059258744121,0.09157266467809677,0.16525167226791382 | -0.16786101460456848,-0.032915931195020676,0.10918217897415161 | 0,0
5160 | 65.5414469987154 | 132.1981658935547,187.65977478027344,0.214487224817276 | -4.587096691131592,0.0015831708442419767,-0.00043635282781906426 | 270.0 | -0.00583632430061698,0.04945751279592514,0.1847209632396698 | -0.14048103988170624,-0.020158449187874794,-0.11767736077308655 | 0,0
5170 | 65.67133549973369 | 131.6007843017578,187.66012573242188,0.2144749015569687 | -4.608034133911133,0.0006068787188269198,0.0007031718268990517 | 270.0 | 0.008690588176250458,0.018675396218895912,0.1622578501701355 | -0.1478489190340042,0.02702716551721096,-0.06016457825899124 | 0,0
5180 | 65.80768469721079 | 130.97097778320312,187.66029357910156,0.21432209014892578 | -4.62738561630249,-0.001510986010544002,-0.002531202742829919 | 270.0 | 0.004606819245964289,-0.0006324102869257331,0.16977159678936005 | -0.13534431159496307,-0.00129144755192101,0.10310269147157669 | 0,0
5190 | 65.93808199837804 | 130.3663787841797,187.66015625,0.21444015204906464 | -4.643882751464844,-0.0034965325612574816,0.0003117821179330349 | 270.0 | -0.0002499071997590363,-0.008922385983169079,0.17258059978485107 | -0.11233922839164734,-0.024351898580789566,0.06065637618303299 | 0,0
5200 | 66.07054399698973 | 129.75010681152344,187.65988159179688,0.21445761620998383 | -4.659339904785156,-0.004827247466892004,0.0008579503046348691 | 269.9 | 0.002700590994209051,-0.010633287951350212,0.1597994565963745 | -0.10659506171941757,-0.019242819398641586,0.20259989798069 | 0,0
5210 | 66.1989234983921 | 129.1509552001953,187.6593475341797,0.21451571583747864 | -4.673609733581543,-0.006116288248449564,0.0012019628193229437 | 269.9 | 0.004728210624307394,-0.009095292538404465,0.15066544711589813 | -0.09642712026834488,-0.01262600440531969,0.13745737075805664 | 0,0
5220 | 66.32640289887786 | 128.55419921875,187.65869140625,0.21452681720256805 | -4.687555313110352,-0.007749274838715792,-0.0007100885850377381 | 269.9 | -5.3575440688291565e-05,-0.00635242834687233,0.15117353200912476 | -0.10035776346921921,-0.02218431793153286,-0.06347838789224625 | 0,0
5230 | 66.45526769757271 | 127.94915008544922,187.65780639648438,0.21451835334300995 | -4.701658725738525,-0.008787401020526886,-0.00026083423290401697 | 269.9 | 0.006859638728201389,-0.003583567915484309,0.13749060034751892 | -0.10024838894605637,0.001467955531552434,0.045607179403305054 | 0,0
5240 | 66.59132319688797 | 127.30833435058594,187.65675354003906,0.21440669894218445 | -4.716693878173828,-0.010076496750116348,0.0006600257474929094 | 269.9 | 0.004712450318038464,-0.0012526769423857331,0.12972910702228546 | -0.11019906401634216,0.0017026124987751245,0.17973525822162628 | 0,0
5250 | 66.71568669751287 | 126.72079467773438,187.65557861328125,0.2145410180091858 | -4.730523109436035,-0.011214947327971458,0.00032654497772455215 | 269.9 | 0.004351042676717043,-0.0003415178507566452,0.12389839440584183 | -0.10667646676301956,0.0036213300190865993,-0.009267248213291168 | 0,0
5260 | 66.84080090001225 | 126.12800598144531,187.654296875,0.21454787254333496 | -4.744105815887451,-0.012276453897356987,0.0004420884943101555 | 269.9 | 0.00045326518011279404,-0.001066752476617694,0.11688301712274551 | -0.1007470116019249,-0.02167821303009987,0.06670445203781128 | 0,0
5270 | 66.96918389946222 | 125.51799774169922,187.65283203125,0.21451576054096222 | -4.757542610168457,-0.013211455196142197,0.0003131854173261672 | 269.8 | 0.00043534074211493134,-0.002207742538303137,0.10940760374069214 | -0.09985734522342682,-0.018431061878800392,0.018222792074084282 | 0,0
5280 | 67.1013322994113 | 124.88832092285156,187.6511993408203,0.21447230875492096 | -4.770920753479004,-0.013787922449409962,0.0014563873410224915 | 269.8 | 0.0059136985801160336,-0.002816742053255439,0.09347986429929733 | -0.0939696729183197,0.0019172033062204719,0.10065886378288269 | 0,0
5290 | 67.23411099985242 | 124.25390625,187.64944458007812,0.21447589993476868 | -4.783939361572266,-0.014696755446493626,-0.00030094830435700715 | 269.8 | 0.0015830087941139936,-0.002988651627674699,0.08874749392271042 | -0.09689779579639435,-0.004728675354272127,-0.11798226088285446 | 0,0
5300 | 67.36172419786453 | 123.64254760742188,187.6476593017578,0.214547798037529 | -4.796280384063721,-0.015315942466259003,0.0014933268539607525 | 269.8 | 0.0024478179402649403,-0.002348800888285041,0.08006429672241211 | -0.07362086325883865,0.0019672224298119545,0.046282004565000534 | 0,0
5310 | 67.48935899883509 | 123.02948760986328,187.64578247070312,0.214557945728302 | -4.808794021606445,-0.015949402004480362,-0.00047794802230782807 | 269.8 | 0.002733953995630145,-0.0008290167315863073,0.07333998382091522 | -0.09167854487895966,-0.005932595580816269,-0.1283780336380005 | 0,0
5320 | 67.62144059687853 | 122.39337921142578,187.64376831054688,0.21452578902244568 | -4.821988582611084,-0.016515500843524933,0.001071083708666265 | 269.8 | 0.0012790961191058159,0.0004933607415296137,0.06572096049785614 | -0.09189151227474213,-0.011247185058891773,-0.05670957267284393 | 0,0
5330 | 67.74826809763908 | 121.78092193603516,187.64170837402344,0.21453338861465454 | -4.834806442260742,-0.01692894473671913,-0.0021640558261424303 | 269.8 | 0.0028777611441910267,0.0008966077584773302,0.05761493742465973 | -0.11062885075807571,-0.002227897522971034,-0.1614774465560913 | 0,0
5340 | 67.87582779675722 | 121.16329193115234,187.63961791992188,0.2145453244447708 | -4.847641944885254,-0.017321797087788582,-0.00038207825855351985 | 269.8 | 0.001465548062697053,0.0005457233055494726,0.05059291794896126 | -0.09697123616933823,-0.008003205992281437,-0.047491274774074554 | 0,0
5350 | 68.00130399689078 | 120.55416107177734,187.63751220703125,0.2145642787218094 | -4.860116958618164,-0.0175461508333683,0.00140083534643054 | 269.8 | 0.003499469254165888,-2.8252714400878176e-05,0.041894908994436264 | -0.07780329138040543,0.0008347816183231771,0.08360100537538528 | 0,0
5360 | 68.1308251991868 | 119.92375946044922,187.63531494140625,0.2145405113697052 | -4.872829437255859,-0.01780226267874241,0.0006600908236578107 | 269.8 | 0.003498727222904563,-0.0005780294304713607,0.03492286428809166 | -0.08686824142932892,0.00033172807889059186,-0.07657178491353989 | 0,0
5370 | 68.25752079859376 | 119.30552673339844,187.63308715820312,0.21455085277557373 | -4.885034561157227,-0.018097974359989166,0.0005857517244294286 | 269.8 | 0.0015233089216053486,-0.0011084274156019092,0.03132541850209236 | -0.08845368772745132,-0.005121325142681599,0.10036437213420868 | 0,0
5380 | 68.37924059852958 | 118.71014404296875,187.63088989257812,0.2145984172821045 | -4.896571636199951,-0.018290085718035698,0.0009179786429740489 | 269.8 | 0.001270066131837666,-0.0013055000454187393,0.026900438591837883 | -0.08423693478107452,-0.00168517732527107,-0.007428438868373632 | 0,0
5390 | 68.50188779830933 | 118.10881805419922,187.62869262695312,0.2145770937204361 | -4.908015251159668,-0.018394744023680687,-0.0010335921542719007 | 269.8 | 0.001985471462830901,-0.001460631494410336,0.021321279928088188 | -0.0975126400589943,-0.0004485652025323361,-0.10995050519704819 | 0,0
5400 | 68.62841369956732 | 117.48699951171875,187.6263427734375,0.21453624963760376 | -4.919643878936768,-0.01853761076927185,0.00024755269987508655 | 269.8 | 0.0012075814884155989,-0.0014628120698034763,0.017815344035625458 | -0.08284983783960342,-0.002396679250523448,0.031592145562171936 | 0,0
5410 | 68.75230479985476 | 116.87672424316406,187.62403869628906,0.21456676721572876 | -4.930899143218994,-0.01862708479166031,0.00028296851087361574 | 269.8 | 0.000982777331955731,-0.0013069461565464735,0.014242996461689472 | -0.086552694439888,-0.0013598795048892498,0.02562415413558483 | 0,0
5420 | 68.87824329733849 | 116.25495910644531,187.62171936035156,0.2145547866821289 | -4.942190647125244,-0.01869228109717369,0.0003931996470782906 | 269.8 | 0.0009228637209162116,-0.0012361606350168586,0.010880363173782825 | -0.07344835251569748,0.00023489144223276526,-0.02659757249057293 | 0,0
5430 | 69.00494769960642 | 115.62799835205078,187.6193389892578,0.21454547345638275 | -4.95339298248291,-0.018769392743706703,0.00048434993368573487 | 269.8 | 0.0006328873569145799,-0.001183219370432198,0.00872892513871193 | -0.08572210371494293,-0.0011419234797358513,0.08980807662010193 | 0,0
5440 | 69.13148500025272 | 115.00043487548828,187.61697387695312,0.21456100046634674 | -4.964480876922607,-0.018849743530154228,0.0010548591380938888 | 269.8 | 0.0002414612827124074,-0.0010385512141510844,0.007302240468561649 | -0.0761374905705452,-0.0010863513452932239,0.0478585921227932 | 0,0
5450 | 69.25657729804516 | 114.37867736816406,187.6146240234375,0.21456576883792877 | -4.975313663482666,-0.01892789825797081,0.0006606739480048418 | 269.8 | 6.328337622107938e-05,-0.0009755157516337931,0.006305414251983166 | -0.07188466936349869,-0.0006303107365965843,0.08764331787824631 | 0,0
5460 | 69.38140909746289 | 113.75685119628906,187.61227416992188,0.21457679569721222 | -4.986010551452637,-0.019018370658159256,0.000555210339371115 | 269.8 | -0.00010365685739088804,-0.0009412532672286034,0.005858190357685089 | -0.07609141618013382,-0.0009957344736903906,-0.028133874759078026 | 0,0
5470 | 69.50709699839354 | 113.12944030761719,187.60987854003906,0.21457058191299438 | -4.9966230392456055,-0.019119899719953537,-0.0003075400891248137 | 269.8 | -0.000199943853658624,-0.0010708982590585947,0.005800595041364431 | -0.08340760320425034,-0.0009699815418571234,-0.11347481608390808 | 0,0
5480 | 69.63787239789963 | 112.47520446777344,187.60736083984375,0.2149895429611206 | -5.007584095001221,-0.019163990393280983,0.0025144454557448626 | 269.8 | 0.0008223477052524686,-0.0009036623523570597,0.0041023422963917255 | -0.07676125317811966,-0.0008159303688444197,-0.04738987982273102 | 0,0
5490 | 69.76293589919806 | 111.84822082519531,187.60501098632812,0.21505850553512573 | -5.017956256866455,-0.019201943650841713,-0.00035539004602469504 | 269.8 | 0.0006970780086703598,-0.0008120954153127968,0.003023230005055666 | -0.0847473219037056,-0.00026333730784244835,-0.008633014746010303 | 0,0
5500 | 69.88552999868989 | 111.23238372802734,187.60269165039062,0.21498717367649078 | -5.027957439422607,-0.019213775172829628,-0.0006447695195674896 | 269.8 | 0.0007031058194115758,-0.0003885641344822943,0.005031277891248465 | -0.12540799379348755,-0.00020897292415611446,0.0007494869059883058 | 0,0
5510 | 70.01139099895954 | 110.59941864013672,187.6002960205078,0.214944988489151 | -5.028053283691406,-0.0191485658288002,-0.0004598536470439285 | 269.8 | 0.0011976197129115462,-0.037125542759895325,0.0037623844109475613 | -0.2268204540014267,-9.931091335602105e-05,0.0018532266840338707 | 0,0
5520 | 70.13834830000997 | 109.96292877197266,187.59786987304688,0.21501292288303375 | -5.01000452041626,-0.01898188516497612,-0.0002731077838689089 | 269.8 | 0.0017391976434737444,-0.049140095710754395,-0.002936585107818246 | -0.3383371829986572,-0.0002987550396937877,0.0011275224387645721 | 0,0
5530 | 70.26451689749956 | 109.33059692382812,187.5955047607422,0.21495841443538666 | -5.027389049530029,-0.018837081268429756,0.0002744819794315845 | 269.8 | 0.0022334130480885506,0.09165195375680923,-0.0064513240940868855 | -0.160592719912529,-0.0020382513757795095,-0.004556653555482626 | 0,0
5540 | 70.38745779916644 | 108.71077728271484,187.5931854248047,0.2148543894290924 | -5.047343730926514,-0.01881014183163643,-7.695201929891482e-06 | 269.8 | 0.0004101756785530597,0.05142389237880707,-0.008352107368409634 | 0.11001744866371155,0.0016567478887736797,-0.0009441017755307257 | 0,0
5550 | 70.51147549971938 | 108.08421325683594,187.59085083007812,0.21482795476913452 | -5.053231239318848,-0.018632005900144577,-4.6495253627654165e-05 | 269.8 | 0.0011470622848719358,-0.010842209681868553,-0.012064961716532707 | 0.18200534582138062,0.0028851889073848724,-8.241867180913687e-05 | 0,0
5560 | 70.6419358998537 | 107.42506408691406,187.58843994140625,0.2148715853691101 | -5.044905662536621,-0.018338872119784355,-3.617800757638179e-05 | 269.8 | 0.0019527628319337964,-0.07885056734085083,-0.016771145164966583 | 0.6693628430366516,0.004664682317525148,0.00017225938790943474 | 0,0
5570 | 70.77010099962354 | 106.77811431884766,187.58607482910156,0.21491679549217224 | -5.049098014831543,-0.018065664917230606,-2.0644320102292113e-05 | 269.8 | 0.0016567242564633489,-0.01448206976056099,-0.019040115177631378 | 0.29289695620536804,0.003347102552652359,9.957509610103443e-05 | 0,0
5580 | 70.89707999676466 | 106.13634490966797,187.58377075195312,0.21490713953971863 | -5.059537887573242,-0.017767149955034256,-1.2291378880036063e-05 | 269.8 | 0.0013188051525503397,0.029912037774920464,-0.02172977663576603 | 0.041525546461343765,0.0018109484808519483,4.96738612127956e-05 | 0,0
5590 | 71.02795289829373 | 105.47227478027344,187.5814208984375,0.21483543515205383 | -5.074095726013184,-0.017411064356565475,-6.608099738514284e-06 | 269.8 | 0.0009331253240816295,-0.008087283931672573,-0.027007652446627617 | 0.4700627624988556,0.0029027683194726706,1.9013150449609384e-05 | 0,0
5600 | 71.15543239936233 | 104.82484436035156,187.57920837402344,0.21483942866325378 | -5.08774471282959,-0.016972461715340614,-2.822525175361079e-06 | 269.8 | 0.001987835392355919,0.034952372312545776,-0.03060060739517212 | -0.011439317837357521,0.004960575141012669,4.4323340262053534e-05 | 0,0
5610 | 71.28263459727168 | 104.17554473876953,187.5770263671875,0.21476665139198303 | -5.112676620483398,-0.016632096841931343,-5.721316483686678e-06 | 269.8 | 0.0006872279336676002,0.03525820001959801,-0.033085983246564865 | 0.07374156266450882,0.0034573315642774105,7.694248051848263e-05 | 0,0
5620 | 71.40538819879293 | 103.54605865478516,187.574951171875,0.21471285820007324 | -5.13898229598999,-0.016203507781028748,9.344822160528565e-07 | 269.8 | 0.0007762832101434469,0.03821661323308945,-0.03701185807585716 | -0.025170689448714256,0.001837797462940216,0.0003343705029692501 | 0,0
5630 | 71.53200449794531 | 102.89400482177734,187.57289123535156,0.21469776332378387 | -5.152589797973633,-0.015644308179616928,1.087054556592193e-06 | 269.8 | 0.0012528247898444533,-0.030058881267905235,-0.04276378080248833 | 0.24349674582481384,0.0031539518386125565,3.2897978599066846e-06 | 0,0
5640 | 71.66162749752402 | 101.7191162109375,187.56935119628906,0.21481803059577942 | -5.1595964431762695,-0.014521344564855099,1.1156636219311622e-06 | 269.8 | 0.0014784481609240174,-0.015855897217988968,-0.04911594092845917 | 0.05676810443401337,0.002585685346275568,-7.436130999849411e-07 | 0,0
5650 | 71.78586779907346 | 101.45442962646484,187.56857299804688,0.21481497585773468 | -5.164727687835693,-0.014258523471653461,2.5841459319053683e-06 | 269.8 | 0.0015417132526636124,-0.012364170514047146,-0.050696879625320435 | 0.33670052886009216,0.0025072770658880472,0.00028617455973289907 | 0,0
5660 | 71.91119089722633 | 100.93760681152344,187.56710815429688,0.2148274928331375 | -5.169939041137695,-0.01368547324091196,-7.819190841473755e-07 | 269.8 | 0.0025606912095099688,-0.017217975109815598,-0.05420618876814842 | 0.2165640890598297,0.009448557160794735,-5.7472483604215086e-05 | 0,0
5670 | 72.04003429785371 | 100.27096557617188,187.5653076171875,0.21484920382499695 | -5.1733903884887695,-0.013104211539030075,6.198022219905397e-07 | 269.9 | -0.0012646433897316456,-0.030426116660237312,-0.05504850670695305 | 0.24901509284973145,-0.003951773978769779,1.1792773875640705e-05 | 0,0
5680 | 72.16819939762354 | 99.60809326171875,187.56361389160156,0.21489669382572174 | -5.171358108520508,-0.012228545732796192,1.53523069457151e-06 | 269.9 | 0.0008177987765520811,-0.026228155940771103,-0.06001250818371773 | 0.27999386191368103,0.002509839367121458,-1.0140066478925291e-05 | 0,0
5690 | 72.29289479926229 | 98.96229553222656,187.56207275390625,0.2148851752281189 | -5.184444427490234,-0.011393125168979168,8.391318715439411e-07 | 269.9 | 0.0013223906280472875,0.025047801434993744,-0.06439400464296341 | 0.08076304942369461,0.0003994315047748387,-4.2593983380356804e-05 | 0,0
5700 | 72.42081649973989 | 98.29817199707031,187.56056213378906,0.21485529839992523 | -5.194273948669434,-0.010673263110220432,7.723745056864573e-07 | 269.9 | -0.0003633221494965255,0.009628723375499249,-0.06442311406135559 | 0.1308813840150833,0.011062610894441605,0.00027080386644229293 | 0,0
