Simulation Frame | Timestamp | Position | Velocity | Heading | Angular Velocity | Acceleration | Stopped at Red Light + Light ID 
110 | 3.6666668578982353 | 98.37737274169922,191.70425415039062,0.21033866703510284 | 4.989229202270508,-0.08631828427314758,-0.0010713125811889768 | 91.0 | -0.197450652718544,-0.18356648087501526,-0.5394334197044373 | 0.35426613688468933,-0.3995521068572998,0.03878271207213402 | 0,0
120 | 4.000000208616257 | 100.049560546875,191.67892456054688,0.2106112688779831 | 5.008874893188477,-0.07439938187599182,0.002173557411879301 | 90.9 | 0.007348529528826475,-0.07889217883348465,-0.02288598194718361 | -0.10266780108213425,0.017428768798708916,0.4392102360725403 | 0,0
130 | 4.333333559334278 | 101.7259750366211,191.65382385253906,0.20978324115276337 | 5.224481105804443,-0.07881055772304535,0.007223202846944332 | 90.9 | -0.008310848847031593,-0.9554103016853333,-0.018810417503118515 | 2.8677031993865967,-0.0438612662255764,-0.1313837468624115 | 0,0
140 | 4.6666669100522995 | 103.57770538330078,191.62646484375,0.2087525874376297 | 5.659961223602295,-0.0832720547914505,-0.0005700686597265303 | 90.8 | -0.019916197285056114,0.5555657744407654,-2.8658905029296875 | -0.5978249907493591,0.020979566499590874,0.001024076365865767 | 0,0
150 | 5.000000260770321 | 105.40371704101562,191.60003662109375,0.21096885204315186 | 5.335617542266846,-0.07473140209913254,-0.00014640274457633495 | 90.8 | 0.016689248383045197,0.31336602568626404,-3.1708366870880127 | -0.7102345824241638,0.033774372190237045,0.0007637659437023103 | 0,0
160 | 5.333333611488342 | 107.17279815673828,191.57603454589844,0.21059219539165497 | 5.343417167663574,-0.06591058522462845,-2.8643600671784952e-05 | 90.7 | 0.008708836510777473,-0.30999335646629333,-2.6585984230041504 | 0.4717254340648651,0.029965413734316826,0.00014817631745245308 | 0,0
170 | 5.666666962206364 | 108.9797134399414,191.55477905273438,0.20996658504009247 | 5.465859413146973,-0.05480681359767914,-4.32895967605873e-06 | 90.6 | 0.0047526005655527115,0.0030369192827492952,-2.551551580429077 | 0.1279592365026474,0.057015154510736465,0.00013101300282869488 | 0,0
180 | 6.000000312924385 | 110.79823303222656,191.5377655029297,0.2103133350610733 | 5.439102649688721,-0.039353471249341965,-7.246716791087238e-07 | 90.4 | -0.0002966079628095031,0.0851043164730072,-2.624504327774048 | -0.11967658251523972,0.051370780915021896,-2.002382097998634e-05 | 0,0
190 | 6.3333336636424065 | 112.60501098632812,191.52584838867188,0.21041667461395264 | 5.4395551681518555,-0.023718010634183884,-4.1954677953981445e-07 | 90.2 | -0.011764035560190678,-0.21153539419174194,-2.1051571369171143 | 1.0873602628707886,0.03139122948050499,5.091771890874952e-05 | 0,0
200 | 6.666667014360428 | 114.46733093261719,191.51882934570312,0.20961634814739227 | 5.670621871948242,-0.008705626241862774,-3.089389792876318e-06 | 90.1 | -0.016208134591579437,0.017981329932808876,-2.170585870742798 | 0.2936982810497284,0.03419167920947075,-1.9451710613793693e-05 | 0,0
210 | 7.000000365078449 | 116.36268615722656,191.51661682128906,0.21008239686489105 | 5.68403959274292,0.003541285637766123,2.898686716434895e-06 | 90.0 | -0.036979563534259796,0.13858775794506073,-2.3688652515411377 | -0.0753021165728569,0.0022605641279369593,1.2586400771397166e-05 | 0,0
220 | 7.333333715796471 | 118.25284576416016,191.51866149902344,0.21035940945148468 | 5.66318416595459,0.015055589377880096,2.7651944947137963e-06 | 89.8 | -0.016754498705267906,0.020891454070806503,-2.423994302749634 | -0.033431049436330795,0.018928375095129013,2.1168036255403422e-05 | 0,0
230 | 7.666667066514492 | 120.32855987548828,191.524658203125,0.21035216748714447 | 5.66217041015625,0.02394643984735012,-2.002382188948104e-06 | 89.8 | 0.0018862785072997212,-0.013698304072022438,-2.4882681369781494 | 0.012001990340650082,0.04038110002875328,-3.890342122758739e-05 | 0,0
240 | 8.000000417232513 | 122.02777862548828,191.53173828125,0.2103281319141388 | 5.666327476501465,0.028442349284887314,-9.535153111528416e-08 | 89.7 | 0.0014003112446516752,-0.006928772199898958,-2.555558204650879 | 0.012917517684400082,0.03050118498504162,5.3778261644765735e-05 | 0,0
250 | 8.333333767950535 | 123.91707611083984,191.54116821289062,0.21032482385635376 | 5.6696977615356445,0.03147319331765175,2.8605461466213455e-07 | 89.7 | -0.007148562930524349,-0.0024078278802335262,-2.625452756881714 | 0.00836849119514227,0.005217790137976408,3.4326552849961445e-05 | 0,0
260 | 8.666667118668556 | 125.80714416503906,191.55776977539062,0.2103259265422821 | 5.668492317199707,0.16163580119609833,-1.0183543963648845e-05 | 88.4 | 1.2872443199157715,0.02080668695271015,0.8052109479904175 | -0.05747794732451439,1.716644525527954,-0.0001767817302607 | 0,0
270 | 9.000000469386578 | 127.61370849609375,191.84193420410156,0.21211543679237366 | 4.711413860321045,2.504175901412964,-0.0014316461747512221 | 62.0 | 7.112327575683594,2.757991313934326,58.244651794433594 | -8.188618659973145,10.802849769592285,-0.009503306820988655 | 0,0
280 | 9.333333820104599 | 129.02330017089844,192.79087829589844,0.21243880689144135 | 3.548213005065918,4.210896968841553,0.0067389123141765594 | 40.1 | -0.7052125930786133,-1.0466095209121704,60.38409423828125 | -5.022310733795166,5.331429958343506,-0.0957052931189537 | 0,0
290 | 9.66666717082262 | 130.34046936035156,194.1173553466797,0.21093539893627167 | 3.166862726211548,4.707405090332031,-0.0006886478513479233 | 33.9 | 1.9906201362609863,2.784489154815674,42.839561462402344 | -6.045162200927734,3.395247220993042,-0.008720087818801403 | 0,0
300 | 10.000000521540642 | 131.09840393066406,195.7213897705078,0.21302054822444916 | 0.7993831634521484,5.39023494720459,-0.0002837280335370451 | 8.4 | -1.317725658416748,-2.680647611618042,62.18353271484375 | -0.7673102021217346,1.0202263593673706,0.012952551245689392 | 0,0
310 | 10.333333872258663 | 131.5930633544922,197.52134704589844,0.2105652540922165 | 1.2758053541183472,5.551297664642334,0.0003383263247087598 | 12.9 | -0.0392797477543354,-0.3925926387310028,14.324881553649902 | -2.550755500793457,0.8305835127830505,-0.0050145359709858894 | 0,0
320 | 10.666667222976685 | 131.9536590576172,199.3927459716797,0.21046988666057587 | 0.5829036831855774,5.661078929901123,-0.0001287436462007463 | 5.9 | -0.3297923803329468,-0.277325302362442,20.29371452331543 | -0.8227335810661316,0.08580207079648972,0.0010137775680050254 | 0,0
330 | 11.000000573694706 | 132.16278076171875,201.47879028320312,0.2104351818561554 | 0.28039291501045227,5.691078186035156,3.2286032364936545e-05 | 2.8 | -0.21349860727787018,0.004286770708858967,12.422894477844238 | -1.315567135810852,0.07382868975400925,-0.00043022603495046496 | 0,0
340 | 11.333333924412727 | 132.2525177001953,203.19561767578125,0.210386723279953 | 0.1457286924123764,5.700286865234375,1.6781870726845227e-05 | 1.5 | -0.2378685623407364,-0.3355640172958374,8.21914291381836 | -0.4407472610473633,0.020184515044093132,-5.6638797104824334e-05 | 0,0
350 | 11.666667275130749 | 132.29959106445312,205.10659790039062,0.21036791801452637 | 0.02619454264640808,5.703073501586914,5.530388989427593e-06 | 0.3 | -0.23027563095092773,-0.08373576402664185,6.07793664932251 | -0.47868385910987854,0.0036048886831849813,8.46721522975713e-05 | 0,0
360 | 12.00000062584877 | 132.31190490722656,207.0186309814453,0.21035940945148468 | -0.023852718994021416,5.704416751861572,6.674607675449806e-07 | 359.8 | -0.22976447641849518,-0.19272971153259277,4.088685035705566 | -0.023360027000308037,0.005264281760901213,-3.261022357037291e-05 | 0,0
370 | 12.333333976566792 | 132.30197143554688,208.93118286132812,0.21035373210906982 | -0.07021382451057434,5.7058939933776855,2.135874410669203e-06 | 359.3 | -0.23006020486354828,-0.01827564463019371,3.2490057945251465 | -0.18686412274837494,0.003933906089514494,1.1442169807196478e-06 | 0,0
380 | 12.666667327284813 | 132.27825927734375,210.84425354003906,0.21035216748714447 | -0.09602104872465134,5.707458972930908,6.674607675449806e-07 | 359.0 | -0.2306366115808487,-0.05558622255921364,2.6593821048736572 | -0.030005870386958122,0.004849433433264494,-3.7187099223956466e-05 | 0,0
390 | 13.000000678002834 | 132.24627685546875,212.7578125,0.21035316586494446 | -0.11069285869598389,5.708895683288574,2.1549446955759777e-06 | 358.9 | -0.23109044134616852,-0.034216780215501785,2.2583603858947754 | -0.03084718994796276,0.004119872581213713,3.1466006475966424e-05 | 0,0
400 | 13.333334028720856 | 132.20895385742188,214.67176818847656,0.21035414934158325 | -0.12220723181962967,5.710188388824463,-4.1954677953981445e-07 | 358.8 | -0.2312750220298767,-0.0114448769018054,2.073460578918457 | -0.03587208315730095,0.0038766858633607626,-8.753270230954513e-05 | 0,0
410 | 13.666667379438877 | 132.1671905517578,216.586181640625,0.21035414934158325 | -0.1344587355852127,5.711495876312256,2.8605461466213455e-07 | 358.7 | -0.23100608587265015,-0.015338973142206669,2.026594400405884 | -0.02362578921020031,0.004205703269690275,4.004764195997268e-05 | 0,0
420 | 14.000000730156898 | 132.1266632080078,218.3943634033203,0.21409426629543304 | -0.08218614757061005,3.9692907333374023,-0.008350544609129429 | 358.8 | -5.560822486877441,-0.2158915102481842,0.9704086780548096 | 0.5315784811973572,-19.887727737426758,0.13070546090602875 | 1,3
430 | 14.33333408087492 | 132.11997985839844,218.76991271972656,0.22523917257785797 | -2.712098830670584e-05,-0.005223413463681936,0.0011506261071190238 | 358.8 | 3.099766492843628,0.06924055516719818,0.001027432270348072 | -0.0013067774707451463,-0.046399522572755814,0.009074223227798939 | 1,3
440 | 14.666667431592941 | 132.1197967529297,218.77664184570312,0.2137327939271927 | 0.00010077420301968232,-0.0037372144870460033,0.0004722570884041488 | 358.8 | 1.7556607723236084,0.04337028041481972,0.00022888751118443906 | -0.00018328623264096677,0.014058406464755535,-0.0032392824068665504 | 1,3
450 | 15.000000782310963 | 132.11973571777344,218.7783203125,0.2107628583908081 | 2.2104064555605873e-05,-0.0009634532034397125,3.404049857635982e-05 | 358.8 | 0.4278024733066559,0.009928655810654163,4.276294930605218e-05 | -0.0001283213059650734,0.005341105628758669,-0.0005114655359648168 | 1,3
460 | 15.333334133028984 | 132.11972045898438,218.7786407470703,0.21020816266536713 | 4.4505077312351204e-06,-0.0002200734888901934,-2.784264779620571e-06 | 358.8 | 0.0966358631849289,0.0018310317536816,7.48310503695393e-06 | -2.1851744804735063e-06,0.0005711397971026599,-1.4302726413006894e-05 | 1,3
470 | 15.666667483747005 | 132.11972045898438,218.7787628173828,0.21004371345043182 | 1.0579187801340595e-06,-5.6890665291575715e-05,-1.3349215350899613e-06 | 358.8 | 0.024890832602977753,0.00042156115523539484,1.5692650094933924e-06 | 5.643720669468166e-06,9.26745906326687e-06,2.0023819160996936e-05 | 1,3
480 | 16.000000834465027 | 132.11972045898438,218.77880859375,0.20999163389205933 | 1.0081484447255207e-07,-1.1306253327347804e-05,-4.767576911035576e-07 | 358.8 | 0.004933505319058895,2.872445111279376e-05,1.7333296398192033e-07 | 3.4931126720039174e-06,-7.377471047220752e-05,-1.4874838598188944e-05 | 1,3
490 | 16.33333418518305 | 132.11972045898438,218.77882385253906,0.20997673273086548 | 3.71258970233157e-08,-5.890336979064159e-06,-1.2586402817760245e-06 | 358.8 | 0.0025768412742763758,5.647842954203952e-06,1.9279613638900628e-07 | -4.61345820212955e-07,2.6419214918860234e-05,3.375444794073701e-05 | 1,3
500 | 16.66666753590107 | 132.11972045898438,218.77882385253906,0.20997321605682373 | 4.716537915783192e-08,-1.8467716245140764e-06,-1.1823590284620877e-06 | 358.8 | 0.0008077240781858563,1.6482286810060032e-05,6.08089294473757e-08 | 1.00729073437833e-06,6.003063845128054e-06,-5.148980108060641e-06 | 1,3
510 | 17.00000088661909 | 132.11972045898438,218.77882385253906,0.20997196435928345 | 9.922669619299995e-08,-5.08245364017057e-07,2.479139880051662e-07 | 358.8 | 0.00022244905994739383,3.9345115510514006e-05,2.581839630977356e-08 | 4.135365998081397e-06,1.3337715927264071e-06,1.8307493519387208e-05 | 1,3
520 | 17.333334237337112 | 132.11972045898438,218.77882385253906,0.2099708914756775 | 1.1171941594056989e-07,-1.0099964242726855e-07,-5.7210922221884175e-08 | 358.8 | 4.488518970902078e-05,3.622869189712219e-05,2.1739758437888668e-08 | 5.796564437332563e-06,1.033897206070833e-06,-5.148982381797396e-06 | 1,3
530 | 17.666667588055134 | 132.11972045898438,218.77882385253906,0.2099708914756775 | 1.2613608646461216e-07,-5.9494816184724186e-08,1.7163276311293885e-07 | 358.8 | 2.5620658561820164e-05,5.1115406677126884e-05,7.1317414196414575e-09 | 3.4993722692888696e-06,-1.2753630471706856e-06,9.153746759693604e-06 | 1,3
540 | 18.000000938773155 | 132.11972045898438,218.77882385253906,0.2099708914756775 | -4.266325959179085e-08,-4.3556674711453525e-08,-6.483904826382059e-07 | 358.8 | 1.859718031482771e-05,-1.0597768778097816e-05,-1.0139408423981422e-08 | -6.241494929781766e-07,-1.577364230342937e-07,-2.2884373720444273e-06 | 1,3
550 | 18.333334289491177 | 132.11972045898438,218.77882385253906,0.2099708914756775 | -7.62638929785453e-09,3.3944604904689868e-09,-5.911795142310439e-07 | 358.8 | -1.4692691365780775e-06,-3.915466095349984e-06,1.6641843458842231e-10 | -1.1657150480459677e-06,7.478658403670124e-07,1.7163289385280223e-06 | 1,3
560 | 18.666667640209198 | 132.11972045898438,218.77882385253906,0.2099708914756775 | 1.2169328655886602e-08,-7.806633561813214e-09,-5.14898317760526e-07 | 358.8 | 3.364995336596621e-06,6.9829497988394e-06,3.6621006227477437e-10 | 2.7661151591473754e-08,-3.483798494130497e-08,-2.2884373720444273e-06 | 1,3
570 | 19.00000099092722 | 132.11972045898438,218.77882385253906,0.2099708914756775 | -2.7296286120304103e-08,1.3484610761338445e-08,-1.7163276311293885e-07 | 358.8 | -5.711943686037557e-06,-1.0605882380332332e-05,-8.883668245474041e-10 | -3.077934422890394e-07,7.695846448996235e-08,-1.1442183449617005e-06 | 1,3
580 | 19.33333434164524 | 132.11972045898438,218.77882385253906,0.2099708914756775 | -4.382363805177647e-09,4.882137805140019e-09,-9.535153111528416e-08 | 358.8 | -2.1102309801790398e-06,-2.6113996227650205e-06,-7.639047727714399e-11 | -6.629549798020662e-09,2.074102134486111e-08,-1.1442182312748628e-06 | 1,3
590 | 19.666667692363262 | 132.11972045898438,218.77882385253906,0.2099708914756775 | 1.9091246639124648e-10,4.642832784895745e-10,-7.437419640154985e-07 | 358.8 | -2.057015677792151e-07,1.0443431897044775e-08,-4.4281436156756726e-11 | 2.7664485813261308e-08,-3.483885890886995e-08,-2.2884357804286992e-06 | 1,3
600 | 20.000001043081284 | 132.11988830566406,218.78477478027344,0.20972643792629242 | -7.7154538303148e-05,0.08942071348428726,-1.411202788403898e-06 | 358.8 | 0.2307237833738327,-0.03700176253914833,1.5188345909118652 | -0.04593990370631218,0.18847434222698212,2.2884339614392957e-06 | 0,0
610 | 20.333334393799305 | 132.11090087890625,219.16970825195312,0.20433536171913147 | -0.04197346419095993,1.9740753173828125,-8.440517558483407e-05 | 358.8 | 0.688656747341156,0.008519805036485195,-0.2167082279920578 | -0.08180457353591919,4.561511039733887,0.0002603098109830171 | 0,0
620 | 20.666667744517326 | 132.09671020507812,219.8255615234375,0.2068852186203003 | -0.042385268956422806,2.2017922401428223,8.253629493992776e-05 | 358.9 | -1.213210105895996,-0.03296554088592529,-0.303969144821167 | 0.012598558329045773,-0.043387409299612045,-0.0001756373094394803 | 0,0
630 | 21.000001095235348 | 132.0821533203125,220.57508850097656,0.2085101306438446 | -0.04343871399760246,2.5853216648101807,-5.168053121451521e-06 | 359.0 | 1.0822503566741943,0.012347518466413021,-0.3773540258407593 | -0.07627922296524048,4.830207347869873,-0.00030607840744778514 | 0,0
640 | 21.33333444595337 | 132.06378173828125,221.69635009765625,0.20499011874198914 | -0.05202857404947281,4.024561882019043,-5.156610859557986e-05 | 359.3 | 0.4901775121688843,-0.019824974238872528,-0.7035694122314453 | -0.000766664685215801,4.134270668029785,0.00019451722619123757 | 0,0
650 | 21.66666779667139 | 132.04444885253906,223.26527404785156,0.2053934782743454 | -0.043246906250715256,5.223480224609375,0.006783460732549429 | 359.5 | -0.4272755980491638,-0.019672762602567673,-0.9349696040153503 | 0.04827137663960457,2.348527669906616,-0.14609266817569733 | 0,0
660 | 22.000001147389412 | 132.02886962890625,225.03831481933594,0.2091498076915741 | -0.0292463731020689,5.1717634201049805,-0.0009648621780797839 | 359.7 | -1.6316088438034058,-0.04973535239696503,-3.173414707183838 | 0.07634119689464569,-1.7439221143722534,0.002672321628779173 | 0,0
670 | 22.333334498107433 | 132.020751953125,226.72279357910156,0.21077960729599 | -0.009024476632475853,4.975114345550537,3.442190427449532e-05 | 359.9 | -0.40367352962493896,0.021912673488259315,1.794321060180664 | 0.03734511882066727,-0.9831618666648865,-0.0045042154379189014 | 0,0
