Simulation Frame | Timestamp | Position | Velocity | Heading | Angular Velocity | Acceleration | Stopped at Red Light + Light ID 
2510 | 83.66667103022337 | 136.32891845703125,225.3391571044922,0.2263556569814682 | -0.005311594344675541,-5.28981876373291,7.05601394201949e-07 | 180.1 | 0.000787863100413233,0.007554660551249981,-3.0575101375579834 | -0.25349223613739014,-0.018281934782862663,6.2932022046879865e-06 | 0,0
2520 | 84.00000438094139 | 136.3238525390625,223.60946655273438,0.22584517300128937 | -0.040255237370729446,-4.45026159286499,-0.010296354070305824 | 180.5 | -0.5194763541221619,0.007207051385194063,-3.3893918991088867 | 0.003954693209379911,15.529803276062012,-0.30889689922332764 | 0,0
2530 | 84.33333773165941 | 136.31455993652344,222.90956115722656,0.22464388608932495 | -0.02124912478029728,-1.0866682529449463,0.0010740397265180945 | 181.1 | 0.3519670069217682,0.002778521040454507,-0.351070761680603 | -0.030240507796406746,0.01423716451972723,-6.407615001080558e-05 | 0,0
2540 | 84.66667108237743 | 136.30767822265625,222.5260467529297,0.2256348431110382 | -0.027830464765429497,-1.3725427389144897,0.0003364192962180823 | 181.2 | 0.34393131732940674,-0.00404316233471036,-0.33033084869384766 | -0.039452776312828064,-2.153695583343506,-0.001680284272879362 | 0,0
2550 | 85.00000443309546 | 136.2958526611328,221.90464782714844,0.2260977178812027 | -0.049677442759275436,-2.3414618968963623,5.6696026149438694e-05 | 181.2 | 0.11597691476345062,-0.004620385821908712,-0.4859864413738251 | -0.12979833781719208,-2.81418776512146,-0.0003352559288032353 | 0,0
2560 | 85.33333778381348 | 136.27685546875,220.9745330810547,0.22616557776927948 | -0.06509120017290115,-3.1568355560302734,9.878419405140448e-06 | 181.2 | -0.024711688980460167,0.0062564583495259285,-0.26769062876701355 | 0.03777242824435234,-1.6218637228012085,4.004786660516402e-06 | 0,0
2570 | 85.6666711345315 | 136.2598419189453,220.1581268310547,0.2256198525428772 | -0.039888907223939896,-1.8340810537338257,4.576873777750734e-07 | 181.2 | -0.08878625184297562,-0.0019168229773640633,-0.11809596419334412 | -0.051804181188344955,0.06144046410918236,-8.009528755792417e-06 | 0,0
2580 | 86.00000448524952 | 136.24465942382812,219.447021484375,0.22593677043914795 | -0.05301053822040558,-2.514122486114502,2.2693666323903017e-06 | 181.2 | 0.19346599280834198,-0.0003214318130631,-0.01829584501683712 | -0.008308923803269863,-2.502150297164917,5.263404455035925e-05 | 0,0
2590 | 86.33333783596754 | 136.2244110107422,218.49290466308594,0.2260303795337677 | -0.05911598727107048,-2.7865054607391357,-7.818825906724669e-07 | 181.2 | -0.26724153757095337,0.004778661765158176,-0.11748478561639786 | 0.11922340095043182,5.501710891723633,1.8879603885579854e-05 | 0,0
2600 | 86.66667118668556 | 136.21466064453125,218.02940368652344,0.22541525959968567 | -0.01861746609210968,-0.8666760325431824,5.339686026673007e-07 | 181.2 | 0.16148589551448822,-0.0027901651337742805,-0.003669168334454298 | 0.0003528222150634974,0.01090764906257391,8.58163766679354e-05 | 0,0
2610 | 87.00000453740358 | 136.20779418945312,217.7178497314453,0.22581599652767181 | -0.02533208578824997,-1.2099754810333252,2.91775700134167e-06 | 181.2 | 0.28745025396347046,-0.0020949761383235455,-0.013875395059585571 | -0.0948648676276207,-5.297162055969238,2.5744910089997575e-05 | 0,0
2620 | 87.3333378881216 | 136.19602966308594,217.1547393798828,0.2261296808719635 | -0.04511170834302902,-2.1811063289642334,-2.0977338976990723e-07 | 181.2 | 0.1172480583190918,-0.0016325126634910703,0.037127912044525146 | -0.06790771335363388,-3.3817861080169678,1.4874838598188944e-05 | 0,0
2630 | 87.66667123883963 | 136.1781005859375,216.28515625,0.22611789405345917 | -0.05440014600753784,-2.6606316566467285,-3.623358395543619e-07 | 181.2 | -0.24257495999336243,0.0033990596421062946,-0.03469202667474747 | 0.06496767699718475,3.314673662185669,-1.7163272332254564e-06 | 0,0
2640 | 88.00000458955765 | 136.16860961914062,215.8152313232422,0.22526828944683075 | -2.390479130554013e-05,-0.00022468894894700497,-8.085810804914217e-06 | 181.2 | -0.3353387117385864,0.0043135532177984715,-0.0005355020402930677 | 0.08386184275150299,4.070611953735352,-2.3456503186025657e-05 | 0,0
2650 | 88.33333794027567 | 136.1686248779297,215.81565856933594,0.22561733424663544 | 1.0156230928259902e-05,0.00010449567344039679,3.756850446734461e-06 | 181.2 | 0.22327524423599243,-0.003321967786177993,-6.343505560835183e-07 | -5.274429713608697e-05,-0.00030698979389853776,7.4374174801050685e-06 | 0,0
2660 | 88.66667129099369 | 136.1686248779297,215.8158721923828,0.22579193115234375 | 2.05425038757312e-07,3.5398737963987514e-05,1.0870074902413762e-06 | 181.2 | 0.0742502361536026,-0.0011837496422231197,9.30265912302275e-07 | -4.6748564841436746e-07,-0.0001178543534479104,6.293200385698583e-06 | 0,0
2670 | 89.00000464171171 | 136.1686248779297,215.81594848632812,0.22586406767368317 | 1.636438717866895e-08,5.4264196478470694e-06,4.386170644465892e-07 | 181.2 | 0.011278660036623478,-0.00018400856060907245,1.3084141414765327e-07 | -1.4965575019232347e-06,-2.384933759458363e-05,8.009528755792417e-06 | 0,0
2680 | 89.33333799242973 | 136.1686248779297,215.81597900390625,0.22586749494075775 | -3.834075457120889e-08,2.144849304386298e-06,2.288436888875367e-07 | 181.2 | 0.0045247976668179035,-9.353322093375027e-05,3.633671852298903e-08 | -1.1766366014853702e-06,4.208658992865821e-06,8.009528755792417e-06 | 0,0
2690 | 89.66667134314775 | 136.1686248779297,215.81597900390625,0.2258734107017517 | 1.2842005681079627e-08,3.042532057406788e-07,8.009528755792417e-07 | 181.2 | 0.0006668166606687009,-1.8700084183365107e-05,-1.1807808064645542e-09 | 3.8526013668160886e-07,9.127595149038825e-06,2.4028584448387846e-05 | 0,0
2700 | 90.00000469386578 | 136.1686248779297,215.81597900390625,0.22587451338768005 | -4.146708221242079e-08,2.439226989281451e-07,8.96304470643372e-07 | 181.2 | 0.0005076655652374029,3.818059849436395e-05,6.846326616738452e-09 | -1.4632435068051564e-06,-6.512439085781807e-07,5.148983291292097e-06 | 0,0
2710 | 90.3333380445838 | 136.1686248779297,215.81597900390625,0.22587451338768005 | 2.0212325146928833e-09,6.717449707593914e-08,6.293201408880122e-07 | 181.2 | 0.00014237096183933318,-3.612171713029966e-05,1.5753127691198188e-09 | 1.404432481422191e-07,-4.0885265661927406e-07,-6.865310751891229e-06 | 0,0
