Simulation Frame | Timestamp | Position | Velocity | Heading | Angular Velocity | Acceleration | Stopped at Red Light + Light ID 
2110 | 70.33333700150251 | 99.22457122802734,191.58351135253906,0.21396499872207642 | 5.042905807495117,0.011564544402062893,-4.4224041630513966e-05 | 89.9 | -0.0005155339022167027,-0.02729719877243042,0.05366414040327072 | 0.089507095515728,-0.0002833082980941981,-0.006669648457318544 | 0,0
2120 | 70.66667035222054 | 100.8958969116211,191.58741760253906,0.21394920349121094 | 5.044966220855713,0.011640320532023907,0.0014281561598181725 | 89.9 | 0.0001410055410815403,-0.08941034972667694,0.00031696088262833655 | 0.2602386176586151,0.0007428600802086294,-0.03187277913093567 | 0,0
2130 | 71.00000370293856 | 102.57559204101562,191.59132385253906,0.21376334130764008 | 5.018826961517334,0.01146801095455885,0.005597516894340515 | 89.9 | 0.002085283398628235,-0.011570597067475319,0.0021220052149146795 | 0.36815640330314636,0.0019923222716897726,0.42307358980178833 | 0,0
2140 | 71.33333705365658 | 104.25617980957031,191.59523010253906,0.2138708084821701 | 4.98452615737915,0.011384452693164349,-0.012845921330153942 | 89.9 | 0.00041476238402538,0.1673266589641571,0.004078416619449854 | -0.7272433638572693,-0.0018328706501051784,-0.38045862317085266 | 0,0
2150 | 71.6666704043746 | 105.94004821777344,191.59913635253906,0.21391651034355164 | 5.045177459716797,0.011478273198008537,-0.00010866260709008202 | 89.9 | -0.00039344344986602664,0.14708462357521057,-0.0005881987162865698 | -1.0716246366500854,-0.0025286523159593344,-0.0026345625519752502 | 0,0
2160 | 72.00000375509262 | 107.62263488769531,191.60305786132812,0.21383830904960632 | 5.106518268585205,0.011520599946379662,0.00013139440852683038 | 89.9 | -0.0006524475757032633,-0.08179458230733871,0.005780121311545372 | 0.19603727757930756,-0.00016157513891812414,-0.007441423367708921 | 0,0
2170 | 72.33333710581064 | 109.30693817138672,191.60696411132812,0.21388068795204163 | 5.101618766784668,0.01130299549549818,0.0003834657254628837 | 89.9 | -0.0015837544342502952,-0.12901683151721954,-0.011070718988776207 | 0.37410733103752136,-0.001530619221739471,-0.01038034912198782 | 0,0
2180 | 72.66667045652866 | 110.99210357666016,191.6106414794922,0.21393939852714539 | 5.081212520599365,0.011084992438554764,0.0012993745040148497 | 89.9 | -0.00010440370533615351,-0.1688515692949295,-0.009822264313697815 | 0.5355834364891052,0.0006960052414797246,-0.0240491796284914 | 0,0
2190 | 73.00000380724669 | 112.66950225830078,191.6141815185547,0.21379253268241882 | 4.785061359405518,0.010123887099325657,-0.005229707807302475 | 89.9 | 0.0011086065787822008,0.6409401297569275,0.006094724405556917 | -3.1575963497161865,-0.006918478291481733,0.09450042247772217 | 1,5
2200 | 73.3333371579647 | 113.92574310302734,191.61676025390625,0.21825049817562103 | 2.703505516052246,0.005685851909220219,0.0008877990767359734 | 89.9 | 0.0034263799898326397,1.1602696180343628,0.02171505242586136 | -7.273606777191162,-0.015305633656680584,-0.0018450523493811488 | 1,5
2210 | 73.66667050868273 | 114.36612701416016,191.61776733398438,0.221645325422287 | 0.0007833647541701794,-2.7056006729253568e-05,0.00014899630332365632 | 89.9 | 0.002714552218094468,0.3328728973865509,-0.0010751275112852454 | -4.689557075500488,-0.00926723051816225,-0.0012563520576804876 | 1,5
2220 | 74.00000385940075 | 114.36893463134766,191.6177520751953,0.21644091606140137 | -0.0032111075706779957,9.209226845996454e-06,0.00014476270007435232 | 89.9 | -0.005304849240928888,-1.2702114582061768,0.00013407009828370064 | 0.010011868551373482,-2.970170316984877e-05,-0.0007774965488351882 | 1,5
2230 | 74.33333721011877 | 114.37022399902344,191.6177520751953,0.21401946246623993 | -0.0007286548498086631,1.350563024971052e-06,6.674607902823482e-06 | 89.9 | -0.0008527801255695522,-0.2772185504436493,1.0006096090364736e-05 | 0.004213245585560799,-1.3345652405405417e-05,-6.121566548245028e-05 | 1,5
2240 | 74.66667056083679 | 114.37045288085938,191.6177520751953,0.21368812024593353 | -0.00018348598678130656,1.2104726465622662e-07,-2.6507727852731477e-06 | 89.9 | -0.00011166000331286341,-0.06939077377319336,1.2816570915674674e-06 | 0.0006424558232538402,1.564084413985256e-06,-1.0870075129787438e-05 | 1,5
2250 | 75.00000391155481 | 114.37054443359375,191.6177520751953,0.21358101069927216 | -5.116056127008051e-05,1.3142729926585162e-07,-2.421929139018175e-06 | 89.9 | -5.350018182070926e-05,-0.01930820383131504,2.000163874527061e-07 | 0.00010257418762193993,3.0035171221243218e-06,-6.865315754112089e-06 | 1,5
2260 | 75.33333726227283 | 114.37056732177734,191.6177520751953,0.2135462462902069 | -1.248810895049246e-05,1.8575592619640702e-08,-7.437419640154985e-07 | 89.9 | -8.688966772751883e-06,-0.004707734566181898,9.072900652995486e-09 | -1.0153779840038624e-05,3.732893901542411e-06,-1.0297964763594791e-05 | 1,5
2270 | 75.66667061299086 | 114.37057495117188,191.6177520751953,0.21353575587272644 | -2.1906143956584856e-06,-6.898101201358031e-09,-2.0977338976990723e-07 | 89.9 | 2.8524284516606713e-06,-0.000823718961328268,-2.469856141829041e-08 | -2.2718144464306533e-05,3.7894658078130306e-08,-8.581638212490361e-06 | 1,5
2280 | 76.00000396370888 | 114.3705825805664,191.6177520751953,0.21353228390216827 | -1.4014391354066902e-06,-8.614316726607285e-08,-1.0870074902413762e-06 | 89.9 | 3.0754115869058296e-05,-0.0005286685191094875,1.1779605735284804e-08 | 6.351777756208321e-06,-2.923788315456477e-06,-1.887960206659045e-05 | 1,5
2290 | 76.3333373144269 | 114.3705825805664,191.6177520751953,0.21353228390216827 | -4.3325675846972445e-07,-1.1185110793121567e-07,-1.5828354662517086e-06 | 89.9 | 3.443142122705467e-05,-0.0001635202788747847,1.2056357689971264e-08 | 1.1290321708656847e-06,-3.4400306958559668e-06,-1.601905569259543e-05 | 1,5
2300 | 76.66667066514492 | 114.3705825805664,191.6177520751953,0.21353228390216827 | -1.5139515596729325e-07,4.9681592173556055e-09,-1.2777105666827993e-06 | 89.9 | -2.3602467535965843e-06,-5.6929180573206395e-05,-1.6832403249011918e-09 | -1.457128519177786e-06,2.844026596449112e-07,-4.576874744088855e-06 | 1,5
2310 | 77.00000401586294 | 114.3705825805664,191.6177520751953,0.2135312557220459 | 4.636394823620549e-09,1.2508907332176022e-07,1.907030799941367e-08 | 89.9 | -4.0365677705267444e-05,1.8148029994335957e-06,-9.869733474943132e-09 | 3.020659278263338e-07,3.660796210169792e-06,-1.0870073310798034e-05 | 1,5
2320 | 77.33333736658096 | 114.3705825805664,191.6177520751953,0.2135312557220459 | -1.1420688394991885e-08,7.615002378669189e-11,0.0 | 89.9 | -3.414762517195413e-08,-4.283038833818864e-06,-2.7140759084609556e-10 | -2.2731495619154884e-07,1.3735703685568978e-09,0.0 | 1,5
2330 | 77.66667071729898 | 114.3705825805664,191.6177520751953,0.2135312557220459 | -5.741461528430136e-09,1.746793154566717e-09,-1.0488669204278267e-06 | 89.9 | -7.917270181678759e-07,-2.157858716600458e-06,-9.334262529581139e-11 | -6.773048966124406e-08,1.8092769948907517e-08,-2.2884373720444273e-06 | 1,5
2340 | 78.000004068017 | 114.3705825805664,191.6177520751953,0.2135312557220459 | -9.844774773171139e-09,5.206421072045941e-09,-4.767576911035576e-07 | 89.9 | -2.4265091269626282e-06,-3.7101583529874915e-06,-3.073015106269672e-11 | -1.454937414990809e-08,2.6647576589766686e-08,-1.1442186860222137e-06 | 1,5
2350 | 78.33333741873503 | 114.3705825805664,191.6177520751953,0.2135312557220459 | -1.449759867711009e-09,2.490535777610603e-09,-1.9070306223056832e-07 | 89.9 | -1.2784753380401526e-06,-5.490137482411228e-07,5.508795503095243e-11 | 1.9407034201890383e-08,-3.667771153459398e-08,0.0 | 1,5
2360 | 78.66667076945305 | 114.3705825805664,191.6177520751953,0.2135312557220459 | -1.7660499729288404e-09,1.0990857113313268e-08,-1.3349215066682518e-07 | 89.9 | -1.0216091368420166e-06,-5.164359322407108e-07,-3.88026633046934e-09 | -9.212147489279232e-09,2.4584542757111194e-07,-5.721091724808502e-07 | 1,5
2370 | 79.00000412017107 | 114.3705825805664,191.6177520751953,0.2135312557220459 | -7.314606698116677e-10,1.4633065870128803e-09,-5.7210922221884175e-08 | 89.9 | -6.345935048557294e-07,-2.7447541128822195e-07,-3.947356677636016e-11 | -1.4553064531241944e-08,2.713928815012423e-08,-1.1442183449617005e-06 | 1,5
2380 | 79.33333747088909 | 114.3705825805664,191.6177520751953,0.2135312557220459 | -3.2211255884817547e-09,1.3774046792036643e-08,-3.623358395543619e-07 | 89.9 | -2.3674908788962057e-06,-1.0655417099769693e-06,-3.881198473720815e-09 | 5.060904584297532e-09,2.3178191099759715e-07,0.0 | 1,5
2390 | 79.66667082160711 | 114.3705825805664,191.6177520751953,0.2135312557220459 | 1.2896533840844882e-09,-2.2765473950414616e-09,-1.5256246399530937e-07 | 89.9 | 1.1352074125170475e-06,4.88021896671853e-07,-4.4608199079032573e-11 | 2.155392309077797e-09,3.5748668469892664e-09,-5.721093430111068e-07 | 1,5
2400 | 80.00000417232513 | 114.3705825805664,191.6177520751953,0.2135312557220459 | -2.5907127554347653e-09,4.868899061705179e-09,-2.479139880051662e-07 | 89.9 | -2.2635758796241134e-06,-9.759812655829592e-07,-3.7519046897083186e-11 | -1.4550186833162115e-08,2.6584453749478598e-08,-1.1442178902143496e-06 | 1,5
2410 | 80.33333752304316 | 114.3705825805664,191.6177520751953,0.2135312557220459 | -8.031014187004359e-10,1.310542341315113e-09,-1.1442184444376835e-07 | 89.9 | -7.118603093658749e-07,-3.050231782708579e-07,5.5965249795564276e-11 | 1.967630680610455e-08,-4.456397562080383e-08,0.0 | 1,5
2420 | 80.66667087376118 | 114.3705825805664,191.6177520751953,0.2135312557220459 | -7.314606698116677e-10,1.4633065870128803e-09,-5.7210922221884175e-08 | 89.9 | -6.345935048557294e-07,-2.7447541128822195e-07,-3.947359106248882e-11 | -1.4553064531241944e-08,2.713928815012423e-08,-1.1442183449617005e-06 | 1,5
2430 | 81.0000042244792 | 114.3705825805664,191.6177520751953,0.2135312557220459 | -2.833399959101257e-09,5.46051959204874e-09,-3.432655262258777e-07 | 89.9 | -2.54645487984817e-06,-1.067580456037831e-06,-3.707583892675892e-11 | -1.454976050752066e-08,2.6149255205609734e-08,-1.1442178902143496e-06 | 1,5
2440 | 81.33333757519722 | 114.3705825805664,191.6177520751953,0.2135312557220459 | -4.0812439539017475e-10,8.713322841025217e-10,-2.0977338976990723e-07 | 89.9 | -3.5131702702528855e-07,-1.5247880469360098e-07,-3.968399567289005e-11 | -1.4550687765790826e-08,2.679420951778866e-08,-1.1442186860222137e-06 | 1,5
2450 | 81.66667092591524 | 114.3705825805664,191.6177520751953,0.2135312557220459 | -2.5907154199700244e-09,4.868892844456241e-09,-2.479139880051662e-07 | 89.9 | -2.2635902041656664e-06,-9.759822887644987e-07,-3.755126765092598e-11 | -1.4550200155838411e-08,2.6647722251027517e-08,-1.1442178902143496e-06 | 1,5
2460 | 82.00000427663326 | 114.3705825805664,191.6177520751953,0.2135312557220459 | -2.083817385312159e-08,3.872560938589231e-08,-1.7163276311293885e-07 | 89.9 | -1.3687053069588728e-05,-7.70737915445352e-06,-3.839854212372984e-09 | -7.709963938395958e-07,1.4134998309600633e-06,-5.148982381797396e-06 | 1,5
2470 | 82.33333762735128 | 114.3705825805664,191.6177520751953,0.2135312557220459 | 2.4373687512735387e-09,-4.391532471004211e-09,0.0 | 89.9 | 1.9045036196985166e-06,9.145522312792309e-07,1.241998309753356e-10 | 4.8495554239025296e-08,-8.144693453004948e-08,0.0 | 1,5
2480 | 82.6666709780693 | 114.3705825805664,191.6177520751953,0.2135312557220459 | 1.236135105386893e-08,-2.869122539550517e-08,0.0 | 89.9 | 9.30326041270746e-06,4.510131020651897e-06,3.917745239334636e-09 | 1.6976125394307928e-08,-3.0163654685111396e-08,0.0 | 1,5
2490 | 83.00000432878733 | 114.3705825805664,191.6177520751953,0.2135312557220459 | -1.4427359307234155e-09,1.0516850501574027e-08,-2.479139880051662e-07 | 89.9 | -8.093844598988653e-07,-3.945444291275635e-07,-3.8829019999298e-09 | 5.060391661260155e-09,2.3192588116671686e-07,-5.721089451071748e-07 | 1,5
2500 | 83.33333767950535 | 114.3705825805664,191.6177520751953,0.2135312557220459 | -2.590713199523975e-09,4.868879521779945e-09,-2.479139880051662e-07 | 89.9 | -2.2635836103290785e-06,-9.759814929566346e-07,-3.753618943447279e-11 | -1.4550193050411053e-08,2.6646723938483774e-08,-1.1442178902143496e-06 | 1,5
2510 | 83.66667103022337 | 114.3705825805664,191.6177520751953,0.2135312557220459 | 4.8454920076324015e-09,-1.6113590461941385e-08,0.0 | 89.9 | 3.354888349349494e-06,1.6747555946494685e-06,3.965383577053672e-09 | 2.8832946696866202e-08,-2.8257602480152855e-07,0.0 | 1,5
2520 | 84.00000438094139 | 114.3705825805664,191.6177520751953,0.2135312557220459 | 2.5607326037402345e-08,-4.662247121700602e-08,1.1442184444376835e-07 | 89.9 | 1.7441036106902175e-05,9.506108654022682e-06,3.847046237126506e-09 | 7.756104878353653e-07,-1.4154339851302211e-06,4.004764377896208e-06 | 1,5
2530 | 84.33333773165941 | 114.3705825805664,191.6177520751953,0.2135312557220459 | -3.875090026639327e-09,6.9704224614497434e-09,-3.8140612446113664e-07 | 89.9 | -3.4024453725578496e-06,-1.4640244216934661e-06,6.04213276633736e-11 | 2.6951638698591296e-09,-1.2523434733680006e-08,-5.721084903598239e-07 | 1,5
2540 | 84.66667108237743 | 114.3705825805664,191.6177520751953,0.2135312557220459 | -1.631254775702473e-08,3.115539115583488e-08,-1.7163276311293885e-07 | 89.9 | -1.0074220881506335e-05,-6.000002485961886e-06,-3.853509955575873e-09 | -7.712401952630898e-07,1.445224597773631e-06,-5.148982381797396e-06 | 1,5
2550 | 85.00000443309546 | 114.3705825805664,191.6177520751953,0.2135312557220459 | 7.3506769560083285e-09,-2.026292023060705e-08,0.0 | 89.9 | 5.338587925507454e-06,2.619878159748623e-06,3.9612819691114964e-09 | 2.8819837183391428e-08,-2.7792452783614863e-07,0.0 | 1,5
2560 | 85.33333778381348 | 114.3705825805664,191.6177520751953,0.2135312557220459 | 5.985549833553705e-09,-1.012507766517956e-08,0.0 | 89.9 | 4.742414603242651e-06,2.2560795969184255e-06,4.577296180974244e-11 | 3.371525636453043e-08,-5.202062425269105e-08,0.0 | 1,5
2570 | 85.6666711345315 | 114.3705825805664,191.6177520751953,0.2135312557220459 | -7.314606698116677e-10,1.4633066980351828e-09,-5.7210922221884175e-08 | 89.9 | -6.345935048557294e-07,-2.7447541128822195e-07,-3.947474291887687e-11 | -1.4553064531241944e-08,2.713929170283791e-08,-1.1442183449617005e-06 | 1,5
2580 | 86.00000448524952 | 114.3705825805664,191.6177520751953,0.2135312557220459 | -2.2678754429961145e-09,4.557489940992809e-09,-3.2419524131910293e-07 | 89.9 | -2.0479672002693405e-06,-8.540977773918712e-07,9.986754262100717e-13 | -2.9274047630423183e-09,-2.1876047640034813e-07,-1.1442186860222137e-06 | 1,5
2590 | 86.33333783596754 | 114.3705825805664,191.6177520751953,0.2135312557220459 | -2.6623347970655686e-09,4.71570782423214e-09,-3.0512492799061874e-07 | 89.9 | -2.3407892513205297e-06,-1.006522097668494e-06,5.772781558333051e-11 | 1.9676519968925277e-08,-4.456554947296354e-08,0.0 | 1,5
2600 | 86.66667118668556 | 114.3705825805664,191.6177520751953,0.2135312557220459 | 8.136268325742435e-10,-1.655423575996906e-09,-1.1442184444376835e-07 | 89.9 | 7.045164238661528e-07,3.04974122400381e-07,5.2574267855876045e-11 | 1.940058602656336e-08,-3.553264349420715e-08,0.0 | 1,5
2610 | 87.00000453740358 | 114.3705825805664,191.6177520751953,0.2135312557220459 | -8.123501316070758e-10,1.6140446756907068e-09,-1.3349215066682518e-07 | 89.9 | -7.054970865283394e-07,-3.049951260436501e-07,-3.768598627607034e-11 | -1.4542379744852951e-08,2.2700517021689848e-08,-1.1442184586485382e-06 | 1,5
2620 | 87.3333378881216 | 114.3705825805664,191.6177520751953,0.2135312557220459 | -7.314606698116677e-10,1.4633065870128803e-09,-5.7210922221884175e-08 | 89.9 | -6.345935048557294e-07,-2.7447541128822195e-07,-3.9475939878075295e-11 | -1.4553064531241944e-08,2.713928815012423e-08,-1.1442183449617005e-06 | 1,5
2630 | 87.66667123883963 | 114.3705825805664,191.6177520751953,0.2135312557220459 | 1.7746815128560911e-09,-3.164906114960786e-09,-1.9070306223056832e-07 | 89.9 | 1.5601714267177158e-06,6.710257025588362e-07,-4.505819675704181e-11 | 2.1552957196746547e-09,3.575253204601836e-09,-5.721089451071748e-07 | 1,5
2640 | 88.00000458955765 | 114.3705825805664,191.6177520751953,0.2135312557220459 | -4.0811234947035757e-10,8.713612609234644e-10,-2.0977338976990723e-07 | 89.9 | -3.5129215802953695e-07,-1.524742430092374e-07,-3.962428649084693e-11 | -1.4550461280293803e-08,2.6651783002762386e-08,-1.1442186860222137e-06 | 1,5
2650 | 88.33333794027567 | 114.3705825805664,191.6177520751953,0.2135312557220459 | 2.4775209661598296e-10,-6.140720709701952e-10,-1.3349215066682518e-07 | 89.9 | 2.08812565460903e-07,9.14695732490145e-08,5.495580726599947e-11 | 1.9676120288636412e-08,-4.454696878042341e-08,0.0 | 1,5
2660 | 88.66667129099369 | 114.3705825805664,191.6177520751953,0.2135312557220459 | -2.4643828644421717e-10,5.709143713339415e-10,-9.535153111528416e-08 | 89.9 | -2.097432769687657e-07,-9.147665025466267e-08,-4.130812705782638e-11 | -1.482002787156489e-08,3.466494291615163e-08,-1.1442182312748628e-06 | 1,5
2670 | 89.00000464171171 | 114.3705825805664,191.6177520751953,0.2135312557220459 | -1.6560444682234277e-10,4.226705929699648e-10,-3.814061599882734e-08 | 89.9 | -1.3892605466025998e-07,-6.09776549254093e-08,-4.149314919432712e-11 | -1.4822465921326966e-08,3.502658074694409e-08,-1.1442184586485382e-06 | 1,5
2680 | 89.33333799242973 | 114.3705825805664,191.6177520751953,0.2135312557220459 | -2.089459494314383e-09,1.1701503765948473e-08,-3.2419524131910293e-07 | 89.9 | -1.37608196837391e-06,-6.385581627910142e-07,-3.882497434659626e-09 | 5.060591501404588e-09,2.3190943920781137e-07,-5.721093430111068e-07 | 1,5
2690 | 89.66667134314775 | 114.3705825805664,191.6177520751953,0.2135312557220459 | -3.228380673903075e-09,5.785886436626697e-09,-3.0512492799061874e-07 | 89.9 | -2.835816076185438e-06,-1.2200172250231844e-06,5.97846494532206e-11 | 2.695023981758027e-09,-1.2460604992270419e-08,-5.721093430111068e-07 | 1,5
2700 | 90.00000469386578 | 114.3705825805664,191.6177520751953,0.2135312557220459 | 2.477787697241496e-10,-6.191004375821763e-10,-1.3349215066682518e-07 | 89.9 | 2.0877099871086102e-07,9.147661472752588e-08,5.311242765038138e-11 | 1.940064997540958e-08,-3.553521210619692e-08,0.0 | 0,0
2710 | 90.3333380445838 | 114.37662506103516,191.6177520751953,0.21338191628456116 | 0.07023044675588608,0.00015718172653578222,3.623358395543619e-07 | 89.9 | 4.8739457270130515e-06,-0.11537525802850723,-0.009800344705581665 | 0.7274714708328247,0.0015152558917179704,5.72109183849534e-06 | 0,0
