Simulation Frame | Timestamp | Position | Velocity | Heading | Angular Velocity | Acceleration | Stopped at Red Light + Light ID 
1690 | 56.333336271345615 | 135.83428955078125,225.9178466796875,0.2306549847126007 | 0.13165026903152466,-2.8963873386383057,-5.14898317760526e-07 | 177.4 | 0.056381672620773315,0.003415375715121627,1.4185853004455566 | -0.22427423298358917,2.9709861278533936,-1.0870075129787438e-05 | 0,0
1700 | 56.66666962206364 | 135.86456298828125,225.19586181640625,0.2308063805103302 | 0.090613953769207,-1.9778019189834595,-9.344450404569216e-07 | 177.4 | -0.02552199177443981,-0.002991730347275734,0.584651529788971 | 0.004559531342238188,0.02621769718825817,-6.808099715271965e-05 | 0,0
1710 | 57.00000297278166 | 135.89205932617188,224.55624389648438,0.23075896501541138 | 0.08068360388278961,-1.8366203308105469,-5.721092293242691e-07 | 177.5 | -0.012709411792457104,0.0015194873558357358,0.282392293214798 | -0.07305643707513809,-0.2646338641643524,-7.437419299094472e-06 | 0,0
1720 | 57.33333632349968 | 135.92166137695312,223.8617706298828,0.23068492114543915 | 0.0909731537103653,-2.1704905033111572,-1.0488669204278267e-06 | 177.6 | 0.019064413383603096,0.0035563604906201363,0.16800065338611603 | -0.22317162156105042,2.106055974960327,-1.3158511137589812e-05 | 0,0
1730 | 57.6666696742177 | 135.9340362548828,223.56646728515625,0.23096568882465363 | -1.401660938427085e-05,2.6677553250920027e-06,2.8605461466213455e-07 | 177.6 | -0.018727432936429977,-0.0024713738821446896,-2.015197253513179e-07 | 0.00030904586310498416,0.00012587699166033417,2.860546373995021e-06 | 0,0
1740 | 58.00000302493572 | 135.9340362548828,223.56629943847656,0.23080669343471527 | 1.974296850448809e-07,2.544053586461814e-06,3.623358395543619e-07 | 177.6 | -0.015242996625602245,-0.0005854729097336531,-1.565858696039868e-07 | -0.0003096444997936487,-9.439449058845639e-05,-1.6019059330574237e-05 | 0,0
1750 | 58.333336375653744 | 135.9340362548828,223.56626892089844,0.23074470460414886 | -3.83886487043128e-07,1.5540663298452273e-06,7.437419640154985e-07 | 177.6 | -0.0162265133112669,-0.00020058342488482594,-5.74396608499228e-07 | 8.871614340932865e-07,-6.7996547841175925e-06,2.860544327631942e-06 | 0,0
1760 | 58.666669726371765 | 135.9340362548828,223.5662384033203,0.23072807490825653 | -1.2978406971342338e-07,4.593440223743528e-07,4.767576911035576e-07 | 177.6 | -0.004707401618361473,-7.912368891993538e-05,-1.7113835326654225e-07 | -4.77120579489565e-07,-1.6287489188471227e-06,5.148982381797396e-06 | 0,0
1770 | 59.00000307708979 | 135.9340362548828,223.5662384033203,0.2307233363389969 | -7.727258832801454e-09,1.2637696045203484e-07,3.2419524131910293e-07 | 177.6 | -0.00125180184841156,-3.817426841123961e-05,-4.538256348496361e-08 | 1.6300627976306714e-06,-5.00135364234211e-08,2.2884373720444273e-06 | 0,0
1780 | 59.33333642780781 | 135.9340362548828,223.5662384033203,0.23072108626365662 | -2.2100903329658195e-09,2.531396781080275e-08,-1.9070306223056832e-07 | 177.6 | -0.0002574296377133578,1.8415720433040406e-06,-9.099243136745372e-09 | -3.7210094205875066e-07,-6.255875462102267e-08,-1.9451712432783097e-05 | 0,0
1790 | 59.66666977852583 | 135.9340362548828,223.5662384033203,0.23072108626365662 | 1.6895089494095572e-10,3.0418405572163465e-09,3.814061599882734e-08 | 177.6 | -1.7889189621200785e-05,1.0122107596544083e-06,-1.6589141171863275e-10 | -3.950497955429455e-07,-2.373448779735554e-07,-2.2884365534991957e-05 | 0,0
1800 | 60.00000312924385 | 135.9340362548828,223.5662384033203,0.23072108626365662 | 9.804973721827537e-09,5.1912443232993155e-09,5.911795142310439e-07 | 177.6 | -4.194288339931518e-05,-1.879369119706098e-05,-1.4025535177708548e-09 | 8.132281550388143e-07,9.120397947981473e-08,1.7163272332254564e-06 | 0,0
1810 | 60.33333647996187 | 135.9340362548828,223.5662384033203,0.23072108626365662 | 5.023653049107679e-09,1.7801896623481639e-09,4.958279760103323e-07 | 177.6 | -1.3384310477704275e-05,-1.428522136848187e-05,-8.76372474589715e-10 | -2.371445333437805e-07,-5.2517336257551506e-08,-1.0297966582584195e-05 | 0,0
1820 | 60.66666983067989 | 135.9340362548828,223.5662384033203,0.23072108626365662 | -6.042779165937873e-09,6.681480924086713e-10,-1.907030799941367e-08 | 177.6 | -8.937216080084909e-06,1.1485825780255254e-05,-2.7232924248998813e-10 | -3.795518210836235e-08,3.1475670958514e-09,0.0 | 0,0
1830 | 61.000003181397915 | 135.9340362548828,223.5662384033203,0.23072108626365662 | 1.2903469404079715e-08,1.6552231807409612e-09,-5.7210922221884175e-08 | 177.6 | -4.1688417695695534e-06,4.81655661133118e-06,-2.7904753507890234e-10 | 4.380523535019165e-07,4.177872980903885e-08,-1.1442183449617005e-06 | 0,0
1840 | 61.333336532115936 | 135.9340362548828,223.5662384033203,0.23072108626365662 | 1.9077845206383337e-11,5.665374766539166e-11,-1.907030799941367e-08 | 177.6 | -3.3320935699521215e-07,1.1353495921184731e-07,-3.5308659208227455e-12 | -1.2469590160435473e-07,-7.959711112448531e-09,2.288436689923401e-06 | 0,0
1850 | 61.66666988283396 | 135.9340362548828,223.5662384033203,0.23072108626365662 | -6.9117866985379806e-09,-1.4435148631974926e-09,-1.907030799941367e-08 | 177.6 | 5.569936092797434e-06,-1.8614522559801117e-05,8.764415408701876e-12 | -7.230271847902259e-08,-5.287905935347226e-08,4.576873379846802e-06 | 0,0
1860 | 62.00000323355198 | 135.9340362548828,223.5662384033203,0.23072108626365662 | -1.100758595384832e-08,6.674701902298352e-10,-2.288436888875367e-07 | 177.6 | -3.0081071145104943e-06,-8.972445357358083e-06,4.982358414729049e-10 | -4.471940258099494e-07,5.2676210060553785e-09,-5.721089451071748e-07 | 0,0
1870 | 62.33333658427 | 135.9340362548828,223.5662384033203,0.23072108626365662 | 3.5059510850032893e-09,4.662889518947111e-10,-1.9070306223056832e-07 | 177.6 | -2.7253111056779744e-06,-6.5795625232567545e-06,-1.0347953743883309e-10 | 2.6638170780302062e-08,2.221512085398558e-09,-1.1442178902143496e-06 | 0,0
1880 | 62.66666993498802 | 135.9340362548828,223.5662384033203,0.23072108626365662 | 8.839735610166599e-10,1.5727039115454033e-10,-1.1442184444376835e-07 | 177.6 | -9.872189821180655e-07,-1.916429027915001e-06,-3.357915681623247e-11 | 8.338199464219542e-09,1.2889773692847939e-09,-1.1442183449617005e-06 | 0,0
1890 | 63.00000328570604 | 135.9340362548828,223.5662384033203,0.23072108626365662 | -1.1607943772862228e-10,4.724197769090388e-11,-1.907030799941367e-08 | 177.6 | -2.7750428444051067e-07,-6.897558364471479e-07,5.979939308488336e-13 | 3.314761727324367e-07,-2.2098969765238508e-08,1.0297964763594791e-05 | 0,0
1900 | 63.333336636424065 | 135.9340362548828,223.5662384033203,0.23072108626365662 | 3.3717946212874494e-09,6.426512100254911e-10,-3.2419524131910293e-07 | 177.6 | -4.2481710806896444e-06,-9.54567440203391e-06,-3.0834351738562304e-10 | -1.7266469853893796e-07,5.367124344957119e-08,-6.865310751891229e-06 | 0,0
1910 | 63.666669987142086 | 135.9340362548828,223.5662384033203,0.23072108626365662 | 8.293413955584583e-09,-1.2537634264120356e-09,-5.7210922221884175e-08 | 177.6 | 7.30968895368278e-06,1.6852216504048556e-05,-1.379418385072384e-10 | 1.4959661598368257e-07,-5.28870458538222e-08,5.148982381797396e-06 | 0,0
1920 | 64.00000333786011 | 135.9340362548828,223.5662384033203,0.23072108626365662 | 2.4517867736051357e-09,4.008768317298461e-10,-1.9070306223056832e-07 | 177.6 | -2.454266450513387e-06,-5.6883791330619715e-06,-1.3028704504147726e-10 | 4.833266302739503e-07,-6.296829169194496e-10,-1.1442178902143496e-06 | 0,0
1930 | 64.33333668857813 | 135.93411254882812,223.56468200683594,0.230717733502388 | 0.001058537163771689,-0.0257185697555542,9.344450404569216e-07 | 177.6 | -0.003120124340057373,3.149001349811442e-05,0.00983888003975153 | 0.010972973890602589,-0.2541837692260742,4.6340843255165964e-05 | 0,0
1940 | 64.66667003929615 | 135.9391632080078,223.46432495117188,0.23065322637557983 | 0.027087638154625893,-0.6402978897094727,-1.220499711962475e-06 | 177.6 | -0.026353733614087105,-0.0013558075297623873,-0.2895183563232422 | 0.10645513981580734,-2.231905221939087,-2.1740150259574875e-05 | 0,0
1950 | 65.00000339001417 | 135.95742797851562,223.02078247070312,0.23054930567741394 | 0.07848614454269409,-1.9421000480651855,-1.4684136431242223e-06 | 177.7 | -0.01253822073340416,0.00010762966849142686,0.021782591938972473 | 0.11839895695447922,-2.961026191711426,-6.75088886055164e-05 | 0,0
1960 | 65.3333367407322 | 135.9854278564453,222.31668090820312,0.2306443750858307 | 0.0830695778131485,-2.1229982376098633,8.581638439864037e-07 | 177.8 | 0.04520757868885994,0.0016167331486940384,0.00887256395071745 | -0.05579039081931114,0.025877950713038445,1.144218367699068e-05 | 0,0
1970 | 65.66667009145021 | 136.01394653320312,221.5927734375,0.23068061470985413 | 0.0946463942527771,-2.4206595420837402,1.907030799941367e-08 | 177.8 | -0.03678494691848755,-0.0006108421948738396,-0.09026625752449036 | 0.10213560611009598,-2.911991834640503,-2.86054591924767e-06 | 0,0
1980 | 66.00000344216824 | 136.0508575439453,220.64752197265625,0.2306194305419922 | 0.12184037268161774,-3.1579906940460205,3.2419524131910293e-07 | 177.8 | -0.0024375631473958492,0.00020755507284775376,-0.06141882389783859 | 0.05159139260649681,-1.4718817472457886,9.725856216391549e-06 | 0,0
1990 | 66.33333679288626 | 136.08387756347656,219.78121948242188,0.23083190619945526 | 0.06917420774698257,-1.7956962585449219,9.916559520206647e-07 | 177.8 | 0.09334591776132584,0.0010917439358308911,0.10882541537284851 | -0.19227346777915955,4.833075523376465,3.0893894290784374e-05 | 0,0
2000 | 66.66667014360428 | 136.10618591308594,219.19683837890625,0.23075900971889496 | 0.07322648167610168,-1.9782456159591675,-5.530388875740755e-07 | 177.9 | -0.07255024462938309,-0.00020516970835160464,-0.1739884316921234 | 0.051256339997053146,-2.09757661819458,-6.979732279432938e-05 | 0,0
2010 | 67.0000034943223 | 136.13525390625,218.4081268310547,0.23063895106315613 | 0.09467600286006927,-2.7012977600097656,-3.814061599882734e-08 | 178.0 | -0.02087453193962574,0.00028119285707361996,-0.2874167561531067 | 0.05759596452116966,-2.054900884628296,-4.805716889677569e-05 | 0,0
2020 | 67.33333684504032 | 136.16859436035156,217.42742919921875,0.23066993057727814 | 0.08600562065839767,-2.743466377258301,-5.7210922221884175e-08 | 178.2 | 0.0984782949090004,0.0011339669581502676,-0.1792377233505249 | -0.22135330736637115,5.856663703918457,-2.2884369172970764e-06 | 0,0
2030 | 67.66667019575834 | 136.18899536132812,216.76324462890625,0.23082298040390015 | 0.05184435844421387,-1.8047910928726196,-7.818825906724669e-07 | 178.4 | -0.03467691317200661,-0.0009809965267777443,-0.31847965717315674 | 0.001494884374551475,0.023664234206080437,-4.004764195997268e-05 | 0,0
2040 | 68.00000354647636 | 136.20556640625,216.1780548095703,0.2307552993297577 | 0.0451408326625824,-1.7345424890518188,-9.153747555501468e-07 | 178.5 | -0.02547932229936123,-0.0010099135106429458,-0.3595699667930603 | 0.03125164285302162,-0.810738742351532,-2.8605477382370736e-06 | 0,0
2050 | 68.33333689719439 | 136.2233123779297,215.48101806640625,0.23064620792865753 | 0.05438505485653877,-2.474789619445801,-2.288436888875367e-07 | 178.7 | -0.033738620579242706,0.0006806548335589468,-0.6453807353973389 | 0.02374347113072872,-2.3562095165252686,1.4874838598188944e-05 | 0,0
2060 | 68.6666702479124 | 136.243408203125,214.52650451660156,0.2306106835603714 | 0.052273232489824295,-3.1912081241607666,1.7163276311293885e-07 | 179.1 | 0.000512106460519135,0.0005719170439988375,-0.9165850877761841 | 0.007115005981177092,-1.72952401638031,2.8033347916789353e-05 | 0,0
2070 | 69.00000359863043 | 136.258056640625,213.60073852539062,0.23080185055732727 | 0.02501770108938217,-2.069626569747925,-1.1251480600549257e-06 | 179.3 | 0.09813885390758514,-0.0027913812082260847,-0.4011348485946655 | -0.08718659728765488,5.27655553817749,-5.0917715270770714e-05 | 0,0
2080 | 69.33333694934845 | 136.26541137695312,213.0048370361328,0.23078784346580505 | 0.0165129192173481,-1.8930734395980835,5.7210922221884175e-08 | 179.5 | -0.06982183456420898,0.0013094639871269464,-0.6058332324028015 | 0.019888298586010933,-1.8591891527175903,-7.437420208589174e-06 | 0,0
2090 | 69.66667030006647 | 136.2720947265625,212.31219482421875,0.2307053655385971 | 0.013139662332832813,-2.0968713760375977,1.3730621049035108e-06 | 179.6 | 0.002865257440134883,-0.00019556078768800944,-0.5455543398857117 | -0.025034284219145775,0.027480123564600945,7.609052408952266e-05 | 0,0
2100 | 70.00000365078449 | 136.27670288085938,211.60174560546875,0.2306954562664032 | 0.006739204749464989,-2.350130558013916,1.029796635521052e-06 | 179.8 | -0.04274202138185501,0.0015026620822027326,-0.7126268148422241 | -0.010719028301537037,-3.0806634426116943,2.9177568649174646e-05 | 0,0
2110 | 70.33333700150251 | 136.27984619140625,210.67529296875,0.230619877576828 | -0.0008710252586752176,-3.1242809295654297,1.029796635521052e-06 | 180.0 | -0.009853758849203587,0.0007103058160282671,-0.7896915078163147 | -0.01890941523015499,-2.0586202144622803,2.803335155476816e-05 | 0,0
2120 | 70.66667035222054 | 136.27943420410156,209.51727294921875,0.23061461746692657 | -0.01198643073439598,-3.783566474914551,-4.386170644465892e-07 | 180.2 | 0.0011089107720181346,-0.0025052791461348534,-0.7422844171524048 | 0.057761479169130325,-1.9350241422653198,-2.7461241188575514e-05 | 0,0
2130 | 71.00000370293856 | 136.2740936279297,208.14466857910156,0.23061835765838623 | -0.02978750690817833,-4.414218902587891,1.7163276311293885e-07 | 180.4 | 0.0018012033542618155,0.0017617922276258469,-0.7313511967658997 | -0.1211104467511177,-1.825947642326355,-1.9451710613793693e-05 | 0,0
2140 | 71.33333705365658 | 136.2632598876953,206.58523559570312,0.23063765466213226 | -0.04503495618700981,-4.8669538497924805,-1.1823590284620877e-06 | 180.5 | 0.013260377570986748,-0.0004236692620906979,-0.5704600811004639 | -0.07395028322935104,-0.9268569350242615,-8.696059376234189e-05 | 0,0
2150 | 71.6666704043746 | 136.2478485107422,204.93997192382812,0.23068790137767792 | -0.05417410656809807,-4.938218116760254,-7.628123199765469e-08 | 180.6 | 0.019401995465159416,0.0008900037501007318,-0.37269142270088196 | -0.11134921759366989,0.07043837755918503,-5.72109183849534e-06 | 0,0
2160 | 72.00000375509262 | 136.23045349121094,203.29551696777344,0.23071059584617615 | -0.05604751035571098,-4.989441394805908,-4.0047643778962083e-07 | 180.6 | -0.011845295317471027,0.0005950303748250008,-0.2404133677482605 | -0.05088530108332634,-1.5190600156784058,9.725856216391549e-06 | 0,0
2170 | 72.33333710581064 | 136.21145629882812,201.5880584716797,0.23149161040782928 | -0.05801697075366974,-5.156366348266602,-0.0011998274130746722 | 180.6 | 0.011462974362075329,-0.0005203077453188598,-0.04466145858168602 | -0.0009113922133110464,0.2524566352367401,-0.0005091761122457683 | 0,0
2180 | 72.66667045652866 | 136.19227600097656,199.87530517578125,0.23125922679901123 | -0.05783001333475113,-5.141739368438721,-0.0003636898472905159 | 180.6 | 0.00030726176919415593,2.6550331313046627e-05,-0.03636739403009415 | -0.003287046914920211,-0.03620624169707298,0.0018307489808648825 | 0,0
2190 | 73.00000380724669 | 136.1717987060547,198.1593475341797,0.2312016636133194 | -0.07899624109268188,-5.162726879119873,-6.933963595656678e-05 | 180.9 | -0.001954085426405072,0.007947385311126709,-0.6122567653656006 | -0.16547171771526337,-0.06925105303525925,0.0003552798298187554 | 0,0
2200 | 73.3333371579647 | 136.12388610839844,196.43646240234375,0.231184184551239 | -0.34363099932670593,-5.1681928634643555,-1.2414769116730895e-05 | 183.8 | 0.001576844835653901,0.07528117299079895,-7.074033260345459 | -2.2081069946289062,0.14735697209835052,7.895111048128456e-05 | 0,0
2210 | 73.66667050868273 | 135.9149169921875,194.72750854492188,0.23117484152317047 | -1.1625025272369385,-5.021258354187012,-1.2777105666827993e-06 | 193.0 | 0.01681370660662651,0.10011819005012512,-21.435766220092773 | -4.0135498046875,1.180658221244812,3.2038115023169667e-05 | 0,0
2220 | 74.00000385940075 | 135.41542053222656,193.09567260742188,0.23117728531360626 | -2.177532196044922,-4.644636631011963,-3.623358395543619e-07 | 205.1 | 0.020781179890036583,0.05988891050219536,-31.089059829711914 | -3.89068341255188,1.9760369062423706,6.979732279432938e-05 | 0,0
2230 | 74.33333721011877 | 134.62498474121094,191.58279418945312,0.23117835819721222 | -2.9704244136810303,-4.211121559143066,-1.6400463209720328e-06 | 215.2 | -0.010260093957185745,-0.015371983870863914,-31.08880043029785 | -1.2071799039840698,0.4710244834423065,-6.922521424712613e-05 | 0,0
2240 | 74.66667056083679 | 133.561767578125,190.243896484375,0.2311791181564331 | -3.764052152633667,-3.5305540561676025,-2.1549446955759777e-06 | 226.8 | -0.006577156018465757,-0.006513160187751055,-33.72243118286133 | -1.3292955160140991,0.8898496031761169,-0.00010412387200631201 | 0,0
2250 | 75.00000391155481 | 132.25315856933594,189.14134216308594,0.23118063807487488 | -4.424497604370117,-2.639376401901245,-4.958279760103323e-07 | 239.2 | 0.08687569200992584,0.06829804927110672,-36.78758239746094 | -2.564735174179077,4.969968318939209,-2.5744913727976382e-05 | 0,0
2260 | 75.33333726227283 | 130.73983764648438,188.34628295898438,0.2311825156211853 | -4.890185832977295,-1.695322871208191,8.96304470643372e-07 | 250.9 | -0.015506686642765999,-0.005141180939972401,-35.71597671508789 | -0.9533643126487732,2.264059543609619,-3.6614987038774416e-05 | 0,0
2270 | 75.66667061299086 | 129.088134765625,187.85890197753906,0.23118232190608978 | -5.141361713409424,-0.9409972429275513,-1.7163276311293885e-07 | 259.6 | -0.06798987835645676,-0.013314487412571907,-27.967838287353516 | -0.4375934302806854,0.9265905022621155,5.1489823817973956e-05 | 0,0
2280 | 76.00000396370888 | 127.3648910522461,187.55917358398438,0.23118053376674652 | -5.244536399841309,-0.5673940181732178,2.631702500366373e-06 | 263.8 | -0.040751222521066666,-0.003174844663590193,-17.49581527709961 | -0.1833486407995224,0.3857087790966034,5.091771890874952e-05 | 0,0
2290 | 76.3333373144269 | 125.6116943359375,187.3910369873047,0.23118190467357635 | -5.286843776702881,-0.2502840459346771,-2.6698430133365036e-07 | 267.3 | 0.019754385575652122,0.0035857954062521458,-12.46949291229248 | -0.07483004778623581,1.6848902702331543,4.6340843255165964e-05 | 0,0
2300 | 76.66667066514492 | 123.84742736816406,187.31298828125,0.23118434846401215 | -5.301790714263916,-0.05580109357833862,-3.623358395543619e-07 | 269.4 | 0.0163734070956707,0.0022333217784762383,-8.552702903747559 | -0.012331007979810238,1.1878677606582642,4.691295180236921e-05 | 0,0
2310 | 77.00000401586294 | 122.07930755615234,187.29400634765625,0.2311871349811554 | -5.308474540710449,0.036123160272836685,-3.432655262258777e-07 | 270.4 | -0.012236655689775944,0.001451402436941862,-4.833762168884277 | -0.017137525603175163,0.14950966835021973,-4.4624517613556236e-05 | 0,0
2320 | 77.33333736658096 | 120.30963897705078,187.3079376220703,0.23118865489959717 | -5.3126397132873535,0.10291750729084015,2.479139880051662e-07 | 271.1 | -0.0002219348680227995,0.0015551663236692548,-3.0320193767547607 | -0.008611678145825863,0.28264468908309937,2.002382097998634e-05 | 0,0
2330 | 77.66667071729898 | 118.53878021240234,187.34339904785156,0.23118965327739716 | -5.317317485809326,0.14075857400894165,6.674607675449806e-07 | 271.5 | -0.006033484824001789,0.001701749861240387,-1.800713062286377 | -0.020041463896632195,-0.04888102039694786,5.492248237715103e-05 | 0,0
2340 | 78.000004068017 | 116.76640319824219,187.3903350830078,0.23119017481803894 | -5.32300329208374,0.16171449422836304,-2.6698430133365036e-07 | 271.7 | -0.0027276796754449606,0.0016326064942404628,-1.0580936670303345 | -0.019698141142725945,-0.0049477810971438885,4.576873834594153e-06 | 0,0
2350 | 78.33333741873503 | 114.99217224121094,187.4437713623047,0.23119063675403595 | -5.329086780548096,0.17312489449977875,-2.479139880051662e-07 | 271.9 | 0.0016845455393195152,0.0014758800389245152,-0.6273128986358643 | -0.016636846587061882,0.08332549780607224,1.7163281427201582e-06 | 0,0
2360 | 78.66667076945305 | 113.21602630615234,187.50152587890625,0.2311907857656479 | -5.335343360900879,0.18209099769592285,1.220499711962475e-06 | 272.0 | 0.0006287461728788912,0.001489383284933865,-0.42373329401016235 | -0.018067358061671257,0.05016222223639488,-5.72109183849534e-06 | 0,0
2370 | 79.00000412017107 | 111.43778991699219,187.56301879882812,0.2311907559633255 | -5.34165620803833,0.1909058690071106,-4.576873777750734e-07 | 272.0 | -0.0009470023796893656,0.0015268879942595959,-0.31937670707702637 | -0.01991271786391735,0.006671994458884001,1.7163276424980722e-05 | 0,0
2380 | 79.33333747088909 | 109.6574478149414,187.626220703125,0.23119129240512848 | -5.34847354888916,0.18883326649665833,3.432655262258777e-07 | 272.0 | 0.0002771200961433351,0.0014687112998217344,-0.03582548350095749 | -0.018467901274561882,0.05220651254057884,-1.3158511137589812e-05 | 0,0
2390 | 79.66667082160711 | 107.87484741210938,187.6863250732422,0.23119178414344788 | -5.355987548828125,0.1673421859741211,-9.153747555501468e-07 | 271.8 | -0.0032966549042612314,0.0015911255031824112,0.4684349000453949 | -0.02353191189467907,-0.09968250244855881,-4.004764832643559e-06 | 0,0
2400 | 80.00000417232513 | 106.08987426757812,187.73789978027344,0.23119227588176727 | -5.363602638244629,0.1310615837574005,1.1251480600549257e-06 | 271.4 | -0.002333188895136118,0.0015495276311412454,0.9507222771644592 | -0.02265929989516735,-0.1258237510919571,5.435037019196898e-05 | 0,0
2410 | 80.33333752304316 | 104.30250549316406,187.7768096923828,0.23119273781776428 | -5.371016025543213,0.08456955850124359,-1.5256246399530937e-07 | 270.9 | -0.004545261152088642,0.00157210323959589,1.333236575126648 | -0.022487638518214226,-0.22475792467594147,3.4326549211982638e-06 | 0,0
2420 | 80.66667087376118 | 102.51277160644531,187.80165100097656,0.23119288682937622 | -5.377989768981934,0.04195944219827652,2.0977338976990723e-07 | 270.4 | -0.0040903775952756405,0.0015464716125279665,1.392853021621704 | -0.02062797360122204,-0.22800016403198242,1.3158511137589812e-05 | 0,0
2430 | 81.0000042244792 | 100.5414047241211,187.81369018554688,0.23119258880615234 | -5.385243892669678,0.004779011011123657,7.818825906724669e-07 | 270.1 | 0.0017543231369927526,0.0014931350015103817,1.178841233253479 | -0.0195693951100111,-0.04454222694039345,-3.489866139716469e-05 | 0,0
2440 | 81.33333757519722 | 98.92647552490234,187.81356811523438,0.23119239509105682 | -5.3909783363342285,-0.02100983075797558,5.911795142310439e-07 | 269.8 | -0.0027559755835682154,0.0015110993990674615,0.994478166103363 | -0.018053052946925163,-0.17083868384361267,9.783067071111873e-05 | 0,0
